  0.000000000000000E+000
  0.000000000000000E+000
  0.000000000000000E+000
  0.000000000000000E+000
  2.210255950037183E-009
  8.173497920255566E-008
  0.000000000000000E+000
  0.000000000000000E+000
  0.000000000000000E+000
  0.000000000000000E+000
  0.000000000000000E+000
  4.788225502150069E-009
  8.846923895718709E-008
  0.000000000000000E+000
  0.000000000000000E+000
  0.000000000000000E+000
 -2.961118540110015E-010
 -1.095017806820621E-008
  0.000000000000000E+000
  0.000000000000000E+000
  4.508495613504407E-009
  5.546613066308156E-008
  0.000000000000000E+000
  0.000000000000000E+000
  0.000000000000000E+000
  0.000000000000000E+000
  0.000000000000000E+000
  4.165582211368662E-010
  7.696502344927173E-009
  0.000000000000000E+000
  0.000000000000000E+000
  3.048995778970570E-009
  2.808474438252894E-008
  0.000000000000000E+000
  0.000000000000000E+000
  0.000000000000000E+000
 -2.283570117905393E-010
 -8.444612764934988E-009
  0.000000000000000E+000
  0.000000000000000E+000
  1.139890369012749E-009
  1.402359313822303E-008
  0.000000000000000E+000
  0.000000000000000E+000
  1.727604404894462E-009
  1.270249298508942E-008
  0.000000000000000E+000
  0.000000000000000E+000
  0.000000000000000E+000
  0.000000000000000E+000
  0.000000000000000E+000
 -3.423953562579366E-010
 -6.326238515085151E-009
  0.000000000000000E+000
  0.000000000000000E+000
  1.246479761624237E-009
  1.148150670612982E-008
  0.000000000000000E+000
  0.000000000000000E+000
  8.771600338788611E-010
  5.360016574760295E-009
  0.000000000000000E+000
  0.000000000000000E+000
  0.000000000000000E+000
 -2.209381146674968E-011
 -8.170262908735066E-010
  0.000000000000000E+000
  0.000000000000000E+000
 -1.373200151134943E-010
 -1.689390553719849E-009
  0.000000000000000E+000
  0.000000000000000E+000
  9.719433160982537E-010
  7.146371657576793E-009
  0.000000000000000E+000
  0.000000000000000E+000
  4.133744329190087E-010
  2.158183671641559E-009
  0.000000000000000E+000
  0.000000000000000E+000
  0.000000000000000E+000
  0.000000000000000E+000
  0.000000000000000E+000
 -1.122750146202158E-010
 -2.074439704833752E-009
  0.000000000000000E+000
  0.000000000000000E+000
  9.436359188968652E-011
  8.691967944061249E-010
  0.000000000000000E+000
  0.000000000000000E+000
  6.281670964845278E-010
  3.838508275379235E-009
  0.000000000000000E+000
  0.000000000000000E+000
  1.845929782461696E-010
  8.401363217881790E-010
  0.000000000000000E+000
  0.000000000000000E+000
  0.000000000000000E+000
  1.289022486166611E-011
  4.766788484233277E-010
  0.000000000000000E+000
  0.000000000000000E+000
 -1.411585962573619E-010
 -1.736615007626085E-009
  0.000000000000000E+000
  0.000000000000000E+000
  1.999539228486453E-010
  1.470193810070333E-009
  0.000000000000000E+000
  0.000000000000000E+000
  3.596413246013237E-010
  1.877648864060709E-009
  0.000000000000000E+000
  0.000000000000000E+000
  7.914118401696378E-011
  3.188161834968736E-010
  0.000000000000000E+000
  0.000000000000000E+000
  0.000000000000000E+000
  0.000000000000000E+000
  0.000000000000000E+000
  3.488002196446414E-012
  6.444577425645800E-011
  0.000000000000000E+000
  0.000000000000000E+000
 -9.497700624551138E-011
 -8.748470434169274E-010
  0.000000000000000E+000
  0.000000000000000E+000
  1.976362990785268E-010
  1.207685938620261E-009
  0.000000000000000E+000
  0.000000000000000E+000
  1.890920680333504E-010
  8.606129876996178E-010
  0.000000000000000E+000
  0.000000000000000E+000
  3.286668967148649E-011
  1.185938270737699E-010
  0.000000000000000E+000
  0.000000000000000E+000
  0.000000000000000E+000
  3.962858245881639E-012
  1.465459854567323E-010
  0.000000000000000E+000
  0.000000000000000E+000
 -2.248524340700156E-011
 -2.766265192913601E-010
  0.000000000000000E+000
  0.000000000000000E+000
 -3.269090689347271E-011
 -2.403652215252768E-010
  0.000000000000000E+000
  0.000000000000000E+000
  1.490099898259693E-010
  7.779652086439101E-010
  0.000000000000000E+000
  0.000000000000000E+000
  9.332515038723262E-011
  3.759555614471567E-010
  0.000000000000000E+000
  0.000000000000000E+000
  1.330429834918171E-011
  4.341069361431987E-011
  0.000000000000000E+000
  0.000000000000000E+000
  0.000000000000000E+000
  0.000000000000000E+000
  0.000000000000000E+000
  9.452918050348217E-012
  1.746560318563574E-010
  0.000000000000000E+000
  0.000000000000000E+000
 -3.471486509595250E-011
 -3.197636806250402E-010
  0.000000000000000E+000
  0.000000000000000E+000
  8.613744867387643E-012
  5.263556646082919E-011
  0.000000000000000E+000
  0.000000000000000E+000
  9.630809071537341E-011
  4.383261262740107E-010
  0.000000000000000E+000
  0.000000000000000E+000
  4.386145871778656E-011
  1.582665702681391E-010
  0.000000000000000E+000
  0.000000000000000E+000
  5.273477933545864E-012
  1.568068575446053E-011
  0.000000000000000E+000
  0.000000000000000E+000
  0.000000000000000E+000
 -3.044732570155538E-013
 -1.125938167002012E-011
  0.000000000000000E+000
  0.000000000000000E+000
  6.503343883040506E-012
  8.000791228078625E-011
  0.000000000000000E+000
  0.000000000000000E+000
 -2.935765263474454E-011
 -2.158569262702763E-010
  0.000000000000000E+000
  0.000000000000000E+000
  2.468096329153878E-011
  1.288566677916340E-010
  0.000000000000000E+000
  0.000000000000000E+000
  5.614660775336578E-011
  2.261837173975035E-010
  0.000000000000000E+000
  0.000000000000000E+000
  1.982646238961314E-011
  6.469191096388050E-011
  0.000000000000000E+000
  0.000000000000000E+000
  2.053842493392181E-012
  5.601177932787592E-012
  0.000000000000000E+000
  0.000000000000000E+000
  0.000000000000000E+000
  0.000000000000000E+000
  0.000000000000000E+000
  1.502677106844822E-012
  2.776408504177697E-011
  0.000000000000000E+000
  0.000000000000000E+000
 -5.643225645911591E-013
 -5.198057368664559E-012
  0.000000000000000E+000
  0.000000000000000E+000
 -1.700114640114537E-011
 -1.038880283875426E-010
  0.000000000000000E+000
  0.000000000000000E+000
  2.500656415398889E-011
  1.138121451232798E-010
  0.000000000000000E+000
  0.000000000000000E+000
  3.036477298736628E-011
  1.095660887295345E-010
  0.000000000000000E+000
  0.000000000000000E+000
  8.681641627246732E-012
  2.581485992770843E-011
  0.000000000000000E+000
  0.000000000000000E+000
  7.880534334526554E-013
  1.981700182438552E-012
  0.000000000000000E+000
  0.000000000000000E+000
  0.000000000000000E+000
 -3.667406242201219E-013
 -1.356202085684664E-011
  0.000000000000000E+000
  0.000000000000000E+000
  3.150511089727863E-012
  3.875941660779678E-011
  0.000000000000000E+000
  0.000000000000000E+000
 -5.259904580597596E-012
 -3.867430578897244E-011
  0.000000000000000E+000
  0.000000000000000E+000
 -6.296760475601541E-012
 -3.287471251355694E-011
  0.000000000000000E+000
  0.000000000000000E+000
  1.914497385139400E-011
  7.712454106237467E-011
  0.000000000000000E+000
  0.000000000000000E+000
  1.550224720730470E-011
  5.058239722071496E-011
  0.000000000000000E+000
  0.000000000000000E+000
  3.702343668150809E-012
  1.009692112170832E-011
  0.000000000000000E+000
  0.000000000000000E+000
  2.985182749456074E-013
  6.953219538476289E-013
  0.000000000000000E+000
  0.000000000000000E+000
  0.000000000000000E+000
  0.000000000000000E+000
  0.000000000000000E+000
 -4.793065927294225E-013
 -8.855867265845599E-012
  0.000000000000000E+000
  0.000000000000000E+000
  2.738282704110331E-012
  2.522272097665761E-011
  0.000000000000000E+000
  0.000000000000000E+000
 -6.050194273895226E-012
 -3.697061007805056E-011
  0.000000000000000E+000
  0.000000000000000E+000
 -6.258490219925338E-014
 -2.848420889343448E-013
  0.000000000000000E+000
  0.000000000000000E+000
  1.261671953933361E-011
  4.552527407656898E-011
  0.000000000000000E+000
  0.000000000000000E+000
  7.559952585343921E-012
  2.247951774893444E-011
  0.000000000000000E+000
  0.000000000000000E+000
  1.544006011607312E-012
  3.882677067544488E-012
  0.000000000000000E+000
  0.000000000000000E+000
  1.118253874108267E-013
  2.421899100236538E-013
  0.000000000000000E+000
  0.000000000000000E+000
  0.000000000000000E+000
 -3.995987321614110E-014
 -1.477710943927961E-012
  0.000000000000000E+000
  0.000000000000000E+000
  9.553304146721302E-014
  1.175302942454235E-012
  0.000000000000000E+000
  0.000000000000000E+000
  1.171643414652845E-012
  8.614699183156024E-012
  0.000000000000000E+000
  0.000000000000000E+000
 -4.537093916437319E-012
 -2.368768174171320E-011
  0.000000000000000E+000
  0.000000000000000E+000
  2.405540052252919E-012
  9.690594198645231E-012
  0.000000000000000E+000
  0.000000000000000E+000
  7.533555586032842E-012
  2.458129431440463E-011
  0.000000000000000E+000
  0.000000000000000E+000
  3.551321659191455E-012
  9.685058407347763E-012
  0.000000000000000E+000
  0.000000000000000E+000
  6.317002334610590E-013
  1.471384089677728E-012
  0.000000000000000E+000
  0.000000000000000E+000
  4.148162087241794E-014
  8.381012211935360E-014
  0.000000000000000E+000
  0.000000000000000E+000
  0.000000000000000E+000
  0.000000000000000E+000
  0.000000000000000E+000
 -2.092291853982154E-013
 -3.865805148808332E-012
  0.000000000000000E+000
  0.000000000000000E+000
  6.326313374561036E-013
  5.827259428604016E-012
  0.000000000000000E+000
  0.000000000000000E+000
 -1.863372864839505E-013
 -1.138641645176008E-012
  0.000000000000000E+000
  0.000000000000000E+000
 -2.551339912441596E-012
 -1.161188984560671E-011
  0.000000000000000E+000
  0.000000000000000E+000
  2.726775640881527E-012
  9.839103422229845E-012
  0.000000000000000E+000
  0.000000000000000E+000
  4.186814549670202E-012
  1.244949236366947E-011
  0.000000000000000E+000
  0.000000000000000E+000
  1.616996807540805E-012
  4.066225374352723E-012
  0.000000000000000E+000
  0.000000000000000E+000
  2.541985343002260E-013
  5.505397424602178E-013
  0.000000000000000E+000
  0.000000000000000E+000
  1.525472052328321E-014
  2.883305529358272E-014
  0.000000000000000E+000
  0.000000000000000E+000
  0.000000000000000E+000
  2.269492015557842E-014
  8.392552124464100E-013
  0.000000000000000E+000
  0.000000000000000E+000
 -2.391639941897520E-013
 -2.942334314786708E-012
  0.000000000000000E+000
  0.000000000000000E+000
  7.130117408824356E-013
  5.242535045171941E-012
  0.000000000000000E+000
  0.000000000000000E+000
 -8.082936647500170E-013
 -4.220014713597618E-012
  0.000000000000000E+000
  0.000000000000000E+000
 -1.038526843096056E-012
 -4.183651896137246E-012
  0.000000000000000E+000
  0.000000000000000E+000
  2.185406469077496E-012
  7.130778952891538E-012
  0.000000000000000E+000
  0.000000000000000E+000
  2.201442517284068E-012
  6.003708311033654E-012
  0.000000000000000E+000
  0.000000000000000E+000
  7.170348182095818E-013
  1.670149173881169E-012
  0.000000000000000E+000
  0.000000000000000E+000
  1.008171234989403E-013
  2.036925070911883E-013
  0.000000000000000E+000
  0.000000000000000E+000
  5.566628555627495E-015
  9.866690083463812E-015
  0.000000000000000E+000
  0.000000000000000E+000
  0.000000000000000E+000
  0.000000000000000E+000
  0.000000000000000E+000
  1.139671755811599E-015
  2.105704771899753E-014
  0.000000000000000E+000
  0.000000000000000E+000
 -9.595139051538966E-014
 -8.838222389052857E-013
  0.000000000000000E+000
  0.000000000000000E+000
  4.688232116012097E-013
  2.864813817038883E-012
  0.000000000000000E+000
  0.000000000000000E+000
 -8.396915137858499E-013
 -3.821680253128871E-012
  0.000000000000000E+000
  0.000000000000000E+000
 -1.823019763182109E-013
 -6.578054945631036E-013
  0.000000000000000E+000
  0.000000000000000E+000
  1.487598715794006E-012
  4.423374532819421E-012
  0.000000000000000E+000
  0.000000000000000E+000
  1.107192094040956E-012
  2.784230968240373E-012
  0.000000000000000E+000
  0.000000000000000E+000
  3.108125812102792E-013
  6.731536779863710E-013
  0.000000000000000E+000
  0.000000000000000E+000
  3.947602390799200E-014
  7.461390990421810E-014
  0.000000000000000E+000
  0.000000000000000E+000
  2.017259191468638E-015
  3.359941033126334E-015
  0.000000000000000E+000
  0.000000000000000E+000
  0.000000000000000E+000
  7.254577771780202E-015
  2.682733478387988E-013
  0.000000000000000E+000
  0.000000000000000E+000
 -5.333974924210962E-014
 -6.562165641614892E-013
  0.000000000000000E+000
  0.000000000000000E+000
  5.960046209669476E-014
  4.382221123975811E-013
  0.000000000000000E+000
  0.000000000000000E+000
  1.725708605137938E-013
  9.009739928589413E-013
  0.000000000000000E+000
  0.000000000000000E+000
 -6.066205868272145E-013
 -2.443739788925313E-012
  0.000000000000000E+000
  0.000000000000000E+000
  1.786122869089068E-013
  5.827953537714749E-013
  0.000000000000000E+000
  0.000000000000000E+000
  9.142772612203323E-013
  2.493389651947670E-012
  0.000000000000000E+000
  0.000000000000000E+000
  5.367970066870748E-013
  1.250331301184334E-012
  0.000000000000000E+000
  0.000000000000000E+000
  1.320912673052480E-013
  2.668792801094341E-013
  0.000000000000000E+000
  0.000000000000000E+000
  1.528214372060702E-014
  2.708715985217176E-014
  0.000000000000000E+000
  0.000000000000000E+000
  7.264456660854254E-016
  1.139020018906627E-015
  0.000000000000000E+000
  0.000000000000000E+000
  0.000000000000000E+000
  0.000000000000000E+000
  0.000000000000000E+000
  1.741208015177148E-014
  3.217128096784266E-013
  0.000000000000000E+000
  0.000000000000000E+000
 -7.178166087894173E-014
 -6.611913375075730E-013
  0.000000000000000E+000
  0.000000000000000E+000
  1.271024593877307E-013
  7.766784425734963E-013
  0.000000000000000E+000
  0.000000000000000E+000
 -2.331361694392895E-014
 -1.061070500960498E-013
  0.000000000000000E+000
  0.000000000000000E+000
 -3.443066443605311E-013
 -1.242371624569645E-012
  0.000000000000000E+000
  0.000000000000000E+000
  2.619222143818817E-013
  7.788256607276218E-013
  0.000000000000000E+000
  0.000000000000000E+000
  5.225364388612317E-013
  1.314010588628315E-012
  0.000000000000000E+000
  0.000000000000000E+000
  2.523369236471860E-013
  5.465078909000946E-013
  0.000000000000000E+000
  0.000000000000000E+000
  5.517142823550759E-014
  1.042799030031834E-013
  0.000000000000000E+000
  0.000000000000000E+000
  5.856022059050718E-015
  9.753769710488090E-015
  0.000000000000000E+000
  0.000000000000000E+000
  2.601147923763610E-016
  3.845072915833388E-016
  0.000000000000000E+000
  0.000000000000000E+000
  0.000000000000000E+000
 -5.930536413693176E-016
 -2.193104696138990E-014
  0.000000000000000E+000
  0.000000000000000E+000
  9.775357158629155E-015
  1.202621193176967E-013
  0.000000000000000E+000
  0.000000000000000E+000
 -4.701628080193767E-014
 -3.456948682041849E-013
  0.000000000000000E+000
  0.000000000000000E+000
  1.133909785287769E-013
  5.920021629157022E-013
  0.000000000000000E+000
  0.000000000000000E+000
 -1.008176268308265E-013
 -4.061386169367574E-013
  0.000000000000000E+000
  0.000000000000000E+000
 -1.523124317500343E-013
 -4.969813615644550E-013
  0.000000000000000E+000
  0.000000000000000E+000
  2.271140897272566E-013
  6.193787653133244E-013
  0.000000000000000E+000
  0.000000000000000E+000
  2.825097468395063E-013
  6.580341823882306E-013
  0.000000000000000E+000
  0.000000000000000E+000
  1.155222086349344E-013
  2.334028924802239E-013
  0.000000000000000E+000
  0.000000000000000E+000
  2.269246567546725E-014
  4.022174105132014E-014
  0.000000000000000E+000
  0.000000000000000E+000
  2.223443293974367E-015
  3.486213075952548E-015
  0.000000000000000E+000
  0.000000000000000E+000
  9.265309634557303E-017
  1.292891813171103E-016
  0.000000000000000E+000
  0.000000000000000E+000
  0.000000000000000E+000
  0.000000000000000E+000
  0.000000000000000E+000
  3.041125402858254E-015
  5.618909340204630E-014
  0.000000000000000E+000
  0.000000000000000E+000
 -6.133062855720356E-015
 -5.649253560604544E-014
  0.000000000000000E+000
  0.000000000000000E+000
 -1.081044251413563E-014
 -6.605881347012185E-014
  0.000000000000000E+000
  0.000000000000000E+000
  6.668482830016073E-014
  3.035020448589086E-013
  0.000000000000000E+000
  0.000000000000000E+000
 -1.024963720990167E-013
 -3.698406243520123E-013
  0.000000000000000E+000
  0.000000000000000E+000
 -4.275875968947266E-014
 -1.271431647786960E-013
  0.000000000000000E+000
  0.000000000000000E+000
  1.617511106461989E-013
  4.067518671764151E-013
  0.000000000000000E+000
  0.000000000000000E+000
  1.460998628914616E-013
  3.164211039413804E-013
  0.000000000000000E+000
  0.000000000000000E+000
  5.168758032118239E-014
  9.769505743695628E-014
  0.000000000000000E+000
  0.000000000000000E+000
  9.206528382450345E-015
  1.533435993400806E-014
  0.000000000000000E+000
  0.000000000000000E+000
  8.371982655891440E-016
  1.237561410841131E-015
  0.000000000000000E+000
  0.000000000000000E+000
  3.284507667036210E-017
  4.331091113010040E-017
  0.000000000000000E+000
  0.000000000000000E+000
