OPTIMAL FLOW WITH TARGET RMS   1.30E+01     LMAX_U  25 LMAX_B  1
  1   0     0.00000E+00      0.00000E+00      0.00000E+00      0.00000E+00
  1   1     1.39647E-03     -3.77628E-05      0.00000E+00      0.00000E+00
  2   0    -1.13993E-03      0.00000E+00      0.00000E+00      0.00000E+00
  2   1     0.00000E+00      0.00000E+00      1.21124E-05      4.47916E-04
  2   2     8.67274E-04     -4.69395E-05      0.00000E+00      0.00000E+00
  3   0     0.00000E+00      0.00000E+00      0.00000E+00      0.00000E+00
  3   1     6.64903E-04     -1.79801E-05      0.00000E+00      0.00000E+00
  3   2     0.00000E+00      0.00000E+00      1.83680E-05      3.39375E-04
  3   3     4.02102E-04     -3.26843E-05      0.00000E+00      0.00000E+00
  4   0    -1.17433E-03      0.00000E+00      0.00000E+00      0.00000E+00
  4   1     0.00000E+00      0.00000E+00     -8.76271E-07     -3.24044E-05
  4   2     8.94924E-04     -4.84360E-05      0.00000E+00      0.00000E+00
  4   3     0.00000E+00      0.00000E+00      1.33418E-05      1.64139E-04
  4   4     1.66220E-04     -1.80455E-05      0.00000E+00      0.00000E+00
  5   0     0.00000E+00      0.00000E+00      0.00000E+00      0.00000E+00
  5   1    -6.65512E-04      1.79966E-05      0.00000E+00      0.00000E+00
  5   2     0.00000E+00      0.00000E+00      1.00442E-06      1.85582E-05
  5   3     5.75422E-04     -4.67725E-05      0.00000E+00      0.00000E+00
  5   4     0.00000E+00      0.00000E+00      7.35188E-06      6.77193E-05
  5   5     6.46446E-05     -8.79200E-06      0.00000E+00      0.00000E+00
  6   0    -1.87438E-04      0.00000E+00      0.00000E+00      0.00000E+00
  6   1     0.00000E+00      0.00000E+00     -4.64813E-07     -1.71887E-05
  6   2    -4.01754E-05      2.17442E-06      0.00000E+00      0.00000E+00
  6   3     0.00000E+00      0.00000E+00      2.32021E-06      2.85446E-05
  6   4     2.95998E-04     -3.21348E-05      0.00000E+00      0.00000E+00
  6   5     0.00000E+00      0.00000E+00      3.51648E-06      2.58555E-05
  6   6     2.42074E-05     -3.96152E-06      0.00000E+00      0.00000E+00
  7   0     0.00000E+00      0.00000E+00      0.00000E+00      0.00000E+00
  7   1    -3.77756E-04      1.02152E-05      0.00000E+00      0.00000E+00
  7   2     0.00000E+00      0.00000E+00     -6.03117E-07     -1.11434E-05
  7   3     1.35748E-04     -1.10341E-05      0.00000E+00      0.00000E+00
  7   4     0.00000E+00      0.00000E+00      2.19563E-06      2.02242E-05
  7   5     1.36188E-04     -1.85222E-05      0.00000E+00      0.00000E+00
  7   6     0.00000E+00      0.00000E+00      1.54508E-06      9.44147E-06
  7   7     8.83403E-06     -1.69205E-06      0.00000E+00      0.00000E+00
  8   0     1.23473E-04      0.00000E+00      0.00000E+00      0.00000E+00
  8   1     0.00000E+00      0.00000E+00     -3.43050E-08     -1.26859E-06
  8   2    -2.07487E-04      1.12298E-05      0.00000E+00      0.00000E+00
  8   3     0.00000E+00      0.00000E+00     -2.13216E-07     -2.62311E-06
  8   4     1.27230E-04     -1.38127E-05      0.00000E+00      0.00000E+00
  8   5     0.00000E+00      0.00000E+00      1.50913E-06      1.10961E-05
  8   6     5.85580E-05     -9.58294E-06      0.00000E+00      0.00000E+00
  8   7     0.00000E+00      0.00000E+00      6.41845E-07      3.35101E-06
  8   8     3.16382E-06     -6.95148E-07      0.00000E+00      0.00000E+00
  9   0     0.00000E+00      0.00000E+00      0.00000E+00      0.00000E+00
  9   1    -8.40793E-06      2.27365E-07      0.00000E+00      0.00000E+00
  9   2     0.00000E+00      0.00000E+00     -1.55871E-07     -2.87993E-06
  9   3    -6.78767E-05      5.51728E-06      0.00000E+00      0.00000E+00
  9   4     0.00000E+00      0.00000E+00      1.31004E-07      1.20670E-06
  9   5     8.09416E-05     -1.10085E-05      0.00000E+00      0.00000E+00
  9   6     0.00000E+00      0.00000E+00      8.72080E-07      5.32898E-06
  9   7     2.40517E-05     -4.60683E-06      0.00000E+00      0.00000E+00
  9   8     0.00000E+00      0.00000E+00      2.56269E-07      1.16636E-06
  9   9     1.11696E-06     -2.77268E-07      0.00000E+00      0.00000E+00
 10   0     5.14948E-05      0.00000E+00      0.00000E+00      0.00000E+00
 10   1     0.00000E+00      0.00000E+00      1.61829E-08      5.98443E-07
 10   2    -5.76473E-05      3.12005E-06      0.00000E+00      0.00000E+00
 10   3     0.00000E+00      0.00000E+00     -1.77217E-07     -2.18022E-06
 10   4    -4.29057E-06      4.65802E-07      0.00000E+00      0.00000E+00
 10   5     0.00000E+00      0.00000E+00      2.51031E-07      1.84574E-06
 10   6     4.36039E-05     -7.13572E-06      0.00000E+00      0.00000E+00
 10   7     0.00000E+00      0.00000E+00      4.51509E-07      2.35728E-06
 10   8     9.55586E-06     -2.09959E-06      0.00000E+00      0.00000E+00
 10   9     0.00000E+00      0.00000E+00      9.93572E-08      4.00255E-07
 10  10     3.89880E-07     -1.08050E-07      0.00000E+00      0.00000E+00
 11   0     0.00000E+00      0.00000E+00      0.00000E+00      0.00000E+00
 11   1     4.37018E-05     -1.18177E-06      0.00000E+00      0.00000E+00
 11   2     0.00000E+00      0.00000E+00      3.99669E-09      7.38446E-08
 11   3    -4.42569E-05      3.59736E-06      0.00000E+00      0.00000E+00
 11   4     0.00000E+00      0.00000E+00     -1.08829E-07     -1.00244E-06
 11   5     1.34874E-05     -1.83435E-06      0.00000E+00      0.00000E+00
 11   6     0.00000E+00      0.00000E+00      2.26460E-07      1.38382E-06
 11   7     2.13241E-05     -4.08437E-06      0.00000E+00      0.00000E+00
 11   8     0.00000E+00      0.00000E+00      2.16669E-07      9.86125E-07
 11   9     3.70148E-06     -9.18834E-07      0.00000E+00      0.00000E+00
 11  10     0.00000E+00      0.00000E+00      3.76600E-08      1.35890E-07
 11  11     1.34834E-07     -4.13234E-08      0.00000E+00      0.00000E+00
 12   0    -3.22077E-06      0.00000E+00      0.00000E+00      0.00000E+00
 12   1     0.00000E+00      0.00000E+00      4.17632E-09      1.54440E-07
 12   2     1.02425E-05     -5.54357E-07      0.00000E+00      0.00000E+00
 12   3     0.00000E+00      0.00000E+00     -2.36965E-08     -2.91527E-07
 12   4    -2.19190E-05      2.37962E-06      0.00000E+00      0.00000E+00
 12   5     0.00000E+00      0.00000E+00     -3.44519E-08     -2.53313E-07
 12   6     1.33259E-05     -2.18077E-06      0.00000E+00      0.00000E+00
 12   7     0.00000E+00      0.00000E+00      1.57037E-07      8.19872E-07
 12   8     9.77632E-06     -2.14803E-06      0.00000E+00      0.00000E+00
 12   9     0.00000E+00      0.00000E+00      9.83523E-08      3.96207E-07
 12  10     1.40525E-06     -3.89446E-07      0.00000E+00      0.00000E+00
 12  11     0.00000E+00      0.00000E+00      1.40210E-08      4.57491E-08
 12  12     4.62710E-08     -1.55611E-08      0.00000E+00      0.00000E+00
 13   0     0.00000E+00      0.00000E+00      0.00000E+00      0.00000E+00
 13   1     1.04224E-05     -2.81839E-07      0.00000E+00      0.00000E+00
 13   2     0.00000E+00      0.00000E+00      9.22207E-09      1.70391E-07
 13   3    -4.51052E-06      3.66632E-07      0.00000E+00      0.00000E+00
 13   4     0.00000E+00      0.00000E+00     -3.38671E-08     -3.11955E-07
 13   5    -7.47946E-06      1.01724E-06      0.00000E+00      0.00000E+00
 13   6     0.00000E+00      0.00000E+00      8.40339E-09      5.13502E-08
 13   7     8.96282E-06     -1.71672E-06      0.00000E+00      0.00000E+00
 13   8     0.00000E+00      0.00000E+00      9.39562E-08      4.27622E-07
 13   9     4.27762E-06     -1.06185E-06      0.00000E+00      0.00000E+00
 13  10     0.00000E+00      0.00000E+00      4.27903E-08      1.54402E-07
 13  11     5.24828E-07     -1.60847E-07      0.00000E+00      0.00000E+00
 13  12     0.00000E+00      0.00000E+00      5.14470E-09      1.52978E-08
 13  13     1.57743E-08     -5.78415E-09      0.00000E+00      0.00000E+00
 14   0    -6.29897E-06      0.00000E+00      0.00000E+00      0.00000E+00
 14   1     0.00000E+00      0.00000E+00     -2.76502E-10     -1.02250E-08
 14   2     8.83667E-06     -4.78268E-07      0.00000E+00      0.00000E+00
 14   3     0.00000E+00      0.00000E+00      5.90589E-09      7.26577E-08
 14   4    -6.68102E-06      7.25319E-07      0.00000E+00      0.00000E+00
 14   5     0.00000E+00      0.00000E+00     -2.66606E-08     -1.96027E-07
 14   6    -9.92122E-07      1.62359E-07      0.00000E+00      0.00000E+00
 14   7     0.00000E+00      0.00000E+00      2.24136E-08      1.17019E-07
 14   8     5.11019E-06     -1.12280E-06      0.00000E+00      0.00000E+00
 14   9     0.00000E+00      0.00000E+00      5.09885E-08      2.05405E-07
 14  10     1.80618E-06     -5.00560E-07      0.00000E+00      0.00000E+00
 14  11     0.00000E+00      0.00000E+00      1.80050E-08      5.87488E-08
 14  12     1.93350E-07     -6.50243E-08      0.00000E+00      0.00000E+00
 14  13     0.00000E+00      0.00000E+00      1.86516E-09      5.08661E-09
 14  14     5.34697E-09     -2.12631E-09      0.00000E+00      0.00000E+00
 15   0     0.00000E+00      0.00000E+00      0.00000E+00      0.00000E+00
 15   1    -2.54749E-06      6.88885E-08      0.00000E+00      0.00000E+00
 15   2     0.00000E+00      0.00000E+00      1.27640E-09      2.35833E-08
 15   3     3.82447E-06     -3.10867E-07      0.00000E+00      0.00000E+00
 15   4     0.00000E+00      0.00000E+00     -4.79345E-10     -4.41532E-09
 15   5    -4.56870E-06      6.21367E-07      0.00000E+00      0.00000E+00
 15   6     0.00000E+00      0.00000E+00     -1.44411E-08     -8.82442E-08
 15   7     1.02678E-06     -1.96668E-07      0.00000E+00      0.00000E+00
 15   8     0.00000E+00      0.00000E+00      2.12410E-08      9.66739E-08
 15   9     2.64308E-06     -6.56104E-07      0.00000E+00      0.00000E+00
 15  10     0.00000E+00      0.00000E+00      2.57923E-08      9.30673E-08
 15  11     7.41426E-07     -2.27229E-07      0.00000E+00      0.00000E+00
 15  12     0.00000E+00      0.00000E+00      7.37433E-09      2.19276E-08
 15  13     7.04075E-08     -2.58171E-08      0.00000E+00      0.00000E+00
 15  14     0.00000E+00      0.00000E+00      6.69386E-10      1.68329E-09
 15  15     1.80333E-09     -7.74212E-10      0.00000E+00      0.00000E+00
 16   0    -9.22843E-07      0.00000E+00      0.00000E+00      0.00000E+00
 16   1     0.00000E+00      0.00000E+00     -2.92600E-10     -1.08203E-08
 16   2     8.38115E-07     -4.53614E-08      0.00000E+00      0.00000E+00
 16   3     0.00000E+00      0.00000E+00      2.51360E-09      3.09238E-08
 16   4     6.01333E-07     -6.52832E-08      0.00000E+00      0.00000E+00
 16   5     0.00000E+00      0.00000E+00     -4.19656E-09     -3.08559E-08
 16   6    -2.26575E-06      3.70787E-07      0.00000E+00      0.00000E+00
 16   7     0.00000E+00      0.00000E+00     -5.02380E-09     -2.62287E-08
 16   8     1.21160E-06     -2.66211E-07      0.00000E+00      0.00000E+00
 16   9     0.00000E+00      0.00000E+00      1.52746E-08      6.15330E-08
 16  10     1.27947E-06     -3.54589E-07      0.00000E+00      0.00000E+00
 16  11     0.00000E+00      0.00000E+00      1.23683E-08      4.03566E-08
 16  12     2.97425E-07     -1.00025E-07      0.00000E+00      0.00000E+00
 16  13     0.00000E+00      0.00000E+00      2.95387E-09      8.05572E-09
 16  14     2.53822E-08     -1.00936E-08      0.00000E+00      0.00000E+00
 16  15     0.00000E+00      0.00000E+00      2.38170E-10      5.54755E-10
 16  16     6.05462E-10     -2.79558E-10      0.00000E+00      0.00000E+00
 17   0     0.00000E+00      0.00000E+00      0.00000E+00      0.00000E+00
 17   1    -1.60885E-06      4.35060E-08      0.00000E+00      0.00000E+00
 17   2     0.00000E+00      0.00000E+00     -3.60521E-10     -6.66113E-09
 17   3     1.38633E-06     -1.12686E-07      0.00000E+00      0.00000E+00
 17   4     0.00000E+00      0.00000E+00      2.05966E-09      1.89718E-08
 17   5    -5.71047E-07      7.76653E-08      0.00000E+00      0.00000E+00
 17   6     0.00000E+00      0.00000E+00     -4.55078E-09     -2.78082E-08
 17   7    -8.39840E-07      1.60861E-07      0.00000E+00      0.00000E+00
 17   8     0.00000E+00      0.00000E+00     -4.70746E-11     -2.14250E-10
 17   9     8.81442E-07     -2.18804E-07      0.00000E+00      0.00000E+00
 17  10     0.00000E+00      0.00000E+00      9.48994E-09      3.42428E-08
 17  11     5.89905E-07     -1.80791E-07      0.00000E+00      0.00000E+00
 17  12     0.00000E+00      0.00000E+00      5.68638E-09      1.69085E-08
 17  13     1.17043E-07     -4.29175E-08      0.00000E+00      0.00000E+00
 17  14     0.00000E+00      0.00000E+00      1.16136E-09      2.92044E-09
 17  15     9.07014E-09     -3.89403E-09      0.00000E+00      0.00000E+00
 17  16     0.00000E+00      0.00000E+00      8.41119E-11      1.82168E-10
 17  17     2.02457E-10     -1.00206E-10      0.00000E+00      0.00000E+00
 18   0     4.69072E-07      0.00000E+00      0.00000E+00      0.00000E+00
 18   1     0.00000E+00      0.00000E+00     -2.84296E-11     -1.05132E-09
 18   2    -7.44760E-07      4.03087E-08      0.00000E+00      0.00000E+00
 18   3     0.00000E+00      0.00000E+00      6.79672E-11      8.36172E-10
 18   4     8.74622E-07     -9.49526E-08      0.00000E+00      0.00000E+00
 18   5     0.00000E+00      0.00000E+00      8.33569E-10      6.12895E-09
 18   6    -6.73136E-07      1.10158E-07      0.00000E+00      0.00000E+00
 18   7     0.00000E+00      0.00000E+00     -3.22793E-09     -1.68527E-08
 18   8    -1.76722E-07      3.88289E-08      0.00000E+00      0.00000E+00
 18   9     0.00000E+00      0.00000E+00      1.71143E-09      6.89440E-09
 18  10     5.33211E-07     -1.47772E-07      0.00000E+00      0.00000E+00
 18  11     0.00000E+00      0.00000E+00      5.35977E-09      1.74884E-08
 18  12     2.61885E-07     -8.80731E-08      0.00000E+00      0.00000E+00
 18  13     0.00000E+00      0.00000E+00      2.52660E-09      6.89046E-09
 18  14     4.53131E-08     -1.80195E-08      0.00000E+00      0.00000E+00
 18  15     0.00000E+00      0.00000E+00      4.49425E-10      1.04682E-09
 18  16     3.21592E-09     -1.48487E-09      0.00000E+00      0.00000E+00
 18  17     0.00000E+00      0.00000E+00      2.95122E-11      5.96269E-11
 18  18     6.74475E-11     -3.56845E-11      0.00000E+00      0.00000E+00
 19   0     0.00000E+00      0.00000E+00      0.00000E+00      0.00000E+00
 19   1    -5.89196E-08      1.59329E-09      0.00000E+00      0.00000E+00
 19   2     0.00000E+00      0.00000E+00     -1.41213E-10     -2.60910E-09
 19   3    -8.81198E-08      7.16271E-09      0.00000E+00      0.00000E+00
 19   4     0.00000E+00      0.00000E+00      4.26975E-10      3.93292E-09
 19   5     3.36956E-07     -4.58277E-08      0.00000E+00      0.00000E+00
 19   6     0.00000E+00      0.00000E+00     -1.25762E-10     -7.68490E-10
 19   7    -4.50372E-07      8.62634E-08      0.00000E+00      0.00000E+00
 19   8     0.00000E+00      0.00000E+00     -1.72195E-09     -7.83708E-09
 19   9     5.49192E-08     -1.36328E-08      0.00000E+00      0.00000E+00
 19  10     0.00000E+00      0.00000E+00      1.84035E-09      6.64059E-09
 19  11     2.90445E-07     -8.90141E-08      0.00000E+00      0.00000E+00
 19  12     0.00000E+00      0.00000E+00      2.82576E-09      8.40239E-09
 19  13     1.12780E-07     -4.13540E-08      0.00000E+00      0.00000E+00
 19  14     0.00000E+00      0.00000E+00      1.09134E-09      2.74437E-09
 19  15     1.72973E-08     -7.42614E-09      0.00000E+00      0.00000E+00
 19  16     0.00000E+00      0.00000E+00      1.71563E-10      3.71569E-10
 19  17     1.13228E-09     -5.60418E-10      0.00000E+00      0.00000E+00
 19  18     0.00000E+00      0.00000E+00      1.02957E-11      1.94600E-11
 19  19     2.23929E-11     -1.26337E-11      0.00000E+00      0.00000E+00
 20   0     1.85153E-07      0.00000E+00      0.00000E+00      0.00000E+00
 20   1     0.00000E+00      0.00000E+00      1.45691E-11      5.38764E-10
 20   2    -2.38782E-07      1.29236E-08      0.00000E+00      0.00000E+00
 20   3     0.00000E+00      0.00000E+00     -1.53533E-10     -1.88885E-09
 20   4     1.46965E-07     -1.59551E-08      0.00000E+00      0.00000E+00
 20   5     0.00000E+00      0.00000E+00      4.57722E-10      3.36547E-09
 20   6     4.35789E-08     -7.13163E-09      0.00000E+00      0.00000E+00
 20   7     0.00000E+00      0.00000E+00     -5.18888E-10     -2.70906E-09
 20   8    -2.30119E-07      5.05612E-08      0.00000E+00      0.00000E+00
 20   9     0.00000E+00      0.00000E+00     -6.66688E-10     -2.68572E-09
 20  10     9.80973E-08     -2.71863E-08      0.00000E+00      0.00000E+00
 20  11     0.00000E+00      0.00000E+00      1.40293E-09      4.57764E-09
 20  12     1.47466E-07     -4.95934E-08      0.00000E+00      0.00000E+00
 20  13     0.00000E+00      0.00000E+00      1.41323E-09      3.85411E-09
 20  14     4.73617E-08     -1.88341E-08      0.00000E+00      0.00000E+00
 20  15     0.00000E+00      0.00000E+00      4.60304E-10      1.07216E-09
 20  16     6.52189E-09     -3.01132E-09      0.00000E+00      0.00000E+00
 20  17     0.00000E+00      0.00000E+00      6.47201E-11      1.30762E-10
 20  18     3.96138E-10     -2.09585E-10      0.00000E+00      0.00000E+00
 20  19     0.00000E+00      0.00000E+00      3.57353E-12      6.33397E-12
 20  20     7.41084E-12     -4.44936E-12      0.00000E+00      0.00000E+00
 21   0     0.00000E+00      0.00000E+00      0.00000E+00      0.00000E+00
 21   1     1.50790E-07     -4.07764E-09      0.00000E+00      0.00000E+00
 21   2     0.00000E+00      0.00000E+00      6.97552E-13      1.28883E-11
 21   3    -1.60447E-07      1.30417E-08      0.00000E+00      0.00000E+00
 21   4     0.00000E+00      0.00000E+00     -5.87284E-11     -5.40956E-10
 21   5     1.46846E-07     -1.99718E-08      0.00000E+00      0.00000E+00
 21   6     0.00000E+00      0.00000E+00      2.86950E-10      1.75345E-09
 21   7    -5.62991E-08      1.07834E-08      0.00000E+00      0.00000E+00
 21   8     0.00000E+00      0.00000E+00     -5.13945E-10     -2.33911E-09
 21   9    -9.27138E-08      2.30148E-08      0.00000E+00      0.00000E+00
 21  10     0.00000E+00      0.00000E+00     -1.11580E-10     -4.02619E-10
 21  11     7.95672E-08     -2.43854E-08      0.00000E+00      0.00000E+00
 21  12     0.00000E+00      0.00000E+00      9.10505E-10      2.70739E-09
 21  13     7.11059E-08     -2.60731E-08      0.00000E+00      0.00000E+00
 21  14     0.00000E+00      0.00000E+00      6.77672E-10      1.70413E-09
 21  15     1.94715E-08     -8.35958E-09      0.00000E+00      0.00000E+00
 21  16     0.00000E+00      0.00000E+00      1.90237E-10      4.12013E-10
 21  17     2.43234E-09     -1.20388E-09      0.00000E+00      0.00000E+00
 21  18     0.00000E+00      0.00000E+00      2.41618E-11      4.56685E-11
 21  19     1.37792E-10     -7.77401E-11      0.00000E+00      0.00000E+00
 21  20     0.00000E+00      0.00000E+00      1.23469E-12      2.05650E-12
 21  21     2.44524E-12     -1.55953E-12      0.00000E+00      0.00000E+00
 22   0    -1.12030E-08      0.00000E+00      0.00000E+00      0.00000E+00
 22   1     0.00000E+00      0.00000E+00      4.24272E-12      1.56895E-10
 22   2     2.67393E-08     -1.44721E-09      0.00000E+00      0.00000E+00
 22   3     0.00000E+00      0.00000E+00     -3.11949E-11     -3.83777E-10
 22   4    -5.56960E-08      6.04659E-09      0.00000E+00      0.00000E+00
 22   5     0.00000E+00      0.00000E+00      3.48564E-11      2.56287E-10
 22   6     8.31610E-08     -1.36092E-08      0.00000E+00      0.00000E+00
 22   7     0.00000E+00      0.00000E+00      1.00925E-10      5.26920E-10
 22   8    -6.34174E-08      1.39339E-08      0.00000E+00      0.00000E+00
 22   9     0.00000E+00      0.00000E+00     -3.54772E-10     -1.42918E-09
 22  10    -2.57492E-08      7.13605E-09      0.00000E+00      0.00000E+00
 22  11     0.00000E+00      0.00000E+00      1.04458E-10      3.40838E-10
 22  12     5.14043E-08     -1.72875E-08      0.00000E+00      0.00000E+00
 22  13     0.00000E+00      0.00000E+00      5.34700E-10      1.45822E-09
 22  14     3.29385E-08     -1.30985E-08      0.00000E+00      0.00000E+00
 22  15     0.00000E+00      0.00000E+00      3.13937E-10      7.31236E-10
 22  16     7.86043E-09     -3.62937E-09      0.00000E+00      0.00000E+00
 22  17     0.00000E+00      0.00000E+00      7.72514E-11      1.56080E-10
 22  18     8.98327E-10     -4.75278E-10      0.00000E+00      0.00000E+00
 22  19     0.00000E+00      0.00000E+00      8.93751E-12      1.58415E-11
 22  20     4.76745E-11     -2.86231E-11      0.00000E+00      0.00000E+00
 22  21     0.00000E+00      0.00000E+00      4.24850E-13      6.66137E-13
 22  22     8.04529E-13     -5.44255E-13      0.00000E+00      0.00000E+00
 23   0     0.00000E+00      0.00000E+00      0.00000E+00      0.00000E+00
 23   1     3.51733E-08     -9.51147E-10      0.00000E+00      0.00000E+00
 23   2     0.00000E+00      0.00000E+00      9.74944E-12      1.80135E-10
 23   3    -2.48368E-08      2.01883E-09      0.00000E+00      0.00000E+00
 23   4     0.00000E+00      0.00000E+00     -4.01923E-11     -3.70217E-10
 23   5     1.25943E-09     -1.71290E-10      0.00000E+00      0.00000E+00
 23   6     0.00000E+00      0.00000E+00      7.11677E-11      4.34881E-10
 23   7     3.10371E-08     -5.94479E-09      0.00000E+00      0.00000E+00
 23   8     0.00000E+00      0.00000E+00     -1.30539E-11     -5.94119E-11
 23   9    -4.30282E-08      1.06811E-08      0.00000E+00      0.00000E+00
 23  10     0.00000E+00      0.00000E+00     -1.92786E-10     -6.95634E-10
 23  11     1.29960E-10     -3.98294E-11      0.00000E+00      0.00000E+00
 23  12     0.00000E+00      0.00000E+00      1.46657E-10      4.36083E-10
 23  13     2.94752E-08     -1.08080E-08      0.00000E+00      0.00000E+00
 23  14     0.00000E+00      0.00000E+00      2.92581E-10      7.35746E-10
 23  15     1.47719E-08     -6.34193E-09      0.00000E+00      0.00000E+00
 23  16     0.00000E+00      0.00000E+00      1.41289E-10      3.06003E-10
 23  17     3.12311E-09     -1.54577E-09      0.00000E+00      0.00000E+00
 23  18     0.00000E+00      0.00000E+00      3.08918E-11      5.83888E-11
 23  19     3.28864E-10     -1.85540E-10      0.00000E+00      0.00000E+00
 23  20     0.00000E+00      0.00000E+00      3.27893E-12      5.46137E-12
 23  21     1.64135E-11     -1.04682E-11      0.00000E+00      0.00000E+00
 23  22     0.00000E+00      0.00000E+00      1.45645E-13      2.15295E-13
 23  23     2.63987E-13     -1.89182E-13      0.00000E+00      0.00000E+00
 24   0    -2.04810E-08      0.00000E+00      0.00000E+00      0.00000E+00
 24   1     0.00000E+00      0.00000E+00     -3.18500E-13     -1.17781E-11
 24   2     2.90333E-08     -1.57137E-09      0.00000E+00      0.00000E+00
 24   3     0.00000E+00      0.00000E+00      5.24986E-12      6.45868E-11
 24   4    -2.70354E-08      2.93508E-09      0.00000E+00      0.00000E+00
 24   5     0.00000E+00      0.00000E+00     -2.52501E-11     -1.85656E-10
 24   6     1.71298E-08     -2.80326E-09      0.00000E+00      0.00000E+00
 24   7     0.00000E+00      0.00000E+00      6.08967E-11      3.17935E-10
 24   8     4.25412E-09     -9.34707E-10      0.00000E+00      0.00000E+00
 24   9     0.00000E+00      0.00000E+00     -5.41442E-11     -2.18117E-10
 24  10    -2.28777E-08      6.34025E-09      0.00000E+00      0.00000E+00
 24  11     0.00000E+00      0.00000E+00     -8.17995E-11     -2.66904E-10
 24  12     6.91211E-09     -2.32457E-09      0.00000E+00      0.00000E+00
 24  13     0.00000E+00      0.00000E+00      1.21972E-10      3.32638E-10
 24  14     1.56461E-08     -6.22193E-09      0.00000E+00      0.00000E+00
 24  15     0.00000E+00      0.00000E+00      1.51722E-10      3.53398E-10
 24  16     6.44883E-09     -2.97759E-09      0.00000E+00      0.00000E+00
 24  17     0.00000E+00      0.00000E+00      6.20413E-11      1.25349E-10
 24  18     1.22358E-09     -6.47362E-10      0.00000E+00      0.00000E+00
 24  19     0.00000E+00      0.00000E+00      1.21870E-11      2.16011E-11
 24  20     1.19430E-10     -7.17040E-11      0.00000E+00      0.00000E+00
 24  21     0.00000E+00      0.00000E+00      1.19410E-12      1.87227E-12
 24  22     5.62481E-12     -3.80513E-12      0.00000E+00      0.00000E+00
 24  23     0.00000E+00      0.00000E+00      4.97594E-14      6.94348E-14
 24  24     8.63948E-14     -6.55180E-14      0.00000E+00      0.00000E+00
 25   0     0.00000E+00      0.00000E+00      0.00000E+00      0.00000E+00
 25   1    -8.08924E-09      2.18747E-10      0.00000E+00      0.00000E+00
 25   2     0.00000E+00      0.00000E+00      1.56914E-12      2.89921E-11
 25   3     1.08074E-08     -8.78462E-10      0.00000E+00      0.00000E+00
 25   4     0.00000E+00      0.00000E+00     -3.16450E-12     -2.91486E-11
 25   5    -1.44702E-08      1.96802E-09      0.00000E+00      0.00000E+00
 25   6     0.00000E+00      0.00000E+00     -5.57790E-12     -3.40846E-11
 25   7     1.44284E-08     -2.76359E-09      0.00000E+00      0.00000E+00
 25   8     0.00000E+00      0.00000E+00      3.44076E-11      1.56599E-10
 25   9    -4.85707E-09      1.20569E-09      0.00000E+00      0.00000E+00
 25  10     0.00000E+00      0.00000E+00     -5.28854E-11     -1.90828E-10
 25  11    -9.93428E-09      3.04461E-09      0.00000E+00      0.00000E+00
 25  12     0.00000E+00      0.00000E+00     -2.20624E-11     -6.56025E-11
 25  13     6.63685E-09     -2.43360E-09      0.00000E+00      0.00000E+00
 25  14     0.00000E+00      0.00000E+00      8.34592E-11      2.09873E-10
 25  15     7.85591E-09     -3.37273E-09      0.00000E+00      0.00000E+00
 25  16     0.00000E+00      0.00000E+00      7.53836E-11      1.63265E-10
 25  17     2.75169E-09     -1.36194E-09      0.00000E+00      0.00000E+00
 25  18     0.00000E+00      0.00000E+00      2.66694E-11      5.04080E-11
 25  19     4.73423E-10     -2.67097E-10      0.00000E+00      0.00000E+00
 25  20     0.00000E+00      0.00000E+00      4.75032E-12      7.91212E-12
 25  21     4.30543E-11     -2.74593E-11      0.00000E+00      0.00000E+00
 25  22     0.00000E+00      0.00000E+00      4.31972E-13      6.38548E-13
 25  23     1.91923E-12     -1.37540E-12      0.00000E+00      0.00000E+00
 25  24     0.00000E+00      0.00000E+00      1.69472E-14      2.23473E-14
 25  25     2.82035E-14     -2.26122E-14      0.00000E+00      0.00000E+00
