  3.158866334514561E-022
  1.517087443591859E-018
 -9.268246688581232E-020
  2.510713270588850E-004
 -1.571156669058519E-036
 -1.178367501793889E-036
 -4.348682947896319E-004
  1.075798758400113E-018
 -2.400738414231066E-020
 -1.562888716921287E-019
  5.245958595638984E-021
 -6.370380441271031E-021
 -2.517591519705674E-035
  6.595852792417598E-018
 -7.456024732888044E-019
  8.386057261146552E-017
  3.939114220282430E-035
 -5.640499202535234E-036
  9.975847298159260E-018
 -4.856343772517476E-020
 -5.158163457257299E-035
 -1.295970448897526E-035
  8.980218548149351E-018
 -1.453942600935274E-018
 -1.179310098218769E-021
 -3.144023356447892E-019
 -1.226260890390470E-020
  4.910984194725304E-020
 -1.571156669058519E-034
  1.678196188442913E-018
 -2.095297639137401E-019
 -7.614673923422565E-035
 -1.746070595106050E-036
  1.219117858533396E-017
 -2.067641656525785E-018
 -4.249306993188987E-017
  3.390705725796766E-034
  1.898480975112377E-036
  9.210736177365599E-017
 -3.134572801836082E-020
  4.451236477411266E-034
  2.098499506418860E-035
  3.059856933034547E-018
 -4.669604818367104E-019
 -2.250400634100813E-034
  1.103732262912675E-035
  1.374743818935976E-017
 -5.298779425595579E-018
 -2.095802517405927E-019
 -2.146657214252214E-019
  1.407449797099001E-020
  1.287975100126070E-019
 -2.498887273645454E-035
  9.374486898246143E-019
 -1.312308323326010E-019
 -2.839772158092972E-035
  8.079357536481169E-036
  4.846275716245546E-018
 -7.922414276692172E-019
  5.861343103509107E-035
 -7.224969289997665E-035
  1.987238912374536E-017
 -2.142212771205620E-018
 -2.344222504866999E-016
  3.333844817773696E-034
  6.546486121077163E-036
  1.681158771600920E-016
  1.366138262512854E-020
  2.839678636862671E-034
 -1.082180916429206E-034
  1.608244794938472E-018
 -3.271857145269236E-019
 -1.273671480547606E-035
  4.430725371956244E-035
  6.106591301878710E-018
 -2.322447548887059E-018
  2.311988103048392E-034
 -1.893546332982326E-035
  2.099752779333346E-017
 -6.661189816334999E-018
  1.954285305619675E-020
  2.773833836505741E-019
 -1.729808024767656E-020
  4.127585343765693E-021
 -9.187525664780292E-035
  2.987484378339103E-019
 -4.742309481729913E-021
 -4.998756520209069E-034
  2.177934101405859E-035
  2.744622651715283E-018
 -4.315282425801036E-019
  9.635297278481242E-034
  3.869277424213734E-034
  9.369810599476819E-018
 -1.040126980210269E-018
 -2.434679771812554E-034
 -9.130850015085161E-035
  2.076437555757021E-017
 -1.223637686005909E-017
 -2.861504977977410E-016
  5.895578358181490E-035
 -1.015640561069971E-035
  1.346425078051216E-016
  3.925702748376632E-020
  1.020503665045629E-034
 -2.786465056821344E-035
  1.078077032078468E-018
 -1.605319831147849E-019
  2.491095786145994E-034
  1.035513822508955E-035
  3.452067569148321E-018
 -1.370107193622997E-018
 -2.269957348094267E-034
 -2.214611380971178E-035
  1.027418912844628E-017
 -3.293801946511259E-018
  5.471873723191394E-034
  9.382612703882003E-035
  3.041472685286866E-017
 -9.256512421049224E-018
 -7.412806331660836E-020
  3.913555929269256E-019
  5.643373428754286E-021
 -1.322512038716763E-020
 -1.556193272210343E-035
  7.157231640196937E-019
 -9.100689794123313E-020
 -3.414647160753848E-034
  5.530377953855686E-035
  1.780200440691321E-018
 -2.410980995138580E-019
 -1.387982188090799E-034
  2.591920805343228E-035
  5.734896383848172E-018
 -7.017627726100425E-019
 -6.608950956615601E-034
  6.981285479927255E-035
  1.062724940684296E-017
 -6.217724710789818E-018
 -2.226584433351065E-034
  1.157280244830293E-034
  2.879733635074003E-017
 -2.089313730873855E-017
 -5.968050377620140E-017
 -3.333844817773696E-034
 -3.276983909750625E-035
 -5.757265544850652E-017
 -4.353694904430469E-020
 -4.673068835685481E-034
 -4.142522896187328E-035
  7.603706927972008E-019
 -8.910546632074595E-020
  1.429472005152349E-035
  3.383408147294833E-035
  2.577990573783457E-018
 -9.640569430110498E-019
 -1.233581559402126E-035
  5.120420699801992E-035
  6.746150230264905E-018
 -2.047663561593375E-018
 -1.978050605503128E-035
  6.742388817800318E-034
  1.562588694766238E-017
 -4.929098892177295E-018
 -7.856290397713316E-034
 -2.450896874727578E-035
  2.766274328607728E-017
 -1.752896025115671E-017
  4.852018689814365E-020
 -4.491329584385140E-020
 -2.063243940100151E-020
  1.245014517976672E-019
 -5.781856542135350E-034
  6.110499317542660E-020
 -1.377952447612827E-019
 -1.933644957705592E-034
 -1.560390037420105E-034
  1.206171419917844E-018
 -2.549042027440339E-019
 -2.852397524183621E-034
 -2.321671848570983E-035
  3.938702964040670E-018
 -5.446822606038501E-019
  6.676647444210485E-034
 -5.105819880379886E-035
  6.828383829102445E-018
 -4.197248207433382E-018
 -3.548113419873986E-034
 -4.957262570464838E-034
  1.536465519882486E-017
 -1.125114047558099E-017
  2.163773643055600E-035
  2.552603387547147E-034
  3.746112093110477E-017
 -1.326650751267053E-017
  3.290511036050010E-016
  9.576573982832878E-036
 -4.189751117489385E-036
 -2.960636100104967E-016
 -6.507070682497632E-020
 -1.907608647189765E-033
 -4.717912265614860E-035
  4.132404214858519E-019
 -3.473886402482015E-020
  5.120380880215654E-034
  8.118519551669754E-035
  1.902315363028934E-018
 -6.790933781154466E-019
  2.256530658493206E-034
 -1.531422932286256E-035
  4.636731832796034E-018
 -1.575464402833859E-018
  5.961234822611104E-034
 -1.304782177729958E-034
  1.085382981708559E-017
 -3.355090544566527E-018
  1.606912300754853E-034
  3.893036683517019E-034
  1.508036203320997E-017
 -9.619006939309950E-018
  1.050373815750798E-033
 -6.898964058025311E-035
  3.664295231698564E-017
 -2.268903981333329E-017
  8.827978449523359E-020
 -5.090940789624571E-019
  9.190510563639170E-020
 -1.768965147328154E-020
 -8.559062997156885E-035
  5.979964772233639E-019
  2.712056785946839E-020
 -1.555445102367934E-033
  5.956016453263577E-035
  9.768382492161895E-019
 -1.799541246800355E-019
 -1.482964395361511E-033
 -7.998563961116357E-035
  2.884041584426756E-018
 -2.787958858562984E-019
  3.256311973351697E-034
  2.183610972512659E-034
  5.007177738316290E-018
 -2.984476617889546E-018
  1.579611564223304E-034
  1.972854187168137E-034
  1.069013926880376E-017
 -7.681485212392831E-018
  4.787070082166697E-035
 -4.571375318900528E-034
  2.086734188368237E-017
 -7.508530786452529E-018
 -3.119052715114452E-034
  2.375911929984406E-034
  4.987594352972633E-017
 -3.363407449815940E-017
  5.646240238018201E-016
  7.002869724946541E-034
 -3.239575417630185E-035
 -3.749849792213153E-016
 -4.176633313964503E-021
 -3.778257704164534E-035
 -2.127491087812202E-035
  8.501042377021687E-019
  3.679285775467224E-020
 -7.167186526585579E-034
 -6.864136824871750E-035
  1.498803692689109E-018
 -6.256324098512634E-019
  5.353169104492720E-034
  4.304431982792743E-035
  3.329823398459019E-018
 -1.051808221062556E-018
 -5.782516927370777E-034
  5.107775412502008E-035
  7.772944121584660E-018
 -2.675602467545246E-018
 -8.559289688541067E-035
  3.089852820860028E-034
  1.063757778152513E-017
 -6.698597569311218E-018
  4.805097976411861E-035
  1.451699178187899E-034
  2.087078073703985E-017
 -1.291177647847678E-017
  6.832881476390633E-034
  4.734810231217021E-035
  4.926998215425235E-017
 -4.913348684874410E-017
 -3.099900829603622E-020
 -7.080927572387353E-019
 -2.855792778280895E-020
  1.107709127969773E-019
 -1.663929729517213E-034
  3.388830498728259E-019
 -2.399553074138608E-020
 -2.162210844561486E-035
 -6.723007443270494E-036
  8.311775173175990E-019
 -2.022445922850306E-019
  7.830065006959793E-036
 -9.554085049483910E-035
  2.220270698692063E-018
 -2.014767477752604E-019
  2.256108717004934E-034
  2.327862606965475E-035
  3.742492328729416E-018
 -2.145001840401800E-018
  3.070889756362889E-034
 -7.853231292642242E-036
  8.084068881942226E-018
 -5.859593056555606E-018
 -3.379472066978698E-034
  2.059480482780441E-034
  1.502780692342238E-017
 -5.177362325028867E-018
 -3.819928836795006E-034
  7.051142115755822E-034
  2.869827190823273E-017
 -1.939817213664433E-017
 -7.392906458716790E-034
 -5.488249084902607E-034
  4.823488647882043E-017
 -4.371157711755432E-017
  4.184529174222542E-016
  4.668579816631028E-034
 -3.276983909750625E-035
 -2.020788286786943E-016
 -2.904401884368457E-020
 -7.543422436086913E-034
 -1.322951323839393E-034
  4.892092579593524E-019
 -5.095105612472577E-020
  5.198190543826171E-034
  7.883342882846952E-035
  1.251117903894119E-018
 -4.691803703778335E-019
 -6.969812892573549E-034
 -8.891724589049412E-035
  2.776621436422655E-018
 -7.695591727914009E-019
 -3.951078681702108E-034
  1.119696081202959E-034
  6.119145599401019E-018
 -1.935547269947823E-018
 -9.459573953769766E-036
 -1.581443208925693E-033
  8.165013035716692E-018
 -5.133055922931725E-018
  1.952008544903234E-034
  4.337119535855106E-034
  1.508448438344362E-017
 -9.192304645644243E-018
 -1.610715731166881E-033
  5.964805790067614E-035
  2.883770776008116E-017
 -2.877026175432207E-017
  3.740596720777504E-034
 -1.082122863957027E-033
  3.815273815942093E-017
 -7.118281591495787E-017
  2.412531515213254E-019
  3.947472856467334E-019
 -1.789107751180895E-020
  1.912167087826147E-019
 -2.998664728374545E-034
 -4.125547072599140E-019
  3.087420136146850E-020
 -7.723357283186234E-034
  3.784804190285611E-035
  9.263652242227791E-019
  2.089055202862655E-021
  2.004814613964730E-034
 -2.978056448516163E-034
  2.109645729374156E-018
 -2.138251065309223E-019
  7.569321606486119E-034
 -1.105564785848213E-034
  2.705930978500901E-018
 -1.900646541714539E-018
  8.072862565808301E-035
  1.949183079213374E-034
  5.983860508606098E-018
 -4.447840790605850E-018
  3.089788700582340E-034
 -3.796806607033981E-035
  1.157220459891859E-017
 -4.025607704064190E-018
  1.401439163839670E-033
 -1.180121403073123E-033
  2.126268975156256E-017
 -1.414825841922246E-017
  7.016947525147465E-035
  1.978527279557336E-035
  2.834572906709647E-017
 -2.590126345125458E-017
 -6.025165797009758E-034
 -6.940663359426076E-034
  3.306954298316878E-017
 -7.167057298711925E-017
 -1.071285293221930E-016
  1.194677604358402E-033
 -5.985358739270549E-037
  1.833190585868237E-016
  3.151417317554597E-020
  1.053011644698292E-033
 -2.107220361144438E-034
 -8.049372405639629E-020
 -2.020285521142976E-020
  7.397903401738398E-034
  6.109961165954533E-035
  5.181419690564396E-019
 -2.859195030353683E-019
 -4.797270874602238E-034
 -1.904380849602076E-034
  2.164390843285249E-018
 -9.084280654377448E-019
  1.059029046331753E-033
  1.306575975604054E-034
  5.048545311913136E-018
 -1.506260813816119E-018
  5.668784412593498E-034
 -1.526944281429265E-034
  6.349865470298343E-018
 -4.026496990370335E-018
 -8.335078294528642E-034
 -2.069852905745439E-034
  1.123602971650473E-017
 -7.076339034549196E-018
  1.844637310382009E-033
  4.383180119474550E-034
  2.120667975141250E-017
 -2.070879156411788E-017
 -7.961574817620390E-034
  3.812082761744970E-034
  2.280593309203999E-017
 -4.254613949487291E-017
 -7.252970545623083E-034
 -6.632011696404044E-034
  5.026485435398068E-017
 -8.693381707156509E-017
  1.536472585107882E-019
 -1.358699510983753E-018
  1.618334392826616E-021
 -1.913851816537889E-019
 -3.645831642058173E-034
 -3.084993431841084E-019
 -4.747274234114473E-020
  7.602340811176607E-035
 -6.589038280864165E-035
  9.528117206742359E-020
  6.050668361274572E-021
 -1.548279038096112E-033
 -2.709963229165819E-034
  1.203097942151354E-018
 -1.897582324272151E-019
  5.471227236959462E-034
  6.588071285955543E-034
  2.075698615687135E-018
 -1.497378308761944E-018
  1.804068012117361E-033
 -3.847064917265830E-034
  4.837326571101207E-018
 -3.547287045535952E-018
 -8.390128763595266E-034
 -7.386944048899592E-034
  9.019643123252286E-018
 -3.303950732753343E-018
  2.384548842811445E-035
 -3.995749266726119E-034
  1.631101442657835E-017
 -1.094146572126307E-017
  1.666890507795924E-033
 -3.222046584096831E-033
  2.082907158219671E-017
 -1.890302654866718E-017
  4.937040432601475E-034
  1.356515900793198E-033
  1.979046565678339E-017
 -4.330543407283499E-017
 -8.435306267306938E-034
 -9.883165155953853E-034
  2.237554906171143E-017
 -9.162204492177717E-017
 -6.870728021371020E-016
 -1.939256231523658E-034
 -4.668579816631028E-035
  5.421623782525319E-016
  9.578096909213112E-020
  1.030379506965425E-033
 -5.600051270430007E-035
  1.281368749424899E-020
 -1.544428294857968E-019
 -2.512597486007596E-033
 -2.913349986032364E-034
  4.462221328199234E-019
 -2.891292921798106E-019
 -4.327581537691770E-033
 -5.229501159477135E-034
  1.796083376081031E-018
 -7.064244089893329E-019
  2.010447806821148E-033
  1.669784345759181E-033
  3.916499828843971E-018
 -1.199853321824445E-018
 -1.591717243328626E-033
 -6.396512222701761E-034
  5.083801461407693E-018
 -3.370639863384412E-018
 -8.008915401866082E-034
  4.425344466912962E-034
  9.322458761887882E-018
 -5.856676281604789E-018
 -6.232473865107720E-034
 -5.358778630683712E-035
  1.616743345442729E-017
 -1.660859777629330E-017
 -5.488870981349950E-034
  4.541684850050883E-034
  1.681568485514475E-017
 -3.140405523371146E-017
  6.606782714347413E-034
  1.924270162020933E-034
  3.054245701882323E-017
 -5.289665017172644E-017
 -4.478413704475845E-034
 -8.859746250429208E-035
  3.972216437375709E-017
 -6.305485300226935E-017
  2.493398493376827E-019
 -1.449758998321872E-018
  2.021185842876377E-020
 -3.554777581773719E-019
  5.135437798294130E-034
  4.811780434341181E-019
  1.288352225116997E-019
 -3.131838960323315E-034
  9.305362414959681E-035
  3.185916904029664E-019
 -1.229436789395786E-019
 -5.712440408944357E-034
  2.763610806166512E-034
  1.384902389531818E-018
 -3.828337913598696E-019
 -5.726718470526733E-034
 -4.066858010479536E-034
  1.894097446019321E-018
 -1.251396386227745E-018
 -4.363032897143642E-034
  4.902047205022765E-034
  4.488459822763866E-018
 -3.098107032260082E-018
 -2.586714975761954E-034
 -4.164881204072531E-034
  7.619743146404743E-018
 -2.524327261784563E-018
  1.367846212990693E-033
  8.671994288494972E-034
  1.310067248927238E-017
 -8.681856009564361E-018
  1.137076863852092E-033
 -3.546683419258417E-034
  1.664546466584570E-017
 -1.497881431832734E-017
 -2.522429349373113E-034
  5.187528495602204E-033
  1.458345248588483E-017
 -3.239556390616135E-017
 -3.722659995290920E-034
 -1.032852543945742E-034
  1.398179107825350E-017
 -5.563445200423273E-017
 -3.928807904639251E-034
 -1.164801648695217E-034
  5.282920035572038E-017
 -9.176601594469567E-017
 -9.060599051125724E-016
 -3.806688158176069E-034
  1.152181557309581E-035
  5.984350127906234E-016
 -9.186093562591822E-020
  5.009745264769449E-034
 -2.281918019346897E-035
 -6.374142056643524E-020
  2.050409762692541E-019
 -2.890390523993444E-035
  5.228304379983125E-035
  5.421248793337002E-019
  2.265570413198683E-020
 -2.503323687007862E-034
  5.124525039733372E-035
  1.453553303550750E-018
 -4.971156889354999E-019
 -3.370998683731950E-034
  3.537737173791556E-034
  3.351686975398099E-018
 -9.738545283814074E-019
  2.286024987279644E-033
 -7.612428801703448E-034
  4.030215498002359E-018
 -2.865292049768855E-018
  2.347133070053070E-033
 -8.123244507391046E-034
  7.721223999380454E-018
 -4.657130008586644E-018
 -6.017115302234006E-034
  1.741185829595257E-033
  1.269507523591748E-017
 -1.340590499542824E-017
  5.812499559985609E-034
  5.294057568126822E-034
  1.324937756116153E-017
 -2.477896538724146E-017
 -1.446880416968689E-033
  3.536245671690331E-033
  2.259403807471248E-017
 -3.961912471655139E-017
  5.859598494072508E-035
 -1.226063852631344E-033
  2.401213046995866E-017
 -3.889545300366438E-017
 -4.875984419783891E-034
 -3.164574219018262E-034
 -2.794536273590158E-017
 -9.633636778262362E-017
  2.675349194244866E-019
  2.025267938670742E-018
  7.559740668864337E-020
  1.101812577478679E-019
  6.278641317494806E-034
  5.117453678727419E-019
  1.817920105949109E-019
  5.076332380743834E-034
 -3.568770148290064E-035
 -1.478329245559293E-019
 -9.423908586237234E-020
  1.291738613226400E-033
 -1.157734380358709E-034
  8.893093300242790E-019
  9.061267842149664E-020
 -6.722073692236705E-034
 -3.011609381790519E-034
  1.551036451634796E-018
 -1.252941220046553E-018
 -5.867464405950823E-034
  8.861252308118409E-034
  3.483941226727382E-018
 -2.500591356271348E-018
 -2.782717960112561E-034
  5.362664989336699E-034
  6.054893952043882E-018
 -2.165797287494783E-018
 -1.898249556849692E-033
  9.529909079948266E-034
  1.145781195654294E-017
 -7.252359234690196E-018
 -9.963028530861450E-034
  1.187258485431288E-033
  1.334553800833861E-017
 -1.258853825539493E-017
  6.348090882632077E-034
 -8.504589054613829E-034
  1.190706452455869E-017
 -2.558613355136129E-017
 -1.851517918767154E-033
 -4.645214616153106E-033
  1.028272957214031E-017
 -4.254073559912218E-017
  5.917826573374386E-034
 -3.298701221025813E-034
  3.262195237661777E-017
 -5.696901667885056E-017
 -2.179495373407945E-034
 -6.825656851300398E-034
  7.104959691355860E-017
 -1.126077626782327E-016
