  0.000000000000000E+000
 -2.643359247333787E-017
 -8.439209814060067E-003
  0.000000000000000E+000
  1.137218160461404E-034
  2.628176790316115E-020
  2.256803873246665E-018
  3.518275634473777E-017
  0.000000000000000E+000
 -4.061440020844496E-021
  3.430796711147980E-016
 -1.215775993914330E-036
  1.221761352653601E-034
  5.214215722029612E-018
  3.524069399416503E-017
  0.000000000000000E+000
 -4.010190355311268E-035
 -5.256353580632229E-020
  2.420863520302259E-019
  3.689249107945015E-018
 -2.472701329161145E-035
 -9.225869369203744E-035
  5.016795809437131E-018
  3.962649009979448E-017
  0.000000000000000E+000
  5.580015890087319E-021
  2.999716752031226E-016
 -5.386822865343493E-036
 -5.174342630099389E-034
  9.972635154161176E-019
  6.725980298125006E-018
  7.296511775399770E-035
  1.422259180265376E-034
  6.502793017074364E-018
  4.427978156837129E-017
  0.000000000000000E+000
  4.429165467060206E-034
  1.000728854774213E-019
  6.753801510290799E-020
  7.453020589444696E-019
 -2.083185404957054E-035
 -4.072662537152404E-034
  1.256242695369645E-018
  1.001436098703681E-017
 -3.081502619382970E-035
  1.774404605348837E-034
  1.411230340823741E-017
  5.303903348471701E-017
  0.000000000000000E+000
  2.015460541852714E-021
  1.157607422954121E-016
 -4.507723300513132E-036
 -8.098190374233052E-034
  3.404030805640647E-019
  2.447582813866730E-018
  2.673538171232763E-035
  1.030337422411789E-033
  1.943619922174422E-018
  1.344512225843509E-017
  5.985114433322252E-035
  2.420664253503352E-034
  1.110237137101126E-017
  4.469891113760325E-017
  0.000000000000000E+000
 -8.858330934120412E-035
  7.716057499774234E-020
  4.344043036557774E-020
  3.961559561323602E-019
  9.492404875561887E-036
 -8.409429028675121E-035
  4.963115166997740E-019
  4.065856612274024E-018
 -3.689675563838709E-035
 -6.217536883646823E-034
  4.824941824489543E-018
  1.799821061330326E-017
 -2.090284079602110E-034
  3.708171453456763E-034
  2.162236301576847E-017
  5.291084113669105E-017
  0.000000000000000E+000
 -1.867252403186488E-022
 -7.718045479654089E-017
  3.366764290839684E-036
 -1.693856523213565E-034
  1.820331389240451E-019
  1.010550442500084E-018
 -8.862773192559714E-035
 -5.111589884567350E-034
  8.760768623567664E-019
  6.253502378869140E-018
  4.060497653525796E-034
 -9.866793740764773E-034
  4.191323856105799E-018
  1.684486690601688E-017
  1.061721222249880E-035
  1.812746192073531E-034
  1.838194049864887E-017
  5.442866027968271E-017
  0.000000000000000E+000
  3.710922418347740E-035
 -1.213004672453591E-020
 -5.861733367740910E-021
  2.772403567075608E-019
  8.809699894363839E-036
  7.017833121794719E-035
  2.288761323054962E-019
  2.097807148615249E-018
 -3.994408647697957E-035
  3.243783872993734E-035
  2.362434128644345E-018
  8.754004477096346E-018
 -9.996255070275399E-036
 -2.888216886023555E-036
  8.613810914896618E-018
  2.103565853931238E-017
 -4.293507333760161E-035
  7.533593124461122E-035
  2.294799721639365E-017
  6.884185992404798E-017
  0.000000000000000E+000
 -9.926593879409761E-022
 -1.769167314773563E-016
  2.394143495708219E-036
 -1.185101030375569E-034
  1.104556439650603E-019
  6.408706803156582E-019
  1.942903559505401E-036
 -9.969363150097507E-035
  5.036332013630843E-019
  3.118201889982748E-018
  1.135147541971769E-034
 -5.873147875601461E-034
  2.208699241236334E-018
  8.610151634256353E-018
 -4.948508511851666E-035
 -1.128902245128361E-033
  7.811517126645742E-018
  2.287362544628270E-017
 -2.912049777324775E-034
  5.764508454151553E-034
  2.340009246501072E-017
  5.478249077007293E-017
  0.000000000000000E+000
 -1.388603227510767E-034
  2.021674454089319E-021
  1.837985271840075E-020
  2.073221383027980E-019
 -5.424231357463935E-036
 -1.126743782667681E-034
  1.879877298844687E-019
  1.325656229802087E-018
 -1.179828771017344E-035
  1.330058937342277E-034
  1.326005239097236E-018
  5.070520438642886E-018
 -1.441517704007919E-034
 -8.088318769994005E-034
  4.626769560747490E-018
  1.166458644101178E-017
  5.281644371941957E-034
  2.145576644184781E-033
  1.024847367031655E-017
  3.044403964326612E-017
  5.227523574520925E-035
 -6.346246283728599E-034
  2.448235710724094E-017
  4.528660736006567E-017
  0.000000000000000E+000
  3.834715456319975E-021
 -1.474959770384791E-016
 -3.591215243562329E-036
  2.908884347285486E-034
  4.402933968561012E-020
  3.168879506202167E-019
 -4.907526560050344E-035
  6.462691098727375E-034
  3.176374912299949E-019
  2.018139496293165E-018
 -1.189306563200671E-034
  5.112513406716573E-035
  1.270838670126985E-018
  5.054186686881872E-018
 -3.588982926500186E-035
  2.081236117477629E-034
  4.415237132617510E-018
  1.304548022373735E-017
 -2.726303184031761E-034
  1.685900326234891E-033
  1.078755634900192E-017
  2.494973246725222E-017
 -3.121103251134955E-034
 -2.359830006766370E-034
  3.423151036207432E-017
  4.080036836541519E-017
  0.000000000000000E+000
 -1.316778922639521E-034
  2.426009344907182E-020
 -1.083542545216122E-020
  1.673542993974467E-019
  4.028894601371488E-035
 -5.147408515772671E-035
  1.196103812214856E-019
  8.681402305642694E-019
  6.775613135314863E-035
 -2.670592252478278E-034
  8.258072620621866E-019
  3.317515970425858E-018
 -6.399144518689693E-035
 -5.707434100584801E-034
  2.881554259532725E-018
  7.093922298590617E-018
  1.209499771248556E-034
 -3.243755572318696E-034
  6.070459992481416E-018
  1.768855311949903E-017
  3.799133167376616E-034
  9.471434512115794E-034
  1.152422354956164E-017
  2.188737653354770E-017
 -5.797835239448768E-034
 -3.986817173311941E-034
  4.160816973972066E-017
  5.733346488379302E-017
  0.000000000000000E+000
  1.366452365280641E-021
 -3.306179013069203E-017
 -5.012737944139085E-036
  0.000000000000000E+000
  4.348001282251827E-020
  3.144950121500341E-019
 -6.920571042281572E-035
 -5.071843361689381E-034
  2.075924885061382E-019
  1.480973282492275E-018
  4.179229979080510E-036
 -1.406325500652826E-033
  8.025758858699826E-019
  3.260448273663559E-018
  5.321747523710100E-035
  1.161597062892258E-033
  2.790057964621041E-018
  8.230488671289762E-018
 -1.481789516425935E-034
 -7.279376345266510E-034
  6.539653667627038E-018
  1.494421383988536E-017
  4.155487871556707E-034
 -1.556077517803911E-033
  1.678600051479351E-017
  2.014101293878518E-017
  8.576085268115414E-034
 -1.034497747002470E-033
  4.380574822019608E-017
  5.737850494164072E-017
  0.000000000000000E+000
  9.576573982832879E-035
  1.954285305619675E-020
  9.404044937077724E-021
  7.086977021551070E-020
  1.047437779372346E-035
  1.107291366765052E-034
  6.868648864047619E-020
  5.087168127401389E-019
 -4.181568009838038E-035
  3.413524905990235E-034
  5.804088373478725E-019
  2.225403023881104E-018
 -2.624826761668900E-035
 -5.811058546296869E-035
  1.842689344170179E-018
  4.640568411745439E-018
 -1.827810770399266E-034
  7.600395291031900E-034
  3.876509474585746E-018
  1.148944751185975E-017
 -1.485536324073832E-034
  1.196313200360226E-034
  7.036453493637954E-018
  1.348562877310215E-017
  9.718422300695764E-034
 -1.137702427033637E-033
  2.109056980510172E-017
  2.852264887897296E-017
 -5.453684052963644E-035
 -8.868539098929266E-034
  4.404354715623053E-017
  6.256275569487829E-017
  0.000000000000000E+000
 -7.309040481717208E-022
  7.922200904942875E-017
 -4.339385085971148E-036
  5.985358739270549E-035
  2.968435069073928E-020
  1.251181698309339E-019
  2.309974388437227E-035
  2.648521242127218E-035
  1.559792341665561E-019
  7.839203369399451E-019
  1.330807107184686E-035
 -8.480972769855464E-035
  5.285813866554260E-019
  2.312336412974980E-018
 -2.380986592937539E-034
  5.106769888033784E-034
  1.872243887152591E-018
  5.663768499100849E-018
  5.657003857399621E-034
  1.342911736288158E-033
  4.399834358268305E-018
  9.771164380854101E-018
 -2.216020155969073E-034
 -1.300689521635570E-033
  1.054854340146625E-017
  1.268371104626771E-017
  3.659576995987007E-034
  1.442594576373953E-033
  2.253720116506447E-017
  2.927306075258356E-017
  3.840915763163743E-034
 -7.476300263548505E-034
  7.219196533498040E-017
  6.321540158142593E-017
  0.000000000000000E+000
  6.224773088841370E-035
 -4.043348908178637E-021
 -1.176659428760383E-021
  1.519829656066898E-020
  5.237188896861730E-036
  4.788286991416439E-036
  3.651592020297470E-020
  3.676978442159327E-019
 -2.187461576742784E-035
  2.177174241409662E-034
  4.139592310361661E-019
  1.546603634935309E-018
 -4.960877499398676E-035
  9.493047834020206E-035
  1.337824011561183E-018
  3.214020830685038E-018
 -1.500025302619501E-034
 -2.997082539122849E-034
  2.657603764218737E-018
  8.103190095823401E-018
 -6.185888080137772E-034
  6.454631570357393E-034
  4.757449820672766E-018
  9.094697853488295E-018
 -1.511660477047282E-034
 -8.058747004429416E-034
  1.350522143919017E-017
  1.810902123635304E-017
  6.110710206368404E-034
 -1.458207904007096E-033
  2.313989644775101E-017
  3.259560438717549E-017
 -8.179944351708381E-034
 -2.657130054488925E-034
  5.930600651645940E-017
  5.576647572798665E-017
  0.000000000000000E+000
  2.806036961700674E-021
  1.269645251742327E-016
 -5.087554928379967E-036
 -8.618916584549589E-035
  1.032249807965476E-020
  2.096612371717225E-019
 -2.437163261646726E-035
  4.833177181960968E-035
  8.697145892122724E-020
  6.875166171176900E-019
  1.014144221385154E-034
 -2.805636909033070E-036
  4.276832428330158E-019
  1.673261344982639E-018
  6.618015249565271E-035
 -3.429218937450139E-035
  1.307952076193190E-018
  3.900555498518338E-018
 -1.526251237932636E-035
 -3.281071570663758E-034
  2.938864121438182E-018
  7.108313380112596E-018
  6.813025578309414E-034
 -1.585631770467557E-033
  7.327862472564276E-018
  8.640399568638234E-018
 -1.206903399340805E-034
 -1.901929501168818E-033
  1.473287984592293E-017
  1.910101128463511E-017
  2.607804568438147E-034
 -1.662856232047435E-034
  3.830938109995105E-017
  3.312639223980564E-017
  3.019377017549253E-034
 -7.156341595248228E-034
  8.529428402502405E-017
  5.280461880895840E-017
  0.000000000000000E+000
 -1.388603227510767E-034
 -5.391131877571517E-021
  1.573078539561855E-021
 -5.119391832347647E-021
  7.287174265061894E-035
 -2.531806746711442E-034
  1.753555590898936E-020
  3.283542605342163E-019
 -5.947950247150108E-036
  4.904253316989806E-035
  2.943047629156561E-019
  1.176145472978323E-018
 -7.356906032405153E-035
  1.008626468797389E-034
  9.882270018734420E-019
  2.166046839907369E-018
  9.427440955706779E-035
  2.244378012996345E-034
  1.968836235609657E-018
  5.813631950093525E-018
 -9.907959133226384E-035
 -3.697768166981569E-034
  3.355300446146957E-018
  6.545547330417294E-018
  4.750902443310205E-034
 -9.378109745212496E-034
  9.372475359694892E-018
  1.259720917864702E-017
  3.281461212001544E-034
 -3.015135010091380E-034
  1.527563928521904E-017
  2.162918639800882E-017
  1.297184562216876E-033
  1.606549959184202E-034
  3.186712439941511E-017
  3.015703368307926E-017
 -5.268678331350188E-034
  7.078374458380068E-034
  8.094552270325968E-017
  1.701910303562452E-017
  0.000000000000000E+000
  2.288793591609658E-021
  9.341820706604394E-017
 -5.985358739270549E-036
 -2.561733540407795E-034
  2.641200988927698E-020
  1.852029765917234E-019
  4.440388014696339E-035
 -1.460427532382014E-034
  8.590116695466991E-020
  6.359690620627843E-019
 -1.343853318811690E-034
  2.163146056864497E-034
  3.053851177535188E-019
  1.110679675627433E-018
  2.120924874556608E-034
 -5.170058188736220E-035
  1.014573882067833E-018
  2.904740853549457E-018
  1.824384933158452E-034
  3.526288974222059E-034
  2.155650499218442E-018
  5.260102174089424E-018
 -2.201522877622805E-034
 -7.579217299994477E-034
  5.244178905695184E-018
  6.256867586520382E-018
  1.340915490117635E-033
  6.066388154088851E-034
  1.038768584341045E-017
  1.356647019529925E-017
  4.850661616864616E-034
 -9.409556730402260E-034
  2.554131782519509E-017
  2.229110889934403E-017
 -1.932069493376771E-034
 -8.444515127394535E-037
  4.634095092622094E-017
  2.902137335754335E-017
  1.773124440846117E-033
  8.960502612451967E-035
  6.733167685696581E-017
  6.913955850550047E-017
  0.000000000000000E+000
  1.675900446995754E-035
  9.434480785750156E-021
  2.248515078865149E-020
 -2.275531436811718E-020
 -2.124802352441045E-035
 -6.105065914055960E-035
 -6.112355771096852E-021
  1.699252319373361E-019
 -4.016736841432345E-035
 -4.889289920141630E-034
  1.711341804581839E-019
  8.356895780742131E-019
 -2.973332165116734E-035
  8.753096169724097E-034
  6.620758307367910E-019
  1.892845127379056E-018
  2.109767901376878E-034
 -2.718909119351808E-034
  1.436631463211269E-018
  4.317800815924595E-018
  2.922077048298101E-035
 -2.365300958067587E-034
  2.565391167955674E-018
  4.581388852797430E-018
 -1.053287664790879E-034
 -5.992953664230497E-034
  6.790646987582944E-018
  9.289030916564404E-018
 -1.369456702800349E-034
  9.747018821999895E-034
  1.084526906887201E-017
  1.523267804093918E-017
 -2.267006203645607E-033
  1.737790689069141E-033
  2.141246659533069E-017
  2.052212920926345E-017
 -4.874900630944424E-034
  1.048277879542603E-034
  4.438312653233538E-017
  9.586954842961730E-018
 -5.791393167080255E-034
 -9.495570434148521E-035
  8.634482079355724E-017
  1.522345487707260E-017
  0.000000000000000E+000
 -2.798080224028270E-021
  5.397196900933785E-018
 -2.843045401153511E-036
 -3.112386544420685E-035
  4.981516858784747E-021
  1.167361670980848E-020
 -1.062401176220522E-035
  5.267115690558083E-035
  5.176842123552490E-020
  3.755271242755210E-019
 -4.331435781395554E-035
  2.153980976294989E-034
  2.358756688194919E-019
  9.604940832819145E-019
  1.775415803651467E-034
 -1.092994308682770E-034
  6.728295770341674E-019
  2.195499008939051E-018
  4.013673769984336E-034
  2.093297324052833E-033
  1.733828728693050E-018
  4.059306077688724E-018
 -3.283890401092914E-034
  5.536040536203956E-036
  3.899174751721558E-018
  4.532896992718690E-018
  3.979316609268134E-034
  1.193767144193108E-034
  7.629373434104169E-018
  9.980081642221083E-018
 -1.083391409268334E-033
  2.864363731617387E-034
  1.851215632606242E-017
  1.580518564928966E-017
  1.080173076646407E-033
 -1.194150160636816E-033
  3.162299250515734E-017
  1.998935834227962E-017
 -3.316084972391553E-034
 -9.857122718349429E-035
  3.759080185067599E-017
  3.917161150033928E-017
 -1.003258578238856E-033
  4.244246994633813E-034
  6.531136844040196E-017
  3.877945941628721E-017
  0.000000000000000E+000
 -3.591215243562329E-035
 -1.684728711741099E-020
 -2.925381859823213E-021
 -1.291126572560215E-020
  5.985358739270549E-036
 -1.029481703154534E-034
  1.456063187595954E-020
  1.415723942649009E-019
  4.002708656887180E-036
  1.490354326078367E-034
  1.794949435554276E-019
  5.544569066919662E-019
  4.325356901425983E-036
 -2.144020965267921E-034
  5.314044643828150E-019
  1.364647776238068E-018
  7.519585481879308E-035
 -7.842628269108445E-034
  1.018760473275186E-018
  3.164151886224818E-018
 -1.625647235720783E-034
  2.433370198317126E-033
  1.876982761701994E-018
  3.419814080742457E-018
 -2.685529224202594E-034
 -1.208227549271446E-034
  5.089214287145300E-018
  7.030323007312243E-018
 -3.267952140132402E-034
 -7.599976793304704E-034
  8.144728850726150E-018
  1.158447474749556E-017
 -1.678460002030692E-033
  5.772575747885035E-035
  1.566618213812608E-017
  1.470799111001354E-017
  2.986001410655432E-033
 -6.898365632178961E-034
  3.090136112781214E-017
  6.105980913423412E-018
  6.160322072564802E-034
 -3.309394020370305E-034
  4.856328870260081E-017
  9.056535697731779E-018
  8.849398418458903E-034
  4.205092191252601E-034
  8.082229471388313E-017
  7.782087979037496E-017
  0.000000000000000E+000
 -1.255124595025668E-021
 -7.614434663882011E-017
 -2.244509527226456E-036
  1.197071747854110E-034
  1.789696345589472E-020
  6.986911237102414E-020
 -2.521332368917719E-035
 -1.496339684817637E-035
  6.853244518055660E-020
  2.723145232521573E-019
 -1.582379216694651E-035
  1.478009523678621E-034
  1.962417015361524E-019
  7.067795216881271E-019
 -2.541644011123739E-035
 -4.416025734202901E-034
  5.735665689408020E-019
  1.790864654488418E-018
 -1.543577678357626E-034
 -3.756294645077356E-034
  1.336375199788932E-018
  2.988103260839957E-018
 -3.145866256548078E-034
  6.418459580993402E-034
  3.104960883677286E-018
  3.386525178336245E-018
  1.391302202861017E-033
 -5.400293066110878E-035
  5.901615681958350E-018
  7.632664974437768E-018
  6.755431496990939E-035
  5.641943776426579E-034
  1.395029233021532E-017
  1.198660247690306E-017
 -7.018940060429779E-034
 -1.409982764374390E-033
  2.330904943315641E-017
  1.457325281182320E-017
 -1.351558695503971E-033
  4.513661723395921E-034
  2.654545795689626E-017
  2.661926790211750E-017
 -1.175103455732852E-033
 -1.478962695544459E-034
  3.705617015395780E-017
  2.202905884997024E-017
 -4.673575168423713E-036
 -1.572986117742473E-034
  1.098116363138095E-016
 -5.052033343425346E-017
