OPTIMAL FLOW WITH TARGET RMS   1.30E+01     LMAX_U  25 LMAX_B  4
  1   0    -2.61215E-04      0.00000E+00     -1.44971E-17      0.00000E+00
  1   1     3.66344E-04     -3.37928E-04     -9.71023E-04      2.02469E-03
  2   0    -3.28177E-04      0.00000E+00      7.02948E-04      0.00000E+00
  2   1     1.40711E-03      4.99840E-04     -1.40441E-04     -2.40357E-04
  2   2     1.85267E-04     -3.44032E-05      1.47436E-05      2.78848E-04
  3   0    -3.18899E-04      0.00000E+00      2.64432E-04      0.00000E+00
  3   1     5.05722E-04      5.00515E-05     -1.98321E-04      1.60428E-04
  3   2     7.62524E-04     -2.16606E-04      1.00481E-04     -7.36044E-05
  3   3    -6.42236E-04     -1.91441E-04      7.31156E-05     -2.06119E-04
  4   0     8.40846E-06      0.00000E+00      6.29194E-04      0.00000E+00
  4   1     3.60390E-04      1.74669E-04     -2.24501E-04      3.12223E-04
  4   2     9.87455E-05     -1.81261E-04     -6.85618E-05      3.17134E-04
  4   3    -1.44600E-04     -2.14494E-04      1.45297E-04     -1.19611E-04
  4   4    -1.83152E-04      1.06900E-04     -3.20903E-05     -7.39576E-05
  5   0    -3.40228E-04      0.00000E+00     -3.87784E-17      0.00000E+00
  5   1     2.76452E-04      2.11540E-04      2.64205E-17     -6.09607E-17
  5   2     4.82708E-04      7.52529E-06     -4.89758E-18      4.16589E-17
  5   3    -1.20102E-04     -2.08281E-04      1.89836E-17     -1.74605E-17
  5   4    -2.00649E-04     -8.69282E-05      1.42478E-18      3.55991E-18
  5   5     4.28608E-05      1.92254E-04      3.59359E-19      6.37726E-19
  6   0    -1.89096E-16      0.00000E+00     -1.57835E-16      0.00000E+00
  6   1    -4.48634E-16     -3.09407E-16      6.39771E-17      1.86927E-17
  6   2    -2.51638E-17      3.29436E-17     -2.47353E-17      1.18905E-16
  6   3    -1.03211E-17     -7.35683E-18      3.77748E-17     -1.96748E-17
  6   4     6.10372E-18      2.45613E-19      3.84910E-18     -1.49809E-17
  6   5     1.07380E-18     -1.10032E-18      1.06685E-18      5.05831E-18
  6   6     8.00638E-19      5.23727E-18      2.85022E-19      1.05346E-18
  7   0    -4.39936E-19      0.00000E+00     -2.29554E-17      0.00000E+00
  7   1     4.05325E-16     -1.65679E-16      3.23310E-17     -8.57092E-18
  7   2    -3.66412E-16     -1.10490E-17     -4.34883E-18      2.45131E-17
  7   3     1.40681E-17      3.84656E-18      2.32811E-17     -1.29074E-17
  7   4    -1.43264E-17     -3.35280E-18     -1.76651E-18     -3.77777E-18
  7   5     8.95885E-18      1.07672E-18     -5.00153E-19     -6.85637E-18
  7   6     2.65243E-18     -9.11875E-19      2.52645E-18      4.21818E-18
  7   7     4.11186E-19      5.51258E-18      3.25943E-19      1.33607E-18
  8   0    -5.76760E-16      0.00000E+00     -5.90548E-17      0.00000E+00
  8   1    -1.45574E-16     -1.33557E-16      7.72543E-17      1.51008E-16
  8   2    -6.54339E-17      4.25872E-17     -7.01027E-18      1.68560E-17
  8   3     4.36822E-18      8.37535E-18      3.74143E-17     -1.84941E-17
  8   4     3.00776E-18      1.39742E-19      5.85167E-18     -1.34271E-17
  8   5    -9.74043E-18      1.32030E-19     -1.24056E-18     -1.83991E-19
  8   6     7.86266E-18     -1.91712E-18     -8.10248E-19     -5.80538E-18
  8   7     4.04545E-18     -1.07424E-18      2.04429E-18      4.02893E-18
  8   8     2.79424E-19      4.43569E-18      5.96872E-19      1.49478E-18
  9   0     2.03309E-16      0.00000E+00     -8.34747E-19      0.00000E+00
  9   1     1.96817E-16      1.60287E-17      2.69903E-17      2.11392E-17
  9   2    -4.65061E-16     -2.81977E-17     -4.70936E-18     -1.43769E-18
  9   3     3.47391E-17      3.84647E-17      1.84291E-17     -9.80641E-18
  9   4    -7.40730E-18     -1.55583E-18     -2.32365E-18     -4.38859E-18
  9   5     5.33121E-18      7.89741E-19     -1.14031E-19     -1.39996E-18
  9   6    -8.62297E-18      7.33070E-19      1.89261E-19      1.93255E-19
  9   7     8.03879E-18     -9.70034E-19     -1.22267E-18     -5.68222E-18
  9   8     4.96663E-18     -2.06952E-18      2.06233E-18      4.29668E-18
  9   9    -8.28477E-19      5.65729E-18      6.63699E-19      1.80349E-18
 10   0    -6.64893E-16      0.00000E+00      4.18292E-17      0.00000E+00
 10   1     3.10474E-16      1.71071E-16      5.70608E-17      1.63353E-16
 10   2    -7.01463E-17      3.16601E-17      1.01484E-17     -8.19732E-17
 10   3     1.71010E-17      2.57976E-17      2.23522E-17     -1.08525E-17
 10   4     3.30904E-18     -7.61172E-19      6.41596E-18     -1.37675E-17
 10   5    -7.56031E-18      1.86879E-19     -1.95026E-18     -1.77562E-19
 10   6     5.45426E-18     -1.50544E-18     -3.48884E-19     -1.65823E-18
 10   7    -8.43587E-18      1.69358E-18      2.85624E-19      3.40526E-19
 10   8     9.43547E-18     -2.00957E-18     -1.20485E-18     -5.40754E-18
 10   9     6.27156E-18     -2.18219E-18      1.69324E-18      4.10918E-18
 10  10    -7.35254E-19      4.86218E-18      8.88994E-19      2.07256E-18
 11   0     2.59422E-16      0.00000E+00      1.62004E-17      0.00000E+00
 11   1    -1.68057E-16      2.42354E-16      1.23613E-17      2.63549E-17
 11   2    -3.01258E-16     -2.63294E-17     -4.27919E-18     -2.13664E-17
 11   3     4.84853E-17      6.55449E-17      7.46913E-18     -3.68580E-18
 11   4     2.01992E-18      1.71300E-18     -2.06863E-18     -3.83695E-18
 11   5     3.68894E-18      3.45458E-19     -5.00533E-22     -1.15406E-19
 11   6    -7.60052E-18      7.31918E-19     -1.11403E-19     -3.00564E-19
 11   7     5.86146E-18     -1.20017E-18     -5.11698E-19     -2.16180E-18
 11   8    -8.18014E-18      1.05941E-18      3.77263E-19      6.90260E-19
 11   9     8.89361E-18     -7.76596E-19     -1.62190E-18     -5.09186E-18
 11  10     7.95986E-18     -3.49515E-18      2.03992E-18      3.84509E-18
 11  11    -2.24932E-19      4.66197E-18      1.06959E-18      1.80770E-18
 12   0    -3.31159E-16      0.00000E+00      9.87244E-17      0.00000E+00
 12   1     6.56711E-16      4.21609E-16      1.51180E-17      8.26036E-17
 12   2    -3.03739E-17      3.19772E-18      1.89711E-17     -1.28950E-16
 12   3     2.22619E-17      3.44529E-17      4.15345E-19     -1.03267E-19
 12   4     4.85661E-18     -1.78977E-18      5.04351E-18     -1.06128E-17
 12   5    -5.18876E-18      2.33790E-19     -2.12098E-18      2.01053E-20
 12   6     4.04634E-18     -1.15780E-18     -1.39196E-19     -3.13987E-19
 12   7    -8.70686E-18      1.73569E-18     -5.39779E-21     -2.65412E-19
 12   8     7.56176E-18     -1.98790E-18     -6.14166E-19     -2.50847E-18
 12   9    -7.46858E-18      2.29935E-18      5.26598E-19      9.65751E-19
 12  10     8.86585E-18     -2.55018E-18     -1.09386E-18     -4.45710E-18
 12  11     7.46166E-18     -4.45049E-18      2.14320E-18      3.21237E-18
 12  12    -6.84939E-19      5.83355E-18      1.11112E-18      1.69915E-18
 13   0     1.52861E-16      0.00000E+00      2.14708E-17      0.00000E+00
 13   1    -4.42135E-16      3.65427E-16     -4.92440E-18      1.48808E-17
 13   2     6.70680E-17     -5.78158E-18     -3.00273E-18     -2.68526E-17
 13   3     4.34583E-17      6.41797E-17     -4.44287E-18      2.95567E-18
 13   4     1.10897E-17      5.45113E-18     -1.29026E-18     -2.42145E-18
 13   5     2.62655E-18     -4.31722E-19      2.27149E-20      1.89896E-19
 13   6    -5.68344E-18      7.02511E-19     -1.42023E-19     -2.96696E-19
 13   7     4.33316E-18     -9.03458E-19     -1.77798E-19     -6.79375E-19
 13   8    -9.47499E-18      1.68268E-18      4.72842E-21     -1.24610E-19
 13   9     7.91976E-18     -1.52135E-18     -8.46461E-19     -2.69891E-18
 13  10    -5.53466E-18      2.66522E-19      7.23730E-19      1.01517E-18
 13  11     8.19510E-18     -2.89710E-18     -1.64205E-18     -3.69382E-18
 13  12     7.42961E-18     -4.87314E-18      1.96115E-18      2.90393E-18
 13  13     1.37498E-18      5.80374E-18      1.29354E-18      1.88762E-18
 14   0     2.68727E-16      0.00000E+00      9.44771E-17      0.00000E+00
 14   1     6.66966E-16      4.52431E-16     -2.74839E-17     -2.90274E-17
 14   2     3.28753E-17     -3.06634E-17      1.67766E-17     -1.08132E-16
 14   3     1.59966E-17      2.61706E-17     -1.79374E-17      8.81685E-18
 14   4     6.06250E-18     -2.67855E-18      2.12820E-18     -4.36384E-18
 14   5    -3.68344E-18      1.49869E-19     -1.88908E-18      5.31182E-20
 14   6     3.22759E-18     -8.55005E-19     -7.12945E-20      9.49184E-20
 14   7    -7.08454E-18      1.54083E-18     -7.21070E-20     -3.30203E-19
 14   8     5.77683E-18     -1.61554E-18     -2.83279E-19     -9.90424E-19
 14   9    -9.63707E-18      2.98903E-18      1.88939E-19      8.47136E-20
 14  10     8.06826E-18     -3.26236E-18     -6.92631E-19     -2.74122E-18
 14  11    -4.43787E-18      1.44968E-18      6.44162E-19      9.03326E-19
 14  12     7.61783E-18     -2.20171E-18     -1.72817E-18     -3.30755E-18
 14  13     9.09893E-18     -6.09359E-18      2.16389E-18      3.17736E-18
 14  14    -1.26474E-18      4.56429E-18      1.51054E-18      1.96018E-18
 15   0    -3.02771E-17      0.00000E+00      1.49300E-17      0.00000E+00
 15   1    -4.48466E-16      2.89313E-16     -1.74400E-17     -1.38440E-18
 15   2     4.40044E-16      2.03459E-17     -9.75507E-19     -1.80079E-17
 15   3     1.74525E-17      2.96620E-17     -1.20698E-17      7.18245E-18
 15   4     1.50163E-17      6.95990E-18     -2.25741E-19     -5.40230E-19
 15   5     1.85387E-18     -1.56625E-18      1.60265E-20      2.38308E-19
 15   6    -4.13828E-18      6.05255E-19     -1.01871E-19     -2.56389E-19
 15   7     3.40750E-18     -7.26633E-19     -4.92519E-20     -1.20438E-19
 15   8    -8.25941E-18      1.46750E-18     -7.91876E-20     -3.10964E-19
 15   9     6.35030E-18     -1.54604E-18     -3.66940E-19     -1.18918E-18
 15  10    -8.95208E-18      1.35506E-18      2.57547E-19      1.33733E-19
 15  11     7.39763E-18     -3.07544E-18     -1.15580E-18     -2.52532E-18
 15  12    -3.83289E-18      1.56473E-18      1.04780E-18      9.49597E-19
 15  13     1.00825E-17     -2.81110E-18     -1.99863E-18     -2.96672E-18
 15  14     9.35307E-18     -7.74011E-18      1.99689E-18      2.51301E-18
 15  15    -2.78612E-18      6.13353E-18      1.52497E-18      1.64805E-18
 16   0     7.95188E-16      0.00000E+00      4.32628E-17      0.00000E+00
 16   1     3.00304E-16      2.24140E-16     -5.11891E-17     -1.08354E-16
 16   2     8.20507E-17     -5.16627E-17      6.67435E-18     -3.86861E-17
 16   3     3.45641E-19      3.18416E-18     -2.51577E-17      1.22882E-17
 16   4     5.51867E-18     -2.47146E-18     -9.59533E-19      2.29924E-18
 16   5    -2.66306E-18      4.35360E-20     -1.03937E-18     -2.71649E-20
 16   6     2.59411E-18     -6.49591E-19     -2.57189E-20      1.96023E-19
 16   7    -5.40791E-18      1.05302E-18     -6.53365E-20     -2.63563E-19
 16   8     4.54641E-18     -1.21165E-18     -1.04719E-19     -3.18711E-19
 16   9    -8.98625E-18      2.62809E-18      4.91299E-20     -1.71554E-19
 16  10     6.33334E-18     -2.94677E-18     -3.53288E-19     -1.37638E-18
 16  11    -7.94624E-18      3.12755E-18      1.34599E-19      1.09171E-19
 16  12     7.43844E-18     -3.93754E-18     -1.19693E-18     -2.47214E-18
 16  13    -2.12475E-18      1.50462E-18      9.02144E-19      1.21560E-18
 16  14     6.86751E-18     -3.48238E-18     -1.58551E-18     -2.95467E-18
 16  15     7.98246E-18     -7.70126E-18      2.56051E-18      2.77384E-18
 16  16    -1.20068E-19      6.98973E-18      1.51399E-18      1.93907E-18
 17   0    -1.75584E-16      0.00000E+00      2.01889E-18      0.00000E+00
 17   1    -1.83472E-16      3.74960E-17     -2.02987E-17     -1.26105E-17
 17   2     6.01350E-16      3.62454E-17      1.16399E-18     -1.79574E-18
 17   3    -1.80679E-17     -2.26772E-17     -1.27313E-17      7.40228E-18
 17   4     1.18332E-17      5.68052E-18      6.60474E-19      1.01882E-18
 17   5     1.40538E-18     -1.82021E-18      1.52185E-20      2.14325E-19
 17   6    -3.06603E-18      4.00319E-19     -9.20670E-20     -1.97307E-19
 17   7     2.81840E-18     -5.64216E-19      8.73359E-21      8.78595E-20
 17   8    -6.64433E-18      1.30252E-18     -8.04483E-20     -2.82216E-19
 17   9     5.16877E-18     -1.44070E-18     -1.39928E-19     -4.57120E-19
 17  10    -8.94314E-18      1.56174E-18      8.30624E-20     -1.59660E-19
 17  11     5.95889E-18     -2.70222E-18     -6.51402E-19     -1.43769E-18
 17  12    -7.71778E-18      3.51019E-18      5.85723E-19      2.12994E-19
 17  13     9.87072E-18     -3.72971E-18     -1.59439E-18     -2.44070E-18
 17  14    -2.28836E-18     -7.53313E-19      1.00877E-18      1.16081E-18
 17  15     7.06430E-18     -4.36574E-18     -1.68080E-18     -2.66709E-18
 17  16     1.01462E-17     -7.64273E-18      2.18885E-18      2.13675E-18
 17  17    -1.32433E-18      2.31126E-18      1.83573E-18      1.47352E-18
 18   0     9.30283E-16      0.00000E+00     -2.16037E-17      0.00000E+00
 18   1    -2.64068E-16     -1.49698E-16     -4.78563E-17     -1.21408E-16
 18   2     8.88977E-17     -4.78939E-17     -5.01291E-18      3.96810E-17
 18   3    -1.59337E-17     -2.18246E-17     -1.97577E-17      9.53176E-18
 18   4     3.63644E-18     -1.33262E-18     -3.05414E-18      6.78893E-18
 18   5    -1.82075E-18      4.36321E-20     -1.43018E-19     -1.74803E-19
 18   6     2.27008E-18     -4.86464E-19     -4.23312E-21      2.22748E-19
 18   7    -4.20356E-18      8.72204E-19     -5.35998E-20     -2.29961E-19
 18   8     3.72040E-18     -1.00711E-18     -3.32480E-20     -3.62588E-20
 18   9    -7.49416E-18      2.22602E-18     -1.84292E-20     -2.03463E-19
 18  10     5.00555E-18     -2.74999E-18     -1.55459E-19     -6.35356E-19
 18  11    -8.41697E-18      3.47491E-18     -1.80861E-20     -1.58544E-19
 18  12     6.10583E-18     -4.21118E-18     -6.23061E-19     -1.46305E-18
 18  13    -6.61910E-18      4.56263E-18      3.04502E-19      3.49196E-19
 18  14     7.77330E-18     -4.76595E-18     -1.37335E-18     -2.46639E-18
 18  15    -2.73319E-18     -2.73571E-19      1.25696E-18      1.32286E-18
 18  16     6.89817E-18     -2.76355E-18     -2.04716E-18     -2.52581E-18
 18  17     8.39002E-18     -9.97269E-18      2.23310E-18      2.56735E-18
 18  18    -4.27851E-18      4.27205E-18      2.07197E-18      1.47878E-18
 19   0    -2.04398E-16      0.00000E+00     -9.96367E-18      0.00000E+00
 19   1     1.99693E-16     -2.59137E-16     -1.35120E-17     -1.45393E-17
 19   2     4.48206E-16      3.20197E-17      2.75096E-18      1.28319E-17
 19   3    -4.54702E-17     -6.61741E-17     -7.43210E-18      4.28457E-18
 19   4     2.87240E-18      1.72199E-18      1.12722E-18      1.79508E-18
 19   5     1.27525E-18     -1.71980E-18      1.15367E-20      1.92168E-19
 19   6    -2.27483E-18      3.35703E-19     -7.08418E-20     -1.64523E-19
 19   7     2.21834E-18     -3.87586E-19      4.56170E-20      1.60802E-19
 19   8    -5.37717E-18      9.49052E-19     -8.36833E-20     -2.63450E-19
 19   9     4.39760E-18     -1.20270E-18     -2.30044E-20     -1.15901E-19
 19  10    -7.90896E-18      1.38448E-18     -2.95858E-20     -2.00171E-19
 19  11     4.88277E-18     -2.23555E-18     -3.59562E-19     -7.68334E-19
 19  12    -8.58228E-18      3.96460E-18      3.06739E-19     -7.54586E-20
 19  13     8.51529E-18     -3.54707E-18     -1.02209E-18     -1.59855E-18
 19  14    -7.23146E-18      2.50741E-18      4.71819E-19      4.91612E-19
 19  15     7.99739E-18     -5.96382E-18     -1.59883E-18     -2.39243E-18
 19  16    -9.66145E-19      1.27874E-18      1.09140E-18      1.06476E-18
 19  17     8.35192E-18     -6.08344E-18     -1.86633E-18     -1.60504E-18
 19  18     8.59032E-18     -1.14009E-17      2.20671E-18      1.70953E-18
 19  19    -3.52137E-19      5.19995E-18      1.88403E-18      1.33531E-18
 20   0     5.67039E-16      0.00000E+00     -6.65229E-17      0.00000E+00
 20   1    -7.22915E-16     -4.66791E-16     -2.24948E-17     -7.17647E-17
 20   2     4.79593E-17     -1.78533E-17     -1.26298E-17      8.91184E-17
 20   3    -2.55124E-17     -3.73246E-17     -6.15900E-18      2.81864E-18
 20   4     5.50534E-19      2.64367E-19     -3.55024E-18      7.80287E-18
 20   5    -1.44278E-18      9.19425E-20      5.68845E-19     -3.16236E-19
 20   6     2.07227E-18     -5.20819E-19     -3.50224E-21      1.99478E-19
 20   7    -3.25990E-18      5.96001E-19     -4.29062E-20     -1.87577E-19
 20   8     3.12069E-18     -6.92921E-19     -1.46167E-20      8.72966E-20
 20   9    -6.19870E-18      1.64999E-18     -2.66343E-20     -2.08964E-19
 20  10     4.06406E-18     -2.19936E-18     -6.29967E-20     -2.49990E-19
 20  11    -7.66454E-18      3.23671E-18     -6.84273E-20     -2.31154E-19
 20  12     5.13190E-18     -4.24426E-18     -3.03830E-19     -8.42856E-19
 20  13    -7.97798E-18      5.24804E-18      7.28613E-20     -1.69691E-20
 20  14     7.05856E-18     -4.51744E-18     -9.21000E-19     -1.63593E-18
 20  15    -7.60986E-18      3.32471E-18      5.45452E-19      5.60255E-19
 20  16     7.81310E-18     -4.39627E-18     -1.94584E-18     -2.41793E-18
 20  17     6.74146E-19     -7.55752E-19      1.13774E-18      1.42992E-18
 20  18     3.67221E-18     -5.39080E-18     -1.73452E-18     -1.72919E-18
 20  19     8.12744E-18     -1.09007E-17      2.74326E-18      2.15456E-18
 20  20    -8.81695E-20      2.94591E-18      2.24518E-18      1.67761E-18
 21   0    -1.05217E-16      0.00000E+00     -1.53142E-17      0.00000E+00
 21   1     4.84258E-16     -4.32873E-16     -1.44383E-18     -8.22823E-18
 21   2     4.17060E-17      9.67956E-18      2.90559E-18      1.91540E-17
 21   3    -5.21456E-17     -8.00213E-17      4.43378E-19     -2.61992E-19
 21   4    -8.20686E-18     -3.24929E-18      1.01643E-18      1.65495E-18
 21   5     1.20174E-18     -1.22397E-18      2.07330E-20      1.55851E-19
 21   6    -1.80722E-18      2.82719E-19     -5.40158E-20     -1.44708E-19
 21   7     2.07411E-18     -4.53310E-19      3.54403E-20      1.70757E-19
 21   8    -4.17589E-18      7.11236E-19     -8.12761E-20     -2.32417E-19
 21   9     3.58221E-18     -1.13635E-18      3.78472E-20      7.41664E-20
 21  10    -6.68448E-18      1.22087E-18     -3.53516E-20     -2.37402E-19
 21  11     3.94127E-18     -1.70644E-18     -1.74959E-19     -3.80626E-19
 21  12    -8.25087E-18      3.50824E-18      1.75555E-19     -1.74403E-19
 21  13     7.28138E-18     -3.19551E-18     -6.17285E-19     -9.79411E-19
 21  14    -8.72088E-18      3.59228E-18      2.22082E-19      1.75987E-19
 21  15     7.34495E-18     -5.87882E-18     -1.12642E-18     -1.67311E-18
 21  16    -6.46073E-18      5.64145E-18      4.73928E-19      4.56633E-19
 21  17     9.99238E-18     -7.29704E-18     -1.95135E-18     -1.65015E-18
 21  18     6.09081E-20     -2.01229E-18      1.37133E-18      1.03862E-18
 21  19     7.74846E-18     -6.75518E-18     -1.87619E-18     -1.24052E-18
 21  20     1.01163E-17     -1.37239E-17      2.28951E-18      1.01486E-18
 21  21    -5.56572E-18      8.00627E-18      1.69889E-18      1.06495E-18
 22   0    -1.19054E-16      0.00000E+00     -7.24660E-17      0.00000E+00
 22   1    -8.15130E-16     -5.44889E-16      9.90605E-18      6.74801E-18
 22   2    -2.15589E-17      2.28245E-17     -1.31462E-17      8.91320E-17
 22   3    -2.36267E-17     -3.53398E-17      8.67948E-18     -4.48117E-18
 22   4    -2.23754E-18      1.91491E-18     -2.49595E-18      5.48593E-18
 22   5    -1.13806E-18      1.20065E-20      1.04278E-18     -3.78702E-19
 22   6     1.85692E-18     -5.65492E-19      1.34769E-21      1.66820E-19
 22   7    -2.67702E-18      5.88991E-19     -1.41921E-20     -1.60411E-19
 22   8     2.69547E-18     -6.63425E-19      3.55728E-22      1.37095E-19
 22   9    -5.03372E-18      1.52724E-18     -4.54102E-20     -1.81914E-19
 22  10     3.46677E-18     -2.07413E-18     -1.42804E-20     -6.65302E-20
 22  11    -6.73078E-18      2.96835E-18     -8.61065E-20     -2.26342E-19
 22  12     4.09755E-18     -3.91483E-18     -9.79836E-20     -4.56335E-19
 22  13    -7.99763E-18      5.35863E-18     -1.73313E-20     -1.61173E-19
 22  14     6.30499E-18     -4.29512E-18     -5.67153E-19     -9.84273E-19
 22  15    -9.32207E-18      4.71946E-18      1.96923E-19      1.77606E-19
 22  16     7.20983E-18     -4.32385E-18     -1.39809E-18     -1.75283E-18
 22  17    -3.51055E-18      4.13578E-18      5.12136E-19      7.38205E-19
 22  18     5.29445E-18     -7.49470E-18     -1.88833E-18     -1.78119E-18
 22  19     1.38450E-18     -1.17460E-18      1.59985E-18      1.01853E-18
 22  20     3.59083E-18     -6.94678E-18     -1.93697E-18     -6.20534E-19
 22  21     6.18675E-18     -1.05002E-17      2.26291E-18      9.98899E-19
 22  22     2.26938E-18      1.05324E-17      1.61932E-18      1.29364E-18
 23   0     6.40918E-17      0.00000E+00     -1.24136E-17      0.00000E+00
 23   1     4.97419E-16     -3.80198E-16      9.61751E-18      1.50222E-18
 23   2    -4.09723E-16     -1.95901E-17      1.70574E-18      1.52034E-17
 23   3    -3.32978E-17     -5.37913E-17      7.17845E-18     -4.12827E-18
 23   4    -1.67551E-17     -7.10585E-18      5.03011E-19      7.76909E-19
 23   5     1.23112E-18      6.22440E-20      1.31267E-20      1.29675E-19
 23   6    -1.30941E-18      2.39936E-19     -5.22932E-20     -1.20436E-19
 23   7     1.84791E-18     -3.40188E-19      3.96277E-20      1.63891E-19
 23   8    -3.56625E-18      6.07042E-19     -5.69662E-20     -1.80164E-19
 23   9     3.18247E-18     -9.08961E-19      5.32529E-20      1.39792E-19
 23  10    -5.51904E-18      9.91380E-19     -5.46954E-20     -2.11465E-19
 23  11     3.21107E-18     -1.53287E-18     -7.24388E-20     -1.67213E-19
 23  12    -7.21537E-18      2.99776E-18      1.03101E-19     -1.99597E-19
 23  13     6.29470E-18     -2.71993E-18     -3.54005E-19     -5.84164E-19
 23  14    -8.79349E-18      3.80710E-18      8.83007E-20      3.71533E-20
 23  15     6.63194E-18     -5.18897E-18     -7.59433E-19     -1.11210E-18
 23  16    -8.75045E-18      7.36408E-18      1.69026E-19      1.62593E-19
 23  17     9.61967E-18     -6.93206E-18     -1.50258E-18     -1.25698E-18
 23  18    -4.40469E-18      3.35744E-18      8.04251E-19      5.85911E-19
 23  19     8.19202E-18     -9.40326E-18     -2.11463E-18     -1.51055E-18
 23  20     4.92888E-18     -3.03233E-18      1.27593E-18      5.97137E-19
 23  21     4.33033E-20     -3.63241E-18     -9.68431E-19     -7.40955E-19
 23  22     7.96250E-18     -1.01511E-17      1.27369E-18      1.12089E-18
 23  23    -2.45423E-18      5.25416E-18      2.04044E-18      5.89017E-19
 24   0    -7.61857E-16      0.00000E+00     -4.16445E-17      0.00000E+00
 24   1    -4.70516E-16     -3.28783E-16      3.29627E-17      7.06739E-17
 24   2    -8.27755E-17      5.35656E-17     -7.09142E-18      4.58561E-17
 24   3    -9.43174E-18     -1.53669E-17      1.75722E-17     -8.82718E-18
 24   4    -4.10107E-18      2.77579E-18     -4.62156E-19      1.03858E-18
 24   5    -7.87634E-19     -2.18907E-20      1.05898E-18     -3.56592E-19
 24   6     1.63772E-18     -3.29258E-19      6.14609E-21      1.47722E-19
 24   7    -2.14739E-18      5.09985E-19     -3.09040E-20     -1.32638E-19
 24   8     2.56481E-18     -7.08365E-19      1.58215E-20      1.54111E-19
 24   9    -4.04321E-18      1.18519E-18     -2.50693E-20     -1.50328E-19
 24  10     3.01263E-18     -1.78678E-18      5.31039E-22      2.40122E-20
 24  11    -5.88010E-18      2.42235E-18     -7.44960E-20     -2.11925E-19
 24  12     3.60664E-18     -3.70217E-18      1.09436E-20     -2.20648E-19
 24  13    -7.12061E-18      4.86869E-18     -7.25208E-20     -2.00633E-19
 24  14     5.70424E-18     -4.21685E-18     -3.49327E-19     -5.65951E-19
 24  15    -9.65549E-18      5.13602E-18      3.57990E-20     -1.06748E-20
 24  16     6.37679E-18     -3.87020E-18     -9.30007E-19     -1.18255E-18
 24  17    -5.41321E-18      6.42802E-18      1.63081E-19      3.45345E-19
 24  18     5.68386E-18     -7.95624E-18     -1.45348E-18     -1.37878E-18
 24  19    -2.81166E-18      4.59987E-18      8.57244E-19      3.22311E-19
 24  20     4.07335E-18     -8.70380E-18     -2.32055E-18     -8.92383E-19
 24  21     1.40300E-18     -3.86440E-18      1.44285E-18      6.86821E-19
 24  22     5.74132E-18      1.92217E-18     -1.14140E-18     -1.13412E-18
 24  23     4.39220E-18     -1.32611E-17      2.00228E-18      1.03692E-18
 24  24    -1.29970E-18      7.54088E-18      2.03986E-18      9.61472E-19
 25   0     2.07375E-16      0.00000E+00     -3.64177E-18      0.00000E+00
 25   1     2.28086E-16     -1.14891E-16      1.44617E-17      8.87413E-18
 25   2    -6.65804E-16     -3.95558E-17     -1.15264E-19      4.08906E-18
 25   3     4.40707E-18      8.40794E-19      9.71675E-18     -5.57276E-18
 25   4    -1.81197E-17     -7.77389E-18     -2.12831E-19     -4.25617E-19
 25   5     1.42713E-18      1.63648E-18      6.87108E-21      1.00844E-19
 25   6    -1.01059E-18      2.05915E-19     -3.56959E-20     -1.03940E-19
 25   7     1.72575E-18     -4.50897E-19      3.61297E-20      1.57203E-19
 25   8    -2.88655E-18      5.74884E-19     -5.57015E-20     -1.63311E-19
 25   9     2.81680E-18     -8.90553E-19      5.86994E-20      1.58102E-19
 25  10    -4.69070E-18      6.82243E-19     -5.04470E-20     -1.91654E-19
 25  11     2.88191E-18     -1.35926E-18     -7.62743E-21     -4.05252E-20
 25  12    -6.33260E-18      2.56733E-18      2.78930E-20     -1.97728E-19
 25  13     5.16203E-18     -2.35918E-18     -1.66092E-19     -3.32352E-19
 25  14    -8.12644E-18      3.74051E-18      1.48301E-20     -3.51734E-20
 25  15     5.69830E-18     -4.64396E-18     -4.86934E-19     -6.98895E-19
 25  16    -9.18950E-18      7.70016E-18      1.48447E-20      1.89934E-20
 25  17     8.97305E-18     -6.08608E-18     -1.05233E-18     -8.97885E-19
 25  18    -6.70546E-18      5.69731E-18      4.48091E-19      3.42802E-19
 25  19     7.02764E-18     -9.70741E-18     -1.74125E-18     -1.32637E-18
 25  20     1.27590E-18      3.99258E-18      6.37461E-19      3.47767E-19
 25  21     1.66659E-18     -6.75907E-18     -1.29898E-18     -9.30814E-19
 25  22     1.53572E-18     -3.01813E-18      8.07359E-19      5.54689E-19
 25  23     3.22554E-18     -4.79702E-18     -1.18241E-18     -1.61286E-19
 25  24     6.10676E-18     -1.33599E-17      1.07995E-18      3.57986E-19
 25  25    -1.49147E-18      4.54512E-18      2.09056E-18      8.74569E-19
