794.000000	33.671883	-4.122910	1.754987	0.815631	1.581616	-0.839118	-0.603678	0.860391	-0.306000	0.300511	0.308854	-0.123840	-0.112561	-0.280464	0.311592	-0.061845	-0.099951	0.067989	0.046253	0.001572	0.041011	-0.058766	-0.094864	0.095195	
793.900000	33.778256	-4.875851	1.389595	0.927193	1.678579	-1.102860	-0.629753	0.817799	-0.320715	0.350202	0.329544	-0.202758	-0.111747	-0.293032	0.327996	-0.070772	-0.103764	0.083564	0.050203	-0.018324	0.042261	-0.061599	-0.099321	0.108517	
793.800000	34.079223	-4.626938	0.536475	0.873046	1.837488	-1.181881	-0.682365	0.553901	-0.348516	0.344874	0.361914	-0.259878	-0.085665	-0.317871	0.268887	-0.068646	-0.112124	0.088270	0.055679	-0.041075	0.045467	-0.052014	-0.107892	0.100068	
793.700000	33.942185	-3.510418	-0.477938	0.689892	1.857961	-1.059031	-0.675320	0.174426	-0.347155	0.294020	0.368417	-0.276756	-0.045793	-0.315324	0.159848	-0.057854	-0.110396	0.082420	0.057830	-0.058634	0.044321	-0.034662	-0.107350	0.074339	
793.600000	33.443188	-3.382893	-1.257862	0.657092	1.763587	-1.158375	-0.618293	-0.058463	-0.321266	0.295730	0.353431	-0.335447	-0.023199	-0.289751	0.110795	-0.057149	-0.100086	0.088471	0.057239	-0.080647	0.039471	-0.026742	-0.099116	0.068650	
793.500000	32.697491	-4.543072	-1.549450	0.831150	1.590829	-1.517827	-0.526662	-0.047024	-0.278430	0.367841	0.323826	-0.433655	-0.028930	-0.248219	0.150771	-0.070340	-0.083798	0.109340	0.054821	-0.103093	0.032026	-0.033292	-0.085550	0.090190	
793.400000	31.837496	-5.772389	-1.246531	1.050935	1.382018	-1.800716	-0.418498	0.143588	-0.227698	0.449915	0.287654	-0.487707	-0.054229	-0.199118	0.229491	-0.086640	-0.064721	0.128951	0.051651	-0.108920	0.023338	-0.047388	-0.069481	0.116747	
793.300000	31.057717	-6.259041	-0.503851	1.196117	1.199015	-1.818865	-0.320340	0.404199	-0.182178	0.499625	0.256572	-0.460289	-0.086189	-0.154704	0.300057	-0.098016	-0.047424	0.137518	0.049252	-0.093384	0.015365	-0.061790	-0.055018	0.132147	
793.200000	30.600828	-5.696796	0.257642	1.200432	1.118765	-1.559355	-0.265281	0.587872	-0.158078	0.497682	0.245006	-0.366956	-0.108569	-0.130221	0.323238	-0.100072	-0.037515	0.132843	0.049486	-0.065336	0.010531	-0.069533	-0.047246	0.128080	
793.100000	30.276113	-4.468355	0.528369	1.086364	1.080702	-1.204044	-0.227510	0.576055	-0.142585	0.458348	0.241518	-0.272866	-0.109068	-0.113764	0.286468	-0.094310	-0.030526	0.121838	0.050835	-0.044099	0.006937	-0.067172	-0.042179	0.108591	
793.000000	29.424102	-3.673909	-0.254531	0.971081	0.875549	-1.131394	-0.117488	0.291144	-0.091495	0.431184	0.206704	-0.291637	-0.080723	-0.064064	0.207270	-0.088524	-0.011087	0.120740	0.048135	-0.058758	-0.001992	-0.055372	-0.026012	0.090830	
792.900000	28.040665	-3.449876	-1.561689	0.904678	0.502016	-1.292619	0.065691	-0.101555	-0.004469	0.428371	0.140395	-0.388470	-0.041614	0.019290	0.123518	-0.086068	0.020924	0.129253	0.041402	-0.095350	-0.016330	-0.041298	0.001385	0.080624	
792.800000	26.937053	-2.735461	-1.567964	0.850339	0.217598	-1.117956	0.212630	-0.152805	0.064251	0.415057	0.091220	-0.349176	-0.039004	0.085866	0.094738	-0.084549	0.046659	0.126776	0.037095	-0.088234	-0.028064	-0.039466	0.023125	0.069354	
792.700000	26.399407	-1.393415	0.016468	0.806802	0.113008	-0.525179	0.284592	0.211240	0.095569	0.387436	0.076248	-0.141681	-0.080756	0.117826	0.131860	-0.083913	0.059496	0.110481	0.037453	-0.027344	-0.034361	-0.052419	0.033248	0.056248	
792.600000	25.956242	-0.589172	1.367959	0.826013	0.038348	-0.111403	0.344840	0.550132	0.121090	0.385994	0.067029	0.013460	-0.120794	0.144383	0.180370	-0.087610	0.070453	0.102399	0.038636	0.020515	-0.039865	-0.066424	0.041562	0.051925	
792.500000	25.280487	-0.697061	1.802707	0.918864	-0.110146	-0.084108	0.437665	0.693779	0.162729	0.422764	0.044004	0.037397	-0.141206	0.185944	0.216925	-0.096357	0.087155	0.109995	0.038067	0.031009	-0.047828	-0.075904	0.054895	0.059193	
792.400000	24.331000	-0.830863	2.474238	1.032124	-0.345055	-0.026555	0.569515	0.909043	0.223234	0.464670	0.005099	0.078783	-0.169639	0.245386	0.269101	-0.106599	0.110533	0.117437	0.035603	0.048089	-0.058719	-0.088537	0.074156	0.068550	
792.300000	23.251213	-0.571673	3.719622	1.128622	-0.620753	0.224912	0.721192	1.261337	0.293028	0.494161	-0.041020	0.190876	-0.212629	0.313835	0.337562	-0.115874	0.137262	0.118097	0.032415	0.086424	-0.071134	-0.105524	0.096366	0.074235	
792.200000	22.436341	-0.382224	4.380809	1.204067	-0.812337	0.363728	0.838271	1.449207	0.345734	0.523369	-0.071141	0.250649	-0.238310	0.366310	0.374879	-0.123939	0.158226	0.122509	0.031412	0.106761	-0.081092	-0.116374	0.113226	0.077813	
792.100000	22.071772	-0.402580	3.926832	1.246711	-0.861184	0.268214	0.895290	1.328766	0.368993	0.554284	-0.074351	0.206122	-0.231365	0.391115	0.355969	-0.130034	0.169158	0.134596	0.033971	0.091923	-0.086732	-0.115800	0.120845	0.078657	
792.000000	21.947068	-0.095292	3.118059	1.227712	-0.833671	0.200842	0.921489	1.079581	0.376879	0.567371	-0.062908	0.152413	-0.210446	0.401644	0.301166	-0.132220	0.174925	0.144502	0.038590	0.070348	-0.090196	-0.109155	0.123663	0.071373	
791.900000	21.832254	0.601311	2.537145	1.173158	-0.802513	0.270841	0.948723	0.866892	0.384849	0.565379	-0.050315	0.140847	-0.193332	0.412525	0.242328	-0.132240	0.180897	0.149188	0.043585	0.059821	-0.093827	-0.102894	0.126539	0.058406	
791.800000	21.534073	0.744302	2.200955	1.213909	-0.829148	0.233422	1.003617	0.770080	0.406041	0.596231	-0.048116	0.114723	-0.189955	0.436049	0.224308	-0.138871	0.191684	0.160765	0.047465	0.050043	-0.099606	-0.103564	0.133591	0.057573	
791.700000	21.015878	-0.070991	2.071822	1.403556	-0.925293	-0.023663	1.091282	0.810115	0.443010	0.680089	-0.058525	0.046038	-0.203170	0.474588	0.263684	-0.155711	0.208199	0.184614	0.049942	0.035277	-0.107921	-0.113449	0.145619	0.076247	
791.600000	20.550644	-0.934955	2.126275	1.615740	-1.004298	-0.265491	1.174347	0.908357	0.477348	0.770798	-0.065268	-0.011124	-0.223208	0.510910	0.316787	-0.174300	0.224016	0.209122	0.053125	0.025240	-0.116011	-0.126176	0.156858	0.097206	
791.500000	20.366451	-1.097069	2.281436	1.743136	-0.993662	-0.308564	1.221897	0.981497	0.493777	0.830009	-0.054662	-0.017382	-0.240083	0.530742	0.343881	-0.187490	0.233829	0.225063	0.058815	0.026077	-0.121609	-0.135785	0.162526	0.105886	
791.400000	20.508370	-0.513987	2.318953	1.769149	-0.878792	-0.177005	1.228788	0.962762	0.489601	0.854562	-0.023763	0.011900	-0.246720	0.531650	0.330212	-0.194298	0.236795	0.233084	0.067488	0.031841	-0.124375	-0.139578	0.161786	0.100246	
791.300000	20.942511	0.491938	2.047607	1.727427	-0.670461	0.013878	1.199886	0.821877	0.467238	0.859168	0.025421	0.041213	-0.240357	0.515878	0.279440	-0.197013	0.233791	0.238178	0.078896	0.033224	-0.124686	-0.137511	0.155390	0.085192	
791.200000	21.503356	0.942678	1.386456	1.743818	-0.422032	-0.004444	1.155917	0.611730	0.437384	0.890393	0.082389	0.004094	-0.227739	0.493147	0.231735	-0.203840	0.228424	0.252638	0.091465	0.016731	-0.124016	-0.134908	0.146656	0.078376	
791.100000	22.164080	0.371137	0.424871	1.887152	-0.142275	-0.340062	1.100294	0.395149	0.401835	0.972358	0.145392	-0.120854	-0.216260	0.465077	0.214039	-0.219349	0.221309	0.282017	0.104931	-0.020349	-0.122616	-0.135912	0.136147	0.089080	
791.000000	23.318081	-0.074057	-0.339177	2.038416	0.295257	-0.614543	0.984212	0.228481	0.335475	1.057008	0.239278	-0.223151	-0.211288	0.408847	0.203750	-0.236110	0.204051	0.311089	0.123026	-0.050439	-0.117058	-0.139393	0.116088	0.099311	
790.900000	25.177393	0.331184	-0.694008	2.114310	0.958491	-0.605059	0.780633	0.117008	0.224558	1.111843	0.377242	-0.241284	-0.212726	0.311862	0.180262	-0.248754	0.171994	0.330293	0.147661	-0.059116	-0.105414	-0.143267	0.082212	0.096977	
790.800000	27.224889	0.302038	-1.457007	2.225345	1.680253	-0.774569	0.550887	-0.079585	0.101316	1.184163	0.525812	-0.319412	-0.205541	0.203009	0.152474	-0.263648	0.135688	0.356515	0.173538	-0.084733	-0.091884	-0.145175	0.044443	0.100204	
790.700000	28.921155	-1.073562	-3.034334	2.465566	2.288209	-1.425352	0.364866	-0.409161	0.000958	1.312103	0.651800	-0.546167	-0.185128	0.114734	0.137708	-0.286655	0.107113	0.401915	0.195967	-0.149510	-0.081483	-0.145884	0.013728	0.123222	
790.600000	30.077593	-2.353082	-3.921717	2.764187	2.729603	-1.949004	0.268694	-0.539704	-0.058394	1.458289	0.749927	-0.713613	-0.188885	0.066850	0.163149	-0.315237	0.094028	0.448231	0.216383	-0.193533	-0.078276	-0.156308	-0.003922	0.150306	
790.500000	30.583805	-2.176973	-2.837082	3.020424	2.971688	-1.786741	0.283360	-0.202457	-0.067963	1.572287	0.815488	-0.634400	-0.244893	0.068566	0.243218	-0.343220	0.099832	0.474623	0.234832	-0.163845	-0.083974	-0.183194	-0.005636	0.164396	
790.400000	30.358355	-1.126992	-0.617575	3.143591	2.968238	-1.192198	0.358203	0.382919	-0.039838	1.610667	0.826248	-0.401303	-0.319084	0.100676	0.340594	-0.357533	0.115564	0.472493	0.242179	-0.089481	-0.092671	-0.211531	0.003893	0.164721	
790.300000	29.427892	-0.059566	1.464873	3.074553	2.710343	-0.565817	0.437410	0.894926	0.009505	1.549921	0.769023	-0.161314	-0.368563	0.140989	0.407147	-0.348349	0.131522	0.441579	0.231411	-0.015717	-0.098438	-0.224485	0.018720	0.154035	
790.200000	28.212123	0.754013	2.255694	2.867509	2.344696	-0.186255	0.506032	1.032794	0.064342	1.437550	0.680461	-0.033317	-0.369030	0.179856	0.396861	-0.324219	0.145634	0.403434	0.211491	0.018972	-0.101726	-0.216626	0.034488	0.134885	
790.100000	27.121308	1.148247	1.134236	2.615536	2.018723	-0.225011	0.561786	0.647086	0.112771	1.332656	0.599848	-0.088165	-0.314414	0.212710	0.293222	-0.297556	0.158009	0.379659	0.192882	-0.007417	-0.104311	-0.189742	0.048216	0.112304	
790.000000	26.122137	0.806733	-0.371356	2.460641	1.723251	-0.523123	0.614279	0.210279	0.158372	1.270760	0.526554	-0.221387	-0.257020	0.243690	0.202924	-0.278331	0.170222	0.369678	0.176025	-0.053841	-0.107069	-0.164589	0.061150	0.102085	
789.900000	25.095559	-0.438066	-0.616131	2.508709	1.418272	-0.857808	0.673486	0.213254	0.207177	1.269024	0.451710	-0.307709	-0.248858	0.277841	0.230006	-0.272790	0.183798	0.366944	0.159158	-0.073728	-0.110492	-0.160613	0.075146	0.116736	
789.800000	24.072537	-1.870103	-0.078023	2.635958	1.114093	-1.118336	0.736317	0.460463	0.257443	1.288044	0.377522	-0.342326	-0.268024	0.313634	0.313056	-0.272796	0.198227	0.364551	0.142683	-0.072956	-0.114390	-0.167574	0.089652	0.140019	
789.700000	23.117167	-2.653807	0.264410	2.676086	0.832069	-1.243558	0.796628	0.601396	0.305670	1.279260	0.308583	-0.354259	-0.276010	0.348025	0.355705	-0.267565	0.212524	0.356564	0.127452	-0.070777	-0.118410	-0.168788	0.103572	0.150554	
789.600000	22.238565	-2.666776	0.047223	2.589202	0.574763	-1.259094	0.852167	0.519868	0.351007	1.232034	0.245144	-0.365531	-0.259932	0.380040	0.330394	-0.254330	0.226332	0.342568	0.113390	-0.076437	-0.122354	-0.159018	0.116610	0.143715	
789.500000	21.417755	-2.074841	-0.787445	2.391202	0.335472	-1.216757	0.903744	0.211455	0.394267	1.152302	0.185527	-0.390748	-0.219224	0.410188	0.240957	-0.233948	0.239806	0.324360	0.100090	-0.093468	-0.126226	-0.138434	0.128992	0.122066	
789.400000	20.576522	-1.380769	-1.679948	2.184332	0.089111	-1.159029	0.962444	-0.120838	0.440898	1.071005	0.125027	-0.415189	-0.176556	0.443614	0.144064	-0.213244	0.254865	0.306218	0.086964	-0.111217	-0.130866	-0.117002	0.142443	0.098482	
789.300000	19.624006	-1.120325	-1.993357	2.080908	-0.193248	-1.124960	1.041618	-0.248675	0.497346	1.022036	0.058334	-0.419951	-0.157470	0.486473	0.102634	-0.199769	0.273814	0.292695	0.073401	-0.117158	-0.137299	-0.105892	0.159014	0.086986	
789.200000	18.520739	-1.293635	-1.967395	2.066066	-0.524142	-1.152725	1.146162	-0.242123	0.566106	1.002660	-0.016988	-0.424547	-0.154320	0.541034	0.102331	-0.192497	0.297492	0.284623	0.059040	-0.118310	-0.145867	-0.102230	0.179470	0.086073	
789.100000	17.279998	-1.686302	-2.080932	2.080938	-0.899416	-1.262322	1.273411	-0.258053	0.646032	0.996728	-0.100310	-0.454764	-0.149736	0.606092	0.104557	-0.187431	0.325449	0.280944	0.043882	-0.126243	-0.156343	-0.098852	0.203427	0.088717	
789.000000	16.142541	-2.030089	-2.126806	2.101775	-1.243305	-1.350396	1.390997	-0.257168	0.721340	0.993077	-0.177476	-0.477238	-0.147681	0.666808	0.109180	-0.182967	0.352248	0.277463	0.029763	-0.131834	-0.166391	-0.096435	0.225944	0.091157	
788.900000	15.411221	-2.066448	-1.712011	2.117611	-1.460416	-1.286545	1.458403	-0.145101	0.772209	0.983110	-0.230606	-0.444068	-0.158137	0.704599	0.127620	-0.178373	0.371068	0.269447	0.019026	-0.120632	-0.173091	-0.097943	0.240831	0.090975	
788.800000	15.128898	-1.783586	-1.241194	2.101462	-1.536562	-1.132069	1.468779	-0.040958	0.795226	0.961609	-0.257063	-0.387447	-0.168085	0.716253	0.135194	-0.171842	0.380647	0.258176	0.011965	-0.104332	-0.175880	-0.098470	0.247008	0.085439	
788.700000	15.223574	-1.278442	-1.376034	2.025402	-1.493737	-1.017741	1.430484	-0.130331	0.794453	0.925998	-0.261017	-0.367189	-0.157401	0.705542	0.096939	-0.161501	0.382282	0.247257	0.007967	-0.103396	-0.175288	-0.090770	0.245727	0.072262	
788.600000	15.668659	-0.603457	-1.829202	1.916558	-1.342335	-0.911888	1.348858	-0.325245	0.772988	0.882862	-0.244622	-0.363278	-0.135912	0.675150	0.032376	-0.149093	0.377241	0.236468	0.006758	-0.110080	-0.171853	-0.078661	0.237941	0.054192	
788.500000	16.423936	0.167446	-1.885407	1.831719	-1.097834	-0.720335	1.232092	-0.411081	0.735440	0.844679	-0.211008	-0.322199	-0.127291	0.629154	-0.012477	-0.138329	0.367398	0.224317	0.007974	-0.104373	-0.166388	-0.071202	0.225085	0.037026	
788.400000	17.100969	0.542425	-1.315846	1.845520	-0.879981	-0.534441	1.130098	-0.282376	0.705452	0.835972	-0.182293	-0.255103	-0.143071	0.590162	-0.001215	-0.134243	0.360602	0.215654	0.008742	-0.085035	-0.162296	-0.074142	0.214609	0.031361	
788.300000	17.222047	-0.071896	-0.199669	2.024613	-0.834710	-0.520780	1.102876	0.084412	0.711147	0.881882	-0.185328	-0.204267	-0.185751	0.585192	0.088925	-0.141384	0.366039	0.217515	0.005549	-0.060924	-0.163557	-0.090156	0.215383	0.047788	
788.200000	17.388628	-0.914720	0.978588	2.249192	-0.779047	-0.559456	1.074820	0.487950	0.717451	0.944381	-0.186667	-0.163337	-0.233632	0.580303	0.193798	-0.151570	0.372312	0.223140	0.002699	-0.037882	-0.165195	-0.108889	0.216306	0.069095	
788.100000	18.703894	-0.559969	1.525598	2.305299	-0.376270	-0.391043	0.906553	0.613599	0.659341	0.953553	-0.124584	-0.102718	-0.252658	0.512784	0.205987	-0.150225	0.358176	0.218867	0.008160	-0.020508	-0.157956	-0.113404	0.196827	0.064342	
788.000000	20.544376	0.674588	1.131185	2.187317	0.193998	-0.143208	0.667046	0.395613	0.566144	0.910368	-0.030912	-0.065120	-0.233563	0.412368	0.121665	-0.137371	0.331952	0.207355	0.017766	-0.020739	-0.145536	-0.101140	0.166350	0.037476	
787.900000	21.256842	1.402361	-0.226146	2.021837	0.443922	-0.172498	0.549796	-0.063476	0.523652	0.860291	0.006646	-0.133268	-0.184090	0.364076	0.003712	-0.122266	0.319687	0.201177	0.020106	-0.053473	-0.139393	-0.079025	0.152205	0.014157	
787.800000	20.549007	1.246691	-2.080806	1.873109	0.289475	-0.500769	0.587229	-0.598193	0.545520	0.821122	-0.026731	-0.291299	-0.121410	0.381873	-0.102711	-0.109391	0.325228	0.202070	0.013272	-0.108983	-0.141262	-0.054570	0.158801	0.004266	
787.700000	19.113828	0.571723	-3.646865	1.757506	-0.061330	-0.910290	0.695406	-1.007677	0.593380	0.790015	-0.093192	-0.454052	-0.068439	0.428430	-0.167643	-0.099579	0.336449	0.203978	0.002215	-0.160569	-0.145871	-0.035278	0.174011	0.005878	
787.600000	17.727811	-0.106950	-4.473238	1.661991	-0.380590	-1.199017	0.784599	-1.200683	0.627779	0.757463	-0.151892	-0.555160	-0.036953	0.464492	-0.188070	-0.091537	0.341527	0.201141	-0.007738	-0.189906	-0.148019	-0.024049	0.185262	0.012198	
787.500000	17.164616	-0.207849	-4.401021	1.553551	-0.445075	-1.195396	0.768604	-1.176417	0.612017	0.710176	-0.163298	-0.548499	-0.029370	0.452854	-0.181429	-0.082537	0.329983	0.188625	-0.011446	-0.186649	-0.143045	-0.020097	0.180778	0.013412	
787.400000	17.321714	0.183670	-3.753339	1.432785	-0.292216	-0.974831	0.665417	-1.022453	0.556293	0.652280	-0.135019	-0.466267	-0.036983	0.402363	-0.163005	-0.072474	0.305866	0.169436	-0.009924	-0.161464	-0.132638	-0.020420	0.163667	0.009146	
787.300000	17.390919	0.445762	-3.216878	1.328189	-0.169042	-0.807435	0.576676	-0.890390	0.508350	0.601935	-0.112535	-0.401659	-0.042851	0.358796	-0.144905	-0.063419	0.284804	0.152827	-0.009129	-0.141194	-0.123555	-0.020504	0.148960	0.006770	
787.200000	17.157622	0.448312	-2.792253	1.253109	-0.141090	-0.726697	0.529392	-0.770209	0.480844	0.563933	-0.107897	-0.362434	-0.047852	0.334315	-0.121152	-0.056298	0.270935	0.140074	-0.010634	-0.127238	-0.117591	-0.021051	0.140647	0.008700	
787.100000	16.957452	0.508397	-1.883594	1.205998	-0.105842	-0.555387	0.481533	-0.512916	0.454023	0.530833	-0.102222	-0.280928	-0.068248	0.310005	-0.070952	-0.050917	0.257802	0.125354	-0.011953	-0.098671	-0.111967	-0.027196	0.132522	0.012685	
787.000000	16.864030	0.561226	-0.802233	1.179038	-0.041084	-0.360561	0.423722	-0.204277	0.423668	0.503445	-0.091535	-0.186664	-0.094998	0.281690	-0.009837	-0.046718	0.244053	0.110843	-0.012605	-0.065411	-0.106077	-0.035755	0.123234	0.018027	
786.900000	16.679272	0.173817	-0.730727	1.158103	-0.007809	-0.444178	0.380437	-0.155395	0.401627	0.490392	-0.087283	-0.202561	-0.094737	0.260466	0.011842	-0.042780	0.233612	0.106378	-0.014181	-0.066998	-0.101564	-0.035549	0.116465	0.025545	
786.800000	16.420149	-0.379702	-1.527519	1.112589	0.000224	-0.711509	0.348742	-0.346579	0.386220	0.478741	-0.088188	-0.300117	-0.069104	0.244885	-0.010212	-0.037062	0.225810	0.107767	-0.016504	-0.096119	-0.098156	-0.026363	0.111705	0.030968	
786.700000	16.339911	-0.086684	-1.628340	0.997315	0.063018	-0.647214	0.295644	-0.401044	0.360972	0.433551	-0.079026	-0.289457	-0.057578	0.219759	-0.029832	-0.026528	0.214972	0.096039	-0.017468	-0.095359	-0.093492	-0.019916	0.103856	0.024953	
786.600000	16.443930	0.810172	-0.843519	0.856999	0.182008	-0.284714	0.220605	-0.244287	0.325701	0.368995	-0.059578	-0.170066	-0.068576	0.184887	-0.024454	-0.014147	0.201062	0.073573	-0.017047	-0.061945	-0.087556	-0.020075	0.092865	0.013222	
786.500000	16.442313	0.599374	-0.645822	0.838210	0.265126	-0.308121	0.161670	-0.171292	0.299578	0.356129	-0.047465	-0.167396	-0.072451	0.157871	-0.002351	-0.009699	0.190740	0.067928	-0.017699	-0.058611	-0.083124	-0.020869	0.084673	0.018787	
786.400000	16.366707	-0.805289	-1.415071	0.929835	0.322579	-0.800701	0.114018	-0.286135	0.280309	0.395321	-0.040837	-0.317734	-0.058029	0.136491	0.017861	-0.012431	0.183193	0.081639	-0.019224	-0.097475	-0.079827	-0.018379	0.078547	0.040926	
786.300000	16.673917	-1.346607	-2.034661	0.916124	0.499785	-1.044539	0.016210	-0.425061	0.237248	0.394294	-0.012095	-0.403411	-0.040243	0.092344	0.007208	-0.007929	0.167742	0.084024	-0.017911	-0.122283	-0.073153	-0.012039	0.064944	0.047957	
786.200000	17.579528	-0.364231	-2.046193	0.733674	0.865297	-0.793238	-0.160888	-0.506313	0.155939	0.324397	0.051717	-0.346406	-0.027049	0.011989	-0.037650	0.008050	0.139359	0.064836	-0.012040	-0.112049	-0.060969	-0.002848	0.039361	0.030328	
786.100000	18.924450	0.688125	-2.030990	0.547037	1.368317	-0.520965	-0.396245	-0.584964	0.047066	0.252829	0.140819	-0.283605	-0.014460	-0.094794	-0.083847	0.024528	0.101781	0.044914	-0.002982	-0.100439	-0.044833	0.006347	0.005116	0.011717	
786.000000	20.394411	0.960374	-2.284023	0.454854	1.909102	-0.497803	-0.647403	-0.680113	-0.068333	0.219215	0.236371	-0.291387	-0.001522	-0.208410	-0.109498	0.034946	0.062330	0.036239	0.006768	-0.105823	-0.027867	0.013376	-0.031222	0.006244	
785.900000	21.485683	0.745384	-2.555071	0.431231	2.328287	-0.606943	-0.845567	-0.741871	-0.156584	0.211043	0.308560	-0.331320	0.006861	-0.297229	-0.113315	0.041092	0.032682	0.034010	0.013381	-0.117522	-0.015119	0.017310	-0.059111	0.009955	
785.800000	21.889049	0.392271	-2.643095	0.439790	2.528130	-0.724702	-0.948496	-0.739117	-0.197035	0.212554	0.339118	-0.365532	0.007863	-0.341841	-0.099542	0.045441	0.019997	0.032915	0.014515	-0.125657	-0.009687	0.018157	-0.072082	0.017541	
785.700000	21.641503	0.185539	-2.502445	0.444067	2.520510	-0.769213	-0.961286	-0.680956	-0.192201	0.209817	0.330282	-0.372816	0.002869	-0.344600	-0.078654	0.050449	0.023400	0.029107	0.010461	-0.125642	-0.011201	0.017290	-0.070922	0.023956	
785.600000	20.938637	0.227995	-2.173540	0.427572	2.367453	-0.720043	-0.910720	-0.587268	-0.155176	0.197265	0.293645	-0.350174	-0.005851	-0.317818	-0.057809	0.057228	0.038353	0.021416	0.002703	-0.117495	-0.017707	0.015864	-0.059731	0.027033	
785.500000	20.200500	0.309274	-1.824216	0.409452	2.201917	-0.659298	-0.854280	-0.490407	-0.114019	0.183933	0.254028	-0.324287	-0.015151	-0.287899	-0.037197	0.064494	0.055139	0.013211	-0.005589	-0.108550	-0.025010	0.014415	-0.047294	0.029701	
785.400000	19.666032	0.295289	-1.552757	0.402364	2.099538	-0.637949	-0.824698	-0.408454	-0.084674	0.175638	0.225533	-0.311464	-0.023296	-0.269868	-0.016418	0.071410	0.068241	0.006590	-0.012621	-0.103231	-0.030728	0.013189	-0.038606	0.033883	
785.300000	19.176451	0.263590	-1.296373	0.399148	2.010093	-0.625688	-0.800349	-0.329209	-0.056502	0.168984	0.198728	-0.301843	-0.031470	-0.253768	0.004677	0.078492	0.081361	0.000275	-0.019618	-0.098823	-0.036458	0.011991	-0.030337	0.038516	
785.200000	18.626501	0.274987	-1.010510	0.393912	1.900299	-0.599519	-0.766921	-0.244463	-0.022435	0.161263	0.167349	-0.288084	-0.040457	-0.232999	0.025930	0.086173	0.096963	-0.006723	-0.027397	-0.093334	-0.043265	0.010721	-0.020278	0.042745	
785.100000	18.122050	0.302812	-0.728813	0.388322	1.803682	-0.571925	-0.738942	-0.161913	0.010494	0.153484	0.137621	-0.274621	-0.049479	-0.214217	0.046602	0.094366	0.112625	-0.013944	-0.035175	-0.088070	-0.050105	0.009595	-0.010633	0.046875	
785.000000	17.717720	0.319050	-0.472161	0.384950	1.737537	-0.553701	-0.723940	-0.085428	0.038686	0.146832	0.112727	-0.264931	-0.058165	-0.200856	0.066777	0.102927	0.127117	-0.020968	-0.042561	-0.083978	-0.056447	0.008675	-0.002531	0.051317	
784.900000	17.286453	0.318634	-0.208555	0.386217	1.661628	-0.541171	-0.704623	-0.005269	0.070705	0.141794	0.085079	-0.256766	-0.067557	-0.184936	0.088613	0.111741	0.143431	-0.027893	-0.050551	-0.080193	-0.063581	0.007572	0.006705	0.056375	
784.800000	16.807696	0.320197	0.063888	0.389600	1.569449	-0.529271	-0.678241	0.077656	0.107992	0.137411	0.053403	-0.248884	-0.077531	-0.165163	0.111381	0.121016	0.162089	-0.034990	-0.059327	-0.076463	-0.071733	0.006399	0.017523	0.061725	
784.700000	16.597191	0.394363	0.251406	0.380062	1.561007	-0.514632	-0.687972	0.130458	0.129494	0.129289	0.036363	-0.244660	-0.084488	-0.161364	0.126267	0.131777	0.175811	-0.042798	-0.066506	-0.074750	-0.077765	0.006709	0.023329	0.065488	
784.600000	16.835101	0.590953	0.284206	0.346740	1.693355	-0.495506	-0.758476	0.128873	0.123240	0.114271	0.044576	-0.246794	-0.085767	-0.184850	0.126842	0.144781	0.180470	-0.051690	-0.070741	-0.076549	-0.079899	0.009651	0.020369	0.066320	
784.500000	17.176769	0.879096	0.201141	0.295881	1.857301	-0.473920	-0.842750	0.086655	0.112397	0.094144	0.057518	-0.254087	-0.082851	-0.213959	0.116867	0.159682	0.184135	-0.061482	-0.074703	-0.081097	-0.081610	0.014604	0.015891	0.065053	
784.400000	17.337233	1.223508	0.115285	0.238754	1.962573	-0.441207	-0.901908	0.039580	0.116142	0.071674	0.058213	-0.259556	-0.079622	-0.230765	0.104732	0.175799	0.193491	-0.072217	-0.080600	-0.085508	-0.085783	0.020038	0.015893	0.063057	
784.300000	17.491625	1.618068	0.309255	0.192957	2.064674	-0.353998	-0.959794	0.070679	0.122868	0.050005	0.057015	-0.240589	-0.085108	-0.246197	0.107606	0.191991	0.204542	-0.084935	-0.087102	-0.081585	-0.090710	0.022567	0.016750	0.062214	
784.200000	17.784834	2.007440	0.919542	0.174211	2.209472	-0.205203	-1.036175	0.224200	0.123011	0.033308	0.062441	-0.189541	-0.104209	-0.269300	0.136238	0.207253	0.214005	-0.099479	-0.093133	-0.065982	-0.094982	0.020205	0.015469	0.064430	
784.100000	17.965675	2.152282	1.483172	0.187900	2.317147	-0.131825	-1.096979	0.383857	0.133585	0.028961	0.059349	-0.159041	-0.124646	-0.284316	0.174192	0.221311	0.227842	-0.111022	-0.100713	-0.055052	-0.101143	0.016852	0.017351	0.071359	
784.000000	17.779354	1.885293	1.560730	0.230870	2.306810	-0.248197	-1.107688	0.434567	0.171811	0.040933	0.032404	-0.195358	-0.134174	-0.275286	0.203093	0.234463	0.252082	-0.115756	-0.111891	-0.063628	-0.111769	0.016607	0.027763	0.083453	
783.900000	17.264640	1.447808	1.264236	0.276457	2.190983	-0.473293	-1.073845	0.390065	0.235108	0.058116	-0.016109	-0.274567	-0.133980	-0.244736	0.218475	0.248542	0.285855	-0.117264	-0.126394	-0.085681	-0.126493	0.019758	0.045882	0.096906	
783.800000	16.543233	1.158179	0.855369	0.296430	2.008413	-0.682023	-1.012097	0.301700	0.315407	0.067076	-0.078968	-0.355818	-0.129224	-0.200296	0.221212	0.265493	0.326392	-0.120682	-0.143300	-0.109922	-0.144140	0.025340	0.069181	0.107394	
783.700000	15.798467	1.264478	0.686720	0.278239	1.816782	-0.753479	-0.946626	0.252815	0.400933	0.059055	-0.145429	-0.395310	-0.128590	-0.153007	0.220833	0.286256	0.369690	-0.130540	-0.161209	-0.123256	-0.163012	0.030882	0.094009	0.112475	
783.600000	15.184317	1.896275	1.010705	0.219503	1.664546	-0.613797	-0.897872	0.306878	0.481804	0.030206	-0.206507	-0.364684	-0.138785	-0.112185	0.226412	0.311085	0.412398	-0.149478	-0.178967	-0.116873	-0.181683	0.034295	0.117294	0.111312	
783.500000	14.653584	2.733310	1.528888	0.145508	1.537452	-0.394606	-0.860996	0.402218	0.560798	-0.006678	-0.265065	-0.307933	-0.153670	-0.075571	0.235158	0.338315	0.455480	-0.172365	-0.197057	-0.103139	-0.200540	0.036901	0.139832	0.108110	
783.400000	14.131365	3.388223	1.865701	0.086387	1.412236	-0.257558	-0.827140	0.459911	0.642696	-0.036125	-0.325686	-0.279530	-0.165314	-0.039029	0.242796	0.365976	0.500619	-0.192899	-0.216184	-0.097472	-0.220278	0.040503	0.163052	0.107854	
783.300000	13.682790	3.761472	2.022833	0.058121	1.307452	-0.229735	-0.802376	0.488028	0.724750	-0.052351	-0.385130	-0.286097	-0.174618	-0.005095	0.254022	0.393247	0.547092	-0.209653	-0.235910	-0.101203	-0.240606	0.044566	0.186193	0.112469	
783.200000	13.386037	3.846354	2.089242	0.068860	1.246072	-0.299832	-0.794865	0.512840	0.803172	-0.053461	-0.439305	-0.321372	-0.184347	0.022710	0.274440	0.419816	0.593798	-0.222758	-0.255685	-0.112022	-0.261073	0.048129	0.208159	0.122679	
783.100000	13.157128	3.660545	1.999429	0.107843	1.205460	-0.472344	-0.799248	0.514563	0.881089	-0.042557	-0.492520	-0.388841	-0.192665	0.046625	0.299639	0.446217	0.641580	-0.232660	-0.276286	-0.131304	-0.281996	0.051803	0.229684	0.137791	
783.000000	12.871893	3.262603	1.692866	0.159133	1.150116	-0.740325	-0.804467	0.471615	0.964426	-0.024708	-0.551504	-0.489112	-0.197469	0.071529	0.323596	0.473348	0.692265	-0.240339	-0.298793	-0.159827	-0.304121	0.056430	0.252383	0.156380	
782.900000	12.492476	2.906233	1.449664	0.213915	1.059496	-0.996702	-0.792613	0.444381	1.061902	-0.006689	-0.620508	-0.585973	-0.204322	0.106448	0.350849	0.502588	0.749653	-0.249333	-0.323460	-0.187390	-0.329194	0.061065	0.279466	0.175481	
782.800000	12.055620	2.880071	1.578317	0.259804	0.937203	-1.120522	-0.756678	0.498875	1.176925	0.003109	-0.699251	-0.638643	-0.219401	0.155351	0.386044	0.535518	0.815662	-0.263783	-0.349972	-0.202516	-0.358149	0.064611	0.312448	0.191656	
782.700000	11.879491	3.227614	1.744423	0.243542	0.909594	-1.143315	-0.778225	0.538518	1.271054	-0.010226	-0.763560	-0.665915	-0.234287	0.178772	0.408829	0.573877	0.875025	-0.285555	-0.376303	-0.212046	-0.384116	0.069347	0.337797	0.202083	
782.600000	12.348913	3.861886	1.451480	0.112173	1.131620	-1.153541	-0.959097	0.430999	1.296303	-0.059368	-0.783725	-0.706077	-0.237485	0.127315	0.395694	0.618816	0.908580	-0.314956	-0.400022	-0.228324	-0.398452	0.078006	0.338545	0.205392	
782.500000	13.504319	4.468377	0.919032	-0.064379	1.604489	-1.204594	-1.287666	0.263484	1.258588	-0.121447	-0.760143	-0.763706	-0.238163	0.007386	0.373933	0.666728	0.919484	-0.347600	-0.420818	-0.249757	-0.402635	0.086682	0.317112	0.208977	
782.400000	15.186330	4.676715	0.639146	-0.174014	2.248911	-1.328387	-1.699581	0.204164	1.188933	-0.161813	-0.708797	-0.828640	-0.252962	-0.148956	0.388685	0.712511	0.920976	-0.377755	-0.439709	-0.269098	-0.402682	0.089206	0.284774	0.222964	
782.300000	16.854080	4.478199	0.741720	-0.203651	2.885607	-1.509316	-2.110813	0.290059	1.128230	-0.177804	-0.663831	-0.892516	-0.284921	-0.302131	0.447454	0.756020	0.927793	-0.405596	-0.460903	-0.283398	-0.405075	0.084892	0.254962	0.248229	
782.200000	17.846367	4.049589	1.161576	-0.189031	3.307059	-1.709744	-2.435841	0.488187	1.118396	-0.182228	-0.664402	-0.949033	-0.329893	-0.412638	0.537974	0.799619	0.954198	-0.434033	-0.489651	-0.292309	-0.415987	0.075936	0.240917	0.280914	
782.100000	18.075349	3.660271	1.660894	-0.173217	3.485092	-1.900273	-2.660212	0.708529	1.168163	-0.187533	-0.716115	-1.002359	-0.378474	-0.473852	0.634354	0.846629	1.003795	-0.464867	-0.526753	-0.300075	-0.436894	0.066545	0.244945	0.314920	
782.000000	17.769179	3.594929	1.939876	-0.199771	3.490659	-2.059088	-2.810006	0.841955	1.266923	-0.205293	-0.806038	-1.061502	-0.419505	-0.497816	0.706598	0.900571	1.073774	-0.499304	-0.570573	-0.312793	-0.466474	0.061558	0.263146	0.343661	
781.900000	17.283530	3.808111	1.984260	-0.280220	3.437800	-2.195965	-2.941145	0.887151	1.386008	-0.240773	-0.913264	-1.128622	-0.451802	-0.509688	0.755018	0.961924	1.153426	-0.538614	-0.618670	-0.330921	-0.500256	0.061635	0.287245	0.367360	
781.800000	17.034111	4.069537	1.951739	-0.402314	3.460683	-2.338042	-3.122664	0.906990	1.489010	-0.293331	-1.013158	-1.201714	-0.480562	-0.540416	0.797977	1.029234	1.228723	-0.583609	-0.668213	-0.351582	-0.532441	0.064702	0.307037	0.390323	
781.700000	17.305020	4.209056	2.080548	-0.494133	3.646844	-2.503583	-3.380333	0.986669	1.568209	-0.336896	-1.089666	-1.276581	-0.518001	-0.602354	0.860273	1.098938	1.299047	-0.629531	-0.717046	-0.370993	-0.562471	0.065081	0.318537	0.418691	
781.600000	18.257284	4.109456	2.620399	-0.461301	4.042534	-2.704253	-3.711458	1.212185	1.633298	-0.335243	-1.134408	-1.348565	-0.578491	-0.695362	0.966964	1.166851	1.371413	-0.669294	-0.763809	-0.385427	-0.592829	0.055917	0.321937	0.458815	
781.500000	19.548303	3.827332	3.346384	-0.395487	4.544651	-2.940389	-4.097994	1.509627	1.685842	-0.324451	-1.167441	-1.424098	-0.648792	-0.809382	1.097362	1.237388	1.442764	-0.710371	-0.811756	-0.398603	-0.622790	0.043721	0.320738	0.505651	
781.400000	20.549648	3.549701	3.738772	-0.495595	4.965032	-3.202953	-4.511547	1.704633	1.724116	-0.381641	-1.225009	-1.516572	-0.699219	-0.928064	1.202126	1.320078	1.505011	-0.768368	-0.866746	-0.418991	-0.650066	0.042890	0.320543	0.547104	
781.300000	21.438138	3.638120	3.694524	-0.676364	5.349374	-3.458717	-4.921370	1.746979	1.780948	-0.464250	-1.298721	-1.630568	-0.734592	-1.039989	1.268604	1.413661	1.577437	-0.832819	-0.926940	-0.450350	-0.681751	0.050124	0.325336	0.581427	
781.200000	22.907599	4.520897	3.426102	-0.668591	5.894067	-3.660805	-5.298171	1.683279	1.909012	-0.453426	-1.351448	-1.762932	-0.783242	-1.138104	1.312132	1.509631	1.695680	-0.876931	-0.985605	-0.492277	-0.730504	0.050254	0.337664	0.614373	
781.100000	24.280738	5.644156	3.174687	-0.664388	6.405704	-3.829730	-5.661889	1.611767	2.066532	-0.442743	-1.420923	-1.892947	-0.835541	-1.225206	1.353308	1.613077	1.830235	-0.924579	-1.049745	-0.534750	-0.786033	0.050622	0.356776	0.647011	
781.000000	23.867706	5.749138	3.193268	-1.190654	6.409274	-4.039446	-6.056604	1.662100	2.144300	-0.677642	-1.597269	-1.990360	-0.851489	-1.308185	1.415385	1.738794	1.905142	-1.035041	-1.135660	-0.561998	-0.821421	0.075700	0.380113	0.677151	
780.900000	21.899392	5.222124	3.636704	-2.016351	6.092226	-4.341156	-6.239913	1.809558	2.202426	-1.015216	-1.812432	-2.107573	-0.804362	-1.324487	1.502261	1.875530	1.963165	-1.160525	-1.224779	-0.593857	-0.846763	0.126660	0.420285	0.714839	
780.800000	20.255310	5.834575	4.560250	-2.277705	6.198271	-4.757381	-5.752216	1.900091	2.439429	-0.991155	-1.868109	-2.361143	-0.683096	-1.160078	1.600830	1.989984	2.144460	-1.165598	-1.270248	-0.678231	-0.902819	0.183714	0.501014	0.779481	
780.700000	19.496666	7.748516	5.740378	-1.973613	6.791455	-5.154630	-4.869973	1.926155	2.802789	-0.631794	-1.774850	-2.685406	-0.545205	-0.903246	1.698958	2.071112	2.420719	-1.067179	-1.279016	-0.792608	-0.983088	0.225276	0.598435	0.859511	
780.600000	18.920008	9.573700	6.703878	-1.917063	7.288788	-5.265213	-4.547919	2.019097	3.007165	-0.427109	-1.740677	-2.847913	-0.508520	-0.827513	1.786165	2.130670	2.606340	-1.025734	-1.308659	-0.849735	-1.036853	0.230145	0.645414	0.914851	
780.500000	18.943854	10.587195	7.294743	-2.210344	7.574777	-5.155866	-4.990029	2.187682	3.037796	-0.508769	-1.829153	-2.838113	-0.578829	-0.976956	1.856389	2.201544	2.674780	-1.089854	-1.377576	-0.843675	-1.058546	0.211881	0.635219	0.937808	
780.400000	21.123993	10.827346	7.692959	-2.205813	8.033252	-5.234010	-5.603734	2.311035	3.161165	-0.622833	-1.946958	-2.876608	-0.645618	-1.154208	1.908341	2.334798	2.766655	-1.186986	-1.461500	-0.853381	-1.089839	0.218479	0.624069	0.954912	
780.300000	24.795774	10.501731	7.994735	-1.828526	8.712085	-5.581929	-6.061369	2.356903	3.394351	-0.651039	-2.027324	-3.022816	-0.663375	-1.273798	1.948396	2.501717	2.904123	-1.264227	-1.536336	-0.899840	-1.133252	0.253073	0.627837	0.978282	
780.200000	26.784594	9.967549	8.182264	-1.679098	9.259568	-5.901135	-6.375369	2.397507	3.463059	-0.647717	-2.042135	-3.144207	-0.665320	-1.388124	1.990645	2.584644	2.968929	-1.297627	-1.580740	-0.934989	-1.145395	0.267279	0.614142	1.001934	
780.100000	25.573918	9.541157	8.162451	-2.080323	9.480518	-5.993645	-6.572429	2.435632	3.229784	-0.659302	-1.983405	-3.160238	-0.667931	-1.526828	2.026440	2.527481	2.898287	-1.281087	-1.584784	-0.931920	-1.103911	0.238841	0.565822	1.016551	
780.000000	21.859116	9.470850	7.767695	-2.965006	9.398908	-5.812293	-6.672142	2.384528	2.746127	-0.710403	-1.865553	-3.067550	-0.661692	-1.681539	2.019442	2.356200	2.707626	-1.228506	-1.552464	-0.894456	-1.015578	0.181246	0.487951	1.010165	
779.900000	17.155374	9.662802	7.246775	-4.016638	9.105262	-5.434624	-6.597006	2.248230	2.177492	-0.787836	-1.715152	-2.906805	-0.621656	-1.795230	1.959065	2.136270	2.461846	-1.156027	-1.493545	-0.840422	-0.904041	0.125290	0.404853	0.980727	
779.800000	13.858019	9.581477	7.392735	-4.626787	8.759837	-5.089639	-6.146303	2.156630	1.821117	-0.830399	-1.572799	-2.769998	-0.505685	-1.751643	1.871096	1.977490	2.283745	-1.080963	-1.424296	-0.803356	-0.812528	0.120922	0.363885	0.939565	
779.700000	12.817555	9.079362	8.222503	-4.589162	8.471940	-4.898072	-5.386284	2.133067	1.764918	-0.800502	-1.462296	-2.701307	-0.333310	-1.554420	1.775615	1.911880	2.218457	-1.010971	-1.359036	-0.795710	-0.759682	0.169566	0.374057	0.896754	
779.600000	12.568600	8.611335	8.587289	-4.306833	8.268749	-4.808390	-4.777857	2.035732	1.782406	-0.700190	-1.381966	-2.670483	-0.213974	-1.385057	1.680724	1.855245	2.193405	-0.939836	-1.308559	-0.797914	-0.726712	0.201181	0.386994	0.859099	
779.500000	12.061055	8.441872	8.046765	-4.088015	8.086470	-4.737306	-4.543612	1.820982	1.744726	-0.574074	-1.343789	-2.639395	-0.194926	-1.331493	1.589393	1.768150	2.162003	-0.874698	-1.280326	-0.793498	-0.700199	0.184957	0.379010	0.826581	
779.400000	11.187797	8.461440	7.414690	-4.015001	7.730596	-4.573963	-4.483384	1.619344	1.715065	-0.527744	-1.383852	-2.567121	-0.214813	-1.312973	1.498110	1.695602	2.133083	-0.845101	-1.276907	-0.774916	-0.679790	0.160383	0.372184	0.788957	
779.300000	10.190053	8.547072	7.139695	-4.038919	7.197639	-4.305918	-4.473656	1.507271	1.731130	-0.574541	-1.496465	-2.449610	-0.241806	-1.286143	1.412783	1.657130	2.116846	-0.854339	-1.294071	-0.743073	-0.666525	0.146011	0.376825	0.745394	
779.200000	9.758495	8.609581	6.858101	-3.921675	6.829502	-4.092915	-4.584686	1.442358	1.758123	-0.561242	-1.600946	-2.346261	-0.310592	-1.296724	1.356280	1.616043	2.117463	-0.857480	-1.316679	-0.711994	-0.661811	0.114148	0.376269	0.712643	
779.100000	9.967510	8.612875	6.478061	-3.600676	6.776866	-4.020213	-4.749495	1.390745	1.772897	-0.418014	-1.644259	-2.296969	-0.408092	-1.342905	1.333146	1.553694	2.134734	-0.826319	-1.332002	-0.693776	-0.661920	0.060881	0.365614	0.698325	
779.000000	9.661389	8.613382	6.562386	-3.375305	6.770363	-4.002466	-4.610670	1.356353	1.787279	-0.261267	-1.638837	-2.293485	-0.420187	-1.318140	1.310678	1.495432	2.161362	-0.772810	-1.333850	-0.694452	-0.653518	0.035069	0.366798	0.689796	
778.900000	8.321767	8.593453	7.286935	-3.427140	6.659973	-3.990878	-4.056364	1.338733	1.795593	-0.175169	-1.600235	-2.322762	-0.301919	-1.184059	1.273187	1.456696	2.184677	-0.712939	-1.321010	-0.713213	-0.630355	0.059254	0.388308	0.679821	
778.800000	7.004047	8.364364	7.893296	-3.616542	6.632661	-4.049130	-3.539796	1.320100	1.748829	-0.136477	-1.535769	-2.372721	-0.171821	-1.064555	1.247951	1.422902	2.182718	-0.661920	-1.300962	-0.736662	-0.602773	0.090568	0.405237	0.676711	
778.700000	6.506342	7.888497	7.908256	-3.801105	6.800087	-4.195096	-3.359339	1.288005	1.635863	-0.117430	-1.459078	-2.428643	-0.113960	-1.037554	1.248852	1.385836	2.150626	-0.629128	-1.281365	-0.754570	-0.580522	0.099042	0.403335	0.683662	
778.600000	6.626022	7.510944	7.747635	-3.919693	7.014719	-4.314158	-3.314978	1.246601	1.541668	-0.109418	-1.400103	-2.469693	-0.091212	-1.034549	1.248272	1.359631	2.124139	-0.611152	-1.267905	-0.767193	-0.567517	0.101220	0.401143	0.688270	
778.500000	7.107275	7.434772	7.784424	-3.980504	7.158553	-4.329998	-3.229201	1.200074	1.521194	-0.124067	-1.379828	-2.485361	-0.059838	-0.998862	1.223761	1.358342	2.126339	-0.607730	-1.264809	-0.776986	-0.563476	0.116046	0.413221	0.680949	
778.400000	7.894352	7.390891	7.994358	-4.133771	7.270898	-4.303288	-3.143467	1.147239	1.524604	-0.215945	-1.392045	-2.492320	0.000071	-0.950875	1.179138	1.388457	2.136107	-0.630475	-1.273400	-0.788311	-0.559820	0.152967	0.433629	0.664120	
778.300000	9.032274	7.119521	8.263751	-4.412427	7.392633	-4.305639	-3.114702	1.088258	1.522565	-0.395601	-1.430083	-2.507268	0.085282	-0.912434	1.124121	1.448409	2.140845	-0.681975	-1.293554	-0.803981	-0.553118	0.210378	0.456159	0.642518	
778.200000	10.754935	6.574231	8.398760	-4.479771	7.506067	-4.383160	-3.153740	1.029023	1.582251	-0.538989	-1.496885	-2.536122	0.140319	-0.878567	1.073675	1.518126	2.168299	-0.735987	-1.322441	-0.821913	-0.556987	0.260965	0.482059	0.622247	
778.100000	12.953562	5.888664	8.270261	-4.120905	7.578572	-4.522858	-3.228024	0.967063	1.739433	-0.549038	-1.582090	-2.571303	0.128117	-0.839868	1.034900	1.573477	2.232529	-0.766496	-1.352350	-0.837479	-0.578455	0.282277	0.510506	0.606376	
778.000000	14.425271	5.620367	7.977273	-3.655995	7.562092	-4.551066	-3.200286	0.872687	1.891366	-0.472648	-1.631766	-2.570936	0.090743	-0.786926	0.989332	1.587377	2.288039	-0.762091	-1.362594	-0.840977	-0.597035	0.278520	0.530997	0.588434	
777.900000	14.221529	6.038381	7.646866	-3.423893	7.419241	-4.346125	-2.969790	0.733646	1.932164	-0.389128	-1.601631	-2.502689	0.076641	-0.715467	0.922530	1.544816	2.284721	-0.723279	-1.336178	-0.824988	-0.591373	0.261761	0.533732	0.562529	
777.800000	12.850843	6.236883	7.362820	-3.510634	7.155941	-4.047413	-2.614415	0.609683	1.826860	-0.397733	-1.503889	-2.384928	0.108484	-0.637714	0.847917	1.471321	2.192471	-0.680328	-1.275552	-0.792418	-0.553423	0.253722	0.516823	0.530206	
777.700000	10.997997	5.499237	7.113225	-3.882972	6.793874	-3.799380	-2.254976	0.546427	1.584252	-0.547676	-1.369821	-2.243359	0.180608	-0.571795	0.782008	1.391577	2.008680	-0.658077	-1.192111	-0.748071	-0.485926	0.264225	0.482255	0.495436	
777.600000	8.938974	4.608399	6.578909	-4.265430	6.379702	-3.579601	-2.037463	0.488746	1.317477	-0.697352	-1.258087	-2.093706	0.205538	-0.545000	0.732513	1.298623	1.813655	-0.641137	-1.115077	-0.696147	-0.420300	0.254232	0.440078	0.465498	
777.500000	6.961729	4.362429	5.513395	-4.383448	5.976168	-3.353441	-2.056517	0.381188	1.135844	-0.704610	-1.211177	-1.950290	0.110247	-0.573091	0.702565	1.184990	1.683750	-0.609988	-1.067508	-0.641493	-0.385046	0.189671	0.400298	0.446123	
777.400000	5.750946	4.333335	4.215733	-4.173548	5.687052	-3.181795	-2.185798	0.253382	1.044400	-0.588639	-1.185331	-1.830543	-0.052116	-0.619224	0.685080	1.068333	1.608917	-0.563522	-1.033254	-0.591984	-0.372778	0.097620	0.365843	0.434209	
777.300000	5.725489	3.965513	3.109473	-3.695003	5.567383	-3.101158	-2.280448	0.164874	1.012919	-0.419815	-1.134433	-1.736861	-0.210684	-0.645090	0.674445	0.968216	1.557281	-0.509596	-0.993033	-0.550792	-0.367859	0.013375	0.337019	0.424723	
777.200000	5.757409	3.429381	2.584431	-3.312593	5.421404	-2.944741	-2.345607	0.214785	0.968590	-0.319901	-1.091737	-1.604191	-0.349733	-0.660684	0.681939	0.886282	1.493291	-0.475274	-0.954821	-0.497847	-0.356619	-0.056048	0.310287	0.413534	
777.100000	4.809286	2.989497	2.806082	-3.324823	5.068078	-2.577306	-2.406891	0.447198	0.860558	-0.378651	-1.095332	-1.384636	-0.466119	-0.678648	0.711479	0.821269	1.395210	-0.481632	-0.929218	-0.418472	-0.331170	-0.110082	0.283736	0.397136	
777.000000	4.210096	2.441926	2.927836	-3.335369	4.710250	-2.266965	-2.397944	0.597845	0.794589	-0.470902	-1.106460	-1.195570	-0.546632	-0.663453	0.711194	0.780731	1.310808	-0.497511	-0.904947	-0.352498	-0.308332	-0.142978	0.267947	0.373799	
776.900000	5.368870	1.566524	2.123240	-2.928332	4.595243	-2.295827	-2.224223	0.402498	0.870250	-0.457158	-1.070246	-1.161903	-0.570164	-0.576394	0.630845	0.769806	1.286069	-0.485050	-0.866342	-0.342433	-0.303236	-0.147140	0.272145	0.343431	
776.800000	6.514761	0.770853	1.207168	-2.641878	4.617487	-2.405797	-1.785061	0.065473	0.917140	-0.450179	-0.965154	-1.196545	-0.490035	-0.435488	0.513357	0.767734	1.252144	-0.451040	-0.808248	-0.361840	-0.284773	-0.113296	0.279581	0.311701	
776.700000	5.482241	0.485217	1.276282	-3.116725	4.598531	-2.258942	-1.039624	-0.108930	0.740037	-0.598737	-0.789856	-1.170868	-0.279794	-0.276277	0.422861	0.750240	1.129703	-0.415075	-0.731753	-0.368809	-0.219383	-0.040397	0.270898	0.285297	
776.600000	3.701707	0.115539	2.016265	-3.824285	4.593215	-2.055249	-0.299492	-0.107749	0.498555	-0.793194	-0.596942	-1.109201	-0.075332	-0.129939	0.373116	0.720614	0.990768	-0.387647	-0.654214	-0.359953	-0.144573	0.022626	0.259614	0.266119	
776.500000	3.439693	-1.000623	2.648864	-3.957729	4.701969	-2.093524	0.078375	-0.024098	0.430968	-0.855011	-0.452914	-1.074004	-0.036808	-0.023175	0.358815	0.689491	0.939198	-0.371039	-0.596638	-0.344275	-0.112745	0.021591	0.264748	0.254488	
776.400000	4.218207	-1.675715	2.618316	-3.562753	4.792691	-2.096769	0.235902	0.030245	0.480561	-0.747454	-0.391798	-1.027082	-0.115739	0.035732	0.366865	0.652356	0.942260	-0.336203	-0.566785	-0.322951	-0.111819	-0.019483	0.266728	0.251439	
776.300000	4.698033	-0.428966	1.626966	-2.996085	4.671811	-1.671410	0.453859	-0.030945	0.498689	-0.505591	-0.426668	-0.910301	-0.191277	0.046226	0.383461	0.603156	0.923730	-0.252969	-0.564541	-0.296234	-0.108224	-0.049395	0.236747	0.257399	
776.200000	4.954590	1.271414	0.569986	-2.477426	4.345470	-1.166012	0.633141	-0.066284	0.493168	-0.281059	-0.512575	-0.798361	-0.202079	0.011845	0.410823	0.566019	0.873407	-0.167815	-0.570790	-0.279073	-0.092863	-0.038865	0.185843	0.266641	
776.100000	5.533174	1.116871	0.628417	-2.120747	3.905724	-1.138517	0.555224	0.111798	0.525968	-0.239588	-0.585927	-0.798618	-0.119458	-0.057803	0.451009	0.572537	0.808121	-0.148073	-0.561902	-0.287916	-0.069165	0.026849	0.140181	0.270384	
776.000000	5.967419	-0.032019	1.288255	-1.676231	3.452913	-1.332826	0.324572	0.302936	0.564047	-0.275000	-0.629073	-0.835646	0.028867	-0.119695	0.452498	0.613135	0.736719	-0.171205	-0.541487	-0.302705	-0.056838	0.122373	0.112054	0.256453	
775.900000	5.514548	-0.119838	1.405687	-0.816586	3.086492	-1.196808	0.168800	0.178463	0.547580	-0.192051	-0.645813	-0.771314	0.188351	-0.122151	0.350559	0.661435	0.667694	-0.181709	-0.523978	-0.291639	-0.078499	0.206323	0.106746	0.213470	
775.800000	5.087822	0.539601	1.180910	0.006730	2.866749	-0.879721	0.085296	-0.147723	0.565411	-0.112805	-0.640752	-0.656916	0.298496	-0.071948	0.179985	0.710850	0.638556	-0.199153	-0.508225	-0.267351	-0.117262	0.259369	0.124818	0.150271	
775.700000	6.186381	0.572101	1.407644	0.054814	2.823382	-0.832153	-0.039193	-0.362796	0.753168	-0.282256	-0.619431	-0.622915	0.305587	-0.006971	0.022023	0.763153	0.690778	-0.272856	-0.486661	-0.260692	-0.139444	0.275320	0.162318	0.085602	
775.600000	7.893413	-0.030729	2.029921	-0.389977	2.883958	-0.982200	-0.257268	-0.398495	0.974240	-0.583008	-0.592960	-0.638121	0.248427	0.021064	-0.080363	0.803811	0.763655	-0.372452	-0.466103	-0.261327	-0.142071	0.266212	0.194914	0.035049	
775.500000	8.156418	-0.558957	2.540676	-0.532953	2.922838	-0.997446	-0.570073	-0.326438	0.972298	-0.718857	-0.574662	-0.593518	0.212010	-0.036595	-0.110088	0.812134	0.751767	-0.428083	-0.459455	-0.239915	-0.138832	0.253634	0.191089	0.010784	
775.400000	7.071772	-0.741315	2.657856	-0.147265	2.847544	-0.860102	-0.793583	-0.258716	0.819867	-0.627804	-0.568674	-0.506283	0.229061	-0.117490	-0.098025	0.798140	0.674757	-0.419638	-0.459531	-0.207895	-0.139290	0.254194	0.162459	0.007720	
775.300000	5.954161	-0.593035	2.277420	0.611263	2.602310	-0.737057	-0.659503	-0.319060	0.768260	-0.398985	-0.570642	-0.464845	0.299214	-0.102578	-0.100722	0.788443	0.621640	-0.359833	-0.447815	-0.199000	-0.148602	0.279730	0.144316	0.010774	
775.200000	5.124534	-0.339290	1.766126	1.143022	2.326417	-0.717570	-0.220281	-0.490217	0.829773	-0.227319	-0.541151	-0.494993	0.406520	0.003485	-0.138481	0.786609	0.606900	-0.292327	-0.415439	-0.218510	-0.150282	0.321721	0.143951	0.009324	
775.100000	4.260781	-0.314447	1.743243	0.653198	2.263302	-0.829369	0.266995	-0.662863	0.865820	-0.348017	-0.426097	-0.578184	0.523874	0.116442	-0.204408	0.781162	0.596743	-0.275134	-0.361573	-0.252383	-0.116752	0.358836	0.149798	-0.002806	
775.000000	3.306247	-0.505486	2.095260	-0.414836	2.342225	-0.980491	0.632680	-0.734634	0.838661	-0.624839	-0.281655	-0.661083	0.607613	0.179442	-0.248929	0.763789	0.573927	-0.290619	-0.306934	-0.280507	-0.061411	0.376446	0.146577	-0.012615	
774.900000	2.405365	-0.660670	2.216939	-0.816565	2.287875	-1.004071	0.783530	-0.619660	0.783259	-0.682321	-0.233666	-0.670982	0.606559	0.160309	-0.198971	0.729492	0.534415	-0.271618	-0.285022	-0.280374	-0.024398	0.365774	0.118156	0.004419	
774.800000	1.757249	-0.688863	2.025040	-0.596470	2.142879	-0.881117	0.799641	-0.389345	0.717005	-0.545150	-0.268119	-0.609554	0.532573	0.089235	-0.081822	0.686614	0.486083	-0.221376	-0.291535	-0.255193	-0.005684	0.331805	0.072082	0.040827	
774.700000	1.567404	-0.633606	1.834394	-0.754319	2.184557	-0.709601	0.881042	-0.230553	0.641802	-0.534288	-0.266155	-0.535591	0.445939	0.040320	0.000919	0.652979	0.444742	-0.195607	-0.293815	-0.227620	0.024446	0.290123	0.033159	0.065476	
774.600000	1.477609	-0.642372	1.695514	-1.278756	2.422705	-0.603498	0.997684	-0.220736	0.548596	-0.654718	-0.192807	-0.491754	0.396016	0.017212	0.016414	0.632426	0.407313	-0.198103	-0.279864	-0.210792	0.062306	0.256607	0.006629	0.070669	
774.500000	0.702010	-0.927377	1.441007	-1.328175	2.642171	-0.679504	0.935355	-0.338283	0.421896	-0.650741	-0.086070	-0.504228	0.419342	-0.034511	-0.008013	0.616976	0.355798	-0.189264	-0.255748	-0.209166	0.077226	0.246438	-0.018948	0.068875	
774.400000	-0.594034	-1.306325	1.178233	-0.929743	2.745298	-0.892185	0.728923	-0.478525	0.294905	-0.512887	0.018819	-0.567580	0.502299	-0.122838	-0.034922	0.602420	0.295853	-0.160577	-0.227544	-0.222814	0.075150	0.260820	-0.050931	0.070120	
774.300000	-1.396012	-1.254443	1.249780	-0.898266	2.747911	-1.052647	0.637361	-0.471732	0.242677	-0.456772	0.091614	-0.648134	0.586839	-0.212440	-0.021275	0.588499	0.254253	-0.132654	-0.200933	-0.247856	0.094733	0.288202	-0.092198	0.081248	
774.200000	-1.493315	-0.728336	1.474600	-1.301870	2.649857	-1.092229	0.701746	-0.336413	0.272292	-0.511870	0.110605	-0.718515	0.641880	-0.288919	0.031532	0.578482	0.235201	-0.111826	-0.184107	-0.276254	0.137354	0.317899	-0.139564	0.100944	
774.100000	-1.498113	-0.168382	1.167669	-1.456065	2.435137	-1.066762	0.741598	-0.274219	0.321909	-0.518068	0.064086	-0.759210	0.664766	-0.360583	0.079144	0.578452	0.219928	-0.089294	-0.187248	-0.296171	0.167098	0.340470	-0.184294	0.120214	
774.000000	-1.776246	0.206953	0.343449	-1.212977	2.200811	-1.017575	0.675826	-0.307061	0.338378	-0.424771	-0.014762	-0.765388	0.650778	-0.442582	0.117336	0.579741	0.197603	-0.060698	-0.206550	-0.301217	0.175872	0.343967	-0.226288	0.138890	
773.900000	-2.386100	0.443851	-0.219093	-1.030447	2.161847	-0.963382	0.543688	-0.258890	0.282715	-0.307378	-0.046153	-0.747569	0.592598	-0.554782	0.185817	0.558356	0.167276	-0.027121	-0.223224	-0.291195	0.186888	0.314352	-0.274566	0.166318	
773.800000	-3.309913	0.648161	-0.244138	-1.047021	2.370343	-0.888214	0.460725	-0.114194	0.164145	-0.197805	0.002197	-0.710931	0.513120	-0.666059	0.276864	0.514586	0.135141	0.012329	-0.226393	-0.269881	0.206255	0.258765	-0.323099	0.199568	
773.700000	-4.456770	0.975444	-0.087571	-0.995974	2.681377	-0.738272	0.621061	-0.053974	0.047054	-0.070289	0.103865	-0.653712	0.469594	-0.686980	0.325909	0.477720	0.115035	0.061037	-0.215527	-0.245279	0.218491	0.208789	-0.348162	0.221131	
773.600000	-5.673872	1.396808	0.076750	-0.826721	3.003696	-0.520792	1.066417	-0.113239	-0.030383	0.068837	0.228214	-0.583427	0.469752	-0.600755	0.324902	0.460268	0.114143	0.116626	-0.196223	-0.222107	0.221539	0.174015	-0.346266	0.229361	
773.500000	-6.733496	1.648066	0.350436	-0.790486	3.328401	-0.323730	1.635770	-0.128441	-0.067572	0.168643	0.343695	-0.520015	0.456175	-0.487568	0.341093	0.451167	0.130499	0.169110	-0.180956	-0.200663	0.231750	0.134460	-0.340853	0.243582	
773.400000	-7.354378	1.651171	0.679715	-0.951720	3.616488	-0.232161	2.068083	-0.046356	-0.066097	0.207980	0.427473	-0.486387	0.401299	-0.421398	0.391874	0.439130	0.157909	0.205413	-0.173497	-0.184974	0.250139	0.085036	-0.344787	0.266333	
773.300000	-7.197098	1.605902	0.773907	-1.090361	3.780325	-0.318024	1.988890	0.016004	-0.027268	0.210937	0.469094	-0.507847	0.324992	-0.457347	0.419118	0.414874	0.185234	0.209173	-0.164981	-0.184469	0.255009	0.043873	-0.353695	0.275181	
773.200000	-6.454347	1.587510	0.568557	-1.122925	3.769876	-0.550975	1.428581	0.003236	0.041156	0.190858	0.469233	-0.575305	0.249016	-0.568660	0.398334	0.378763	0.207580	0.181844	-0.151441	-0.198383	0.239534	0.020105	-0.357984	0.262110	
773.100000	-6.120917	1.453657	0.364780	-1.202523	3.597934	-0.748478	1.037116	-0.028182	0.121445	0.140058	0.443917	-0.627737	0.192531	-0.608350	0.364212	0.345433	0.229864	0.152029	-0.137743	-0.210017	0.221818	0.006710	-0.342340	0.243628	
773.000000	-6.550009	1.185311	0.252377	-1.361544	3.316399	-0.798824	1.087996	-0.041809	0.182091	0.070217	0.401975	-0.628379	0.162997	-0.531703	0.342442	0.323364	0.244283	0.136828	-0.129364	-0.209127	0.213492	0.000093	-0.309704	0.231024	
772.900000	-6.933145	0.994045	-0.073991	-1.402647	3.031861	-0.727976	1.152115	-0.049318	0.170868	0.027244	0.338223	-0.587529	0.148980	-0.478032	0.335734	0.309004	0.221022	0.130610	-0.131551	-0.198264	0.212098	0.004495	-0.293609	0.223609	
772.800000	-6.873397	0.888242	-0.659725	-1.259344	2.749459	-0.582288	0.987807	-0.043737	0.090762	0.008717	0.241979	-0.516711	0.140833	-0.510653	0.340420	0.304043	0.155252	0.120100	-0.146483	-0.179662	0.213281	0.022241	-0.304483	0.217497	
772.700000	-6.903823	0.476086	-1.019608	-1.137245	2.284794	-0.421653	0.806099	0.022923	0.046891	-0.079600	0.095395	-0.421887	0.135286	-0.526248	0.345189	0.321464	0.090554	0.082259	-0.170835	-0.152886	0.211633	0.050866	-0.306337	0.205090	
772.600000	-7.225408	-0.272834	-0.893488	-1.107467	1.654182	-0.304636	0.680681	0.139477	0.094778	-0.253010	-0.074635	-0.323352	0.129755	-0.481838	0.333048	0.359618	0.058957	0.012934	-0.194877	-0.122580	0.200723	0.082815	-0.281197	0.181003	
772.500000	-7.201669	-0.602616	-0.569914	-0.923301	1.303873	-0.284176	0.325540	0.170975	0.172176	-0.354096	-0.152627	-0.270412	0.121726	-0.486102	0.277603	0.385999	0.059968	-0.053130	-0.197563	-0.103829	0.172397	0.101611	-0.255750	0.144964	
772.400000	-6.518414	-0.184487	-0.365728	-0.480381	1.424872	-0.366621	-0.319355	0.050436	0.231812	-0.301129	-0.097148	-0.284186	0.112580	-0.583042	0.178751	0.383698	0.083295	-0.090126	-0.173083	-0.104609	0.128833	0.101981	-0.246845	0.102936	
772.300000	-5.756872	0.203797	-0.521180	-0.057015	1.556922	-0.460262	-0.742868	-0.113284	0.287552	-0.216827	-0.046725	-0.318425	0.112026	-0.641073	0.094812	0.376749	0.105790	-0.100997	-0.150945	-0.115111	0.094689	0.104797	-0.239269	0.072896	
772.200000	-5.333374	0.007740	-0.977821	0.115753	1.392370	-0.500982	-0.632799	-0.220433	0.349369	-0.211980	-0.085918	-0.337079	0.135454	-0.574450	0.059769	0.385757	0.110722	-0.097867	-0.147648	-0.126747	0.086769	0.128372	-0.221095	0.062547	
772.100000	-5.010026	-0.472886	-1.003370	0.032581	1.175583	-0.518513	-0.313177	-0.245443	0.399788	-0.307935	-0.119221	-0.348162	0.208960	-0.457248	0.033239	0.411001	0.100225	-0.105612	-0.138725	-0.139125	0.096770	0.177178	-0.197713	0.052002	
772.000000	-4.569830	-0.833575	-0.219585	-0.180711	1.090099	-0.516196	-0.069417	-0.188862	0.434168	-0.467605	-0.084467	-0.354491	0.333814	-0.358084	-0.012073	0.446521	0.082221	-0.133143	-0.109606	-0.150787	0.111942	0.246183	-0.175787	0.028614	
771.900000	-4.087701	-0.713666	0.601393	-0.145514	0.962938	-0.395818	0.143555	-0.090997	0.490631	-0.537202	-0.070270	-0.329566	0.443940	-0.273395	-0.042908	0.477819	0.072543	-0.143919	-0.085935	-0.154572	0.117322	0.311112	-0.158936	0.008278	
771.800000	-3.783520	-0.062627	0.800530	0.285528	0.696495	-0.139924	0.370416	-0.002907	0.569490	-0.435302	-0.131406	-0.267869	0.489973	-0.200871	-0.034778	0.489983	0.075078	-0.114469	-0.085548	-0.147826	0.107790	0.350199	-0.150306	0.004613	
771.700000	-4.154265	0.320759	0.543300	0.500503	0.561574	-0.002073	0.508927	0.011786	0.546307	-0.334689	-0.161338	-0.235575	0.499079	-0.173552	-0.014467	0.470731	0.056773	-0.078000	-0.086657	-0.143036	0.106771	0.357195	-0.153080	0.012270	
771.600000	-5.281282	-0.082138	0.133271	0.110499	0.732494	-0.151288	0.472891	-0.074943	0.367960	-0.370206	-0.086237	-0.277877	0.503025	-0.208656	-0.010968	0.422612	0.002730	-0.065850	-0.071296	-0.150091	0.127611	0.337864	-0.165757	0.021497	
771.500000	-5.820375	-0.475143	-0.141938	-0.182385	0.890224	-0.351989	0.303898	-0.174998	0.267169	-0.424282	-0.018972	-0.337170	0.506845	-0.255892	-0.032680	0.392362	-0.026415	-0.073352	-0.054411	-0.162815	0.137438	0.326591	-0.172430	0.019154	
771.400000	-4.819126	-0.189979	-0.079188	0.181825	0.779495	-0.383768	0.080742	-0.203504	0.414642	-0.389310	-0.052063	-0.356260	0.508570	-0.269226	-0.075616	0.412317	0.013597	-0.089647	-0.049748	-0.172768	0.111985	0.346588	-0.161670	-0.001277	
771.300000	-3.569681	0.159668	0.249718	0.577796	0.679319	-0.339069	-0.074796	-0.161549	0.586892	-0.354517	-0.088620	-0.345806	0.499870	-0.260655	-0.107287	0.437611	0.062880	-0.106258	-0.045740	-0.174265	0.085932	0.364817	-0.146477	-0.021764	
771.200000	-3.412307	-0.024790	0.662447	0.413511	0.836790	-0.325318	-0.070744	-0.071897	0.565041	-0.400307	-0.041441	-0.322928	0.471971	-0.249089	-0.098353	0.423494	0.062101	-0.114496	-0.032950	-0.163672	0.091657	0.348861	-0.140670	-0.024463	
771.100000	-4.109201	-0.282560	0.781543	0.148305	0.962357	-0.260725	0.040556	0.029529	0.455838	-0.420276	-0.007540	-0.275637	0.419409	-0.233675	-0.053479	0.386057	0.035482	-0.103024	-0.029671	-0.142804	0.106837	0.312628	-0.141996	-0.011423	
771.000000	-5.115603	-0.097726	0.343514	0.304589	0.775383	-0.066519	0.170306	0.106945	0.396456	-0.309917	-0.080958	-0.195394	0.345525	-0.214886	0.010940	0.350314	0.015833	-0.066325	-0.051462	-0.115715	0.105023	0.277531	-0.146020	0.009780	
770.900000	-6.128230	0.267233	-0.264981	0.666445	0.539947	0.144509	0.217551	0.137615	0.339850	-0.149410	-0.169093	-0.115324	0.286476	-0.217325	0.062818	0.320078	-0.008093	-0.025176	-0.076436	-0.090445	0.094718	0.251734	-0.154636	0.027850	
770.800000	-6.932727	0.450961	-0.583187	0.879610	0.556884	0.235479	0.112715	0.116990	0.226393	-0.047409	-0.165553	-0.074806	0.273554	-0.261253	0.076688	0.293534	-0.048463	-0.002061	-0.079930	-0.075676	0.090425	0.238125	-0.169283	0.033912	
770.700000	-7.437402	0.540251	-0.562835	0.814765	0.667730	0.180908	-0.058886	0.107260	0.151136	-0.028755	-0.115948	-0.093547	0.278600	-0.319749	0.074789	0.267866	-0.071049	0.003000	-0.067717	-0.078426	0.093550	0.231064	-0.182094	0.034225	
770.600000	-7.612758	0.677003	-0.309063	0.443876	0.644352	-0.001314	-0.178081	0.165784	0.218013	-0.088721	-0.093653	-0.175773	0.263009	-0.355647	0.085774	0.241119	-0.040354	-0.003611	-0.052860	-0.101646	0.101684	0.222654	-0.184012	0.037509	
770.500000	-7.566572	0.653757	-0.113105	-0.072471	0.551481	-0.233437	-0.173250	0.233442	0.360297	-0.192683	-0.098401	-0.276464	0.219045	-0.346582	0.103810	0.216998	0.020995	-0.015010	-0.042220	-0.130506	0.111737	0.205661	-0.173008	0.043654	
770.400000	-7.453732	0.256517	-0.245700	-0.517536	0.526077	-0.419243	-0.020737	0.235087	0.466329	-0.293709	-0.108257	-0.340010	0.152520	-0.286853	0.115498	0.199677	0.073813	-0.024063	-0.039644	-0.146519	0.120470	0.175864	-0.151983	0.050053	
770.300000	-7.455070	-0.177554	-0.553462	-0.685590	0.606506	-0.462500	0.121822	0.203927	0.466454	-0.328036	-0.107012	-0.335822	0.091154	-0.236641	0.124151	0.186400	0.086351	-0.023094	-0.042986	-0.141169	0.124969	0.144327	-0.138861	0.055325	
770.200000	-7.735695	-0.214745	-0.798111	-0.438327	0.775848	-0.300959	0.080643	0.198211	0.327556	-0.244045	-0.086904	-0.254047	0.063124	-0.261654	0.138064	0.172331	0.039085	-0.005925	-0.048786	-0.112936	0.123360	0.124628	-0.151647	0.059276	
770.100000	-8.313597	0.037681	-1.093960	-0.019756	0.885766	-0.076371	-0.046482	0.206202	0.150435	-0.097210	-0.079243	-0.158432	0.054807	-0.326832	0.161455	0.154225	-0.029274	0.023515	-0.057883	-0.082020	0.119355	0.114353	-0.178293	0.066339	
770.000000	-9.093703	0.290943	-1.614786	0.228323	0.793802	0.023889	-0.092924	0.195274	0.062262	0.023915	-0.116497	-0.125600	0.040942	-0.369362	0.193839	0.130897	-0.066817	0.056361	-0.071051	-0.071964	0.118102	0.105837	-0.198204	0.080492	
769.900000	-9.593664	0.385032	-2.060308	0.256936	0.719838	0.012177	-0.104414	0.166673	0.035421	0.075156	-0.142632	-0.136388	0.022044	-0.390546	0.213649	0.110877	-0.077502	0.075889	-0.078085	-0.075002	0.120496	0.095985	-0.208138	0.091293	
769.800000	-9.322245	0.256106	-2.017386	0.144252	0.964294	-0.025099	-0.199203	0.134926	-0.010431	0.041237	-0.081792	-0.139649	0.009294	-0.416566	0.196479	0.104218	-0.085950	0.066562	-0.067027	-0.073303	0.125397	0.084571	-0.212390	0.085286	
769.700000	-8.877500	0.160441	-1.659541	0.026779	1.337464	-0.054529	-0.393591	0.110788	-0.080425	-0.013745	0.023300	-0.135495	0.015143	-0.464670	0.159979	0.103136	-0.101635	0.044960	-0.045831	-0.068617	0.129377	0.078773	-0.218708	0.069888	
769.600000	-9.197264	0.441300	-1.402018	0.044525	1.475547	-0.063005	-0.646681	0.101498	-0.147754	-0.002155	0.084733	-0.142423	0.047389	-0.542717	0.137985	0.093649	-0.126137	0.039139	-0.030489	-0.069706	0.128860	0.086510	-0.234797	0.060607	
769.500000	-10.041365	0.992222	-1.501757	0.156289	1.373220	-0.009947	-0.822197	0.099448	-0.198612	0.068225	0.076385	-0.142633	0.071520	-0.614861	0.143775	0.075894	-0.151900	0.054269	-0.030327	-0.071414	0.127275	0.094990	-0.255574	0.063162	
769.400000	-10.671979	1.502515	-2.073013	0.243126	1.196867	0.141271	-0.773379	0.091607	-0.227768	0.145442	0.008662	-0.107589	0.041917	-0.633154	0.177374	0.056670	-0.168440	0.083115	-0.048896	-0.063773	0.130470	0.084841	-0.270872	0.077212	
769.300000	-11.036288	1.793481	-2.641304	0.279679	1.086068	0.270530	-0.676469	0.081039	-0.249755	0.198115	-0.050389	-0.071507	-0.001688	-0.632068	0.209736	0.040820	-0.178762	0.107121	-0.067055	-0.054605	0.135399	0.068213	-0.280739	0.090811	
769.200000	-11.395987	1.779095	-2.515020	0.282722	1.150784	0.201714	-0.835077	0.079167	-0.285527	0.207322	-0.014651	-0.093243	0.014601	-0.680153	0.202204	0.031625	-0.191402	0.104706	-0.057530	-0.059009	0.135456	0.070277	-0.290043	0.088137	
769.100000	-11.502108	1.593893	-1.956657	0.190460	1.352088	0.032174	-1.109215	0.095393	-0.315438	0.168132	0.077218	-0.144156	0.052271	-0.748283	0.174192	0.027324	-0.198418	0.083860	-0.032258	-0.070177	0.135807	0.078682	-0.297424	0.076118	
769.000000	-10.907011	1.471352	-1.729226	-0.078412	1.567658	-0.005601	-1.138227	0.133139	-0.303020	0.088489	0.122642	-0.151821	0.018496	-0.758571	0.173810	0.023517	-0.185261	0.068404	-0.023208	-0.070272	0.146778	0.062847	-0.298473	0.073247	
768.900000	-10.271643	1.327749	-2.003343	-0.310446	1.704205	0.057744	-0.974100	0.142136	-0.287331	0.030888	0.113141	-0.122353	-0.056816	-0.722350	0.193401	0.018807	-0.170672	0.067581	-0.032021	-0.060444	0.159862	0.032136	-0.295348	0.079803	
768.800000	-10.826566	0.922798	-2.565380	-0.149767	1.697656	0.039861	-0.912351	0.047621	-0.346395	0.081097	0.097871	-0.108500	-0.073798	-0.704336	0.192762	0.013672	-0.190557	0.080497	-0.041767	-0.053341	0.156607	0.018931	-0.294225	0.084981	
768.700000	-12.151417	0.573949	-3.111750	0.209630	1.613953	-0.049868	-1.018420	-0.107523	-0.447474	0.185670	0.098756	-0.122695	-0.031228	-0.728575	0.167251	0.008108	-0.231946	0.095825	-0.044326	-0.054561	0.143359	0.026618	-0.299491	0.084067	
768.600000	-12.791602	0.917519	-3.315213	0.234360	1.597754	-0.077598	-1.195950	-0.209406	-0.488659	0.204899	0.117518	-0.149009	0.006829	-0.788003	0.135560	0.002044	-0.250997	0.096378	-0.038305	-0.064220	0.141888	0.038886	-0.313313	0.076707	
768.500000	-12.780462	1.656655	-3.333030	-0.048085	1.648830	-0.033163	-1.328911	-0.286069	-0.471045	0.134335	0.143007	-0.168552	0.020887	-0.837762	0.096297	-0.000493	-0.244373	0.081972	-0.029185	-0.075003	0.149809	0.045716	-0.324352	0.063460	
768.400000	-13.223942	1.843256	-3.648669	-0.208392	1.657512	0.001757	-1.296449	-0.459370	-0.468279	0.068463	0.154406	-0.162529	0.024475	-0.809967	0.035890	0.006665	-0.237786	0.065141	-0.027110	-0.074977	0.147672	0.042309	-0.312702	0.046126	
768.300000	-14.376702	1.332798	-4.168804	-0.166691	1.510882	-0.018258	-1.099308	-0.638690	-0.468181	0.049437	0.125161	-0.142785	0.011813	-0.713106	-0.008171	0.014879	-0.230748	0.057551	-0.036356	-0.065949	0.135226	0.027777	-0.282376	0.036591	
768.200000	-15.773073	0.632296	-4.350255	-0.125631	1.110312	-0.102083	-0.835160	-0.571598	-0.393520	0.074582	0.027299	-0.142833	-0.038419	-0.616238	0.039253	0.004553	-0.202700	0.069274	-0.056220	-0.059972	0.127680	0.004127	-0.256412	0.053767	
768.100000	-16.779772	0.010722	-4.099839	-0.126655	0.631267	-0.159569	-0.568720	-0.234005	-0.277610	0.132694	-0.110787	-0.137281	-0.133370	-0.554759	0.179318	-0.023701	-0.165297	0.098419	-0.083773	-0.050844	0.132142	-0.029992	-0.247723	0.095642	
768.000000	-16.687831	-0.485188	-3.730169	-0.065837	0.471956	-0.024201	-0.335058	0.192382	-0.247882	0.206268	-0.213244	-0.052912	-0.265318	-0.532731	0.346896	-0.051580	-0.157602	0.132650	-0.114088	-0.017473	0.147826	-0.078039	-0.259386	0.141707	
767.900000	-15.933264	-0.720107	-3.505163	0.077518	0.636645	0.257758	-0.209112	0.517118	-0.325701	0.279375	-0.252295	0.084490	-0.384209	-0.551734	0.474365	-0.069426	-0.186787	0.160797	-0.138866	0.030054	0.166266	-0.123858	-0.285229	0.174181	
767.800000	-15.997283	-0.481040	-3.618124	0.240943	0.756364	0.441918	-0.298591	0.557315	-0.429676	0.338240	-0.247761	0.157050	-0.403832	-0.611278	0.497151	-0.076584	-0.229035	0.173583	-0.147170	0.052782	0.172487	-0.133930	-0.310900	0.179264	
767.700000	-17.029018	0.087328	-3.998476	0.394616	0.742922	0.485888	-0.553454	0.356814	-0.525710	0.379855	-0.219239	0.153151	-0.334525	-0.693107	0.431467	-0.075851	-0.271841	0.172395	-0.141313	0.048346	0.166120	-0.111676	-0.330805	0.161946	
767.600000	-17.774108	0.475979	-4.308529	0.543153	0.810852	0.558807	-0.764734	0.189036	-0.631902	0.411507	-0.183367	0.171986	-0.285733	-0.761896	0.375145	-0.073170	-0.315440	0.169226	-0.136939	0.052445	0.161984	-0.098559	-0.348767	0.146056	
767.500000	-17.739680	0.497433	-4.341213	0.603915	1.028620	0.628684	-0.914602	0.152451	-0.728236	0.416662	-0.135640	0.208537	-0.284017	-0.820997	0.359019	-0.072530	-0.350663	0.164211	-0.133578	0.065409	0.167025	-0.103514	-0.367536	0.139489	
767.400000	-17.362944	0.344137	-4.058379	0.398586	1.284323	0.433367	-1.202004	0.137083	-0.750305	0.352389	-0.049188	0.137875	-0.259045	-0.916299	0.334872	-0.075432	-0.357454	0.143910	-0.112499	0.046748	0.178478	-0.097537	-0.387916	0.131369	
767.300000	-16.914121	0.112042	-3.668030	-0.086725	1.491249	-0.000585	-1.560905	0.082754	-0.683241	0.212904	0.055011	-0.035841	-0.210604	-1.021786	0.288748	-0.079422	-0.330187	0.108365	-0.077975	-0.003793	0.193395	-0.080583	-0.402682	0.118896	
767.200000	-16.404994	-0.243688	-3.655894	-0.657528	1.605463	-0.282435	-1.594019	0.005207	-0.575886	0.040070	0.097147	-0.144367	-0.229081	-1.022826	0.253647	-0.077532	-0.281825	0.074880	-0.063146	-0.035053	0.209180	-0.089911	-0.395298	0.110298	
767.100000	-16.183040	-0.650534	-3.946004	-1.117578	1.579979	-0.258962	-1.261254	-0.039215	-0.473170	-0.113000	0.056755	-0.120384	-0.324267	-0.909958	0.247943	-0.070092	-0.231098	0.052370	-0.076513	-0.025676	0.220869	-0.130530	-0.366840	0.108344	
767.000000	-17.049195	-0.870946	-3.703227	-1.289151	1.362297	-0.122893	-1.021572	0.051394	-0.409067	-0.183272	-0.003030	-0.044424	-0.392082	-0.819969	0.266411	-0.067409	-0.202559	0.037131	-0.091571	0.001750	0.220479	-0.161772	-0.342418	0.107639	
766.900000	-18.987240	-0.832911	-2.795930	-1.186800	1.004571	-0.008354	-1.069711	0.255239	-0.391747	-0.168674	-0.043716	0.023726	-0.389648	-0.814186	0.293192	-0.072394	-0.202411	0.025345	-0.095146	0.028723	0.208764	-0.166505	-0.334074	0.104474	
766.800000	-20.758300	-0.720809	-2.183183	-1.100152	0.709720	0.070835	-1.167693	0.368069	-0.393172	-0.155990	-0.071099	0.069555	-0.374132	-0.829912	0.299659	-0.076280	-0.209749	0.014340	-0.096923	0.047214	0.199371	-0.166259	-0.332485	0.098440	
766.700000	-21.785927	-0.667079	-2.302882	-1.166533	0.563614	0.110292	-1.182938	0.305058	-0.395911	-0.186626	-0.092058	0.089486	-0.377650	-0.830638	0.276575	-0.075098	-0.212789	0.003178	-0.102551	0.054820	0.198676	-0.173277	-0.331588	0.090452	
766.600000	-22.689847	-0.690024	-2.633807	-1.248812	0.448951	0.105953	-1.202959	0.192854	-0.403817	-0.219369	-0.109649	0.091732	-0.380422	-0.836612	0.246948	-0.073890	-0.217513	-0.006494	-0.108471	0.056772	0.199999	-0.180361	-0.333131	0.083104	
766.500000	-23.816947	-0.798122	-2.706579	-1.256722	0.303037	0.081922	-1.283208	0.153154	-0.420813	-0.228431	-0.124418	0.094544	-0.375814	-0.861449	0.233827	-0.076253	-0.228061	-0.014412	-0.112436	0.060954	0.199626	-0.185160	-0.338681	0.078854	
766.400000	-24.863474	-0.999395	-2.290720	-1.222661	0.187846	0.110295	-1.390481	0.265760	-0.447684	-0.227197	-0.133206	0.131368	-0.387552	-0.898716	0.255153	-0.081897	-0.242688	-0.023093	-0.115864	0.078552	0.200925	-0.196552	-0.348302	0.079623	
766.300000	-25.668921	-1.205668	-1.547324	-1.198381	0.132150	0.212371	-1.497691	0.484346	-0.482419	-0.231915	-0.135997	0.204137	-0.420189	-0.941699	0.299744	-0.088573	-0.259372	-0.034068	-0.119889	0.108728	0.205677	-0.215964	-0.361197	0.083019	
766.200000	-26.461396	-1.149676	-1.325101	-1.248846	0.079564	0.305327	-1.605809	0.534607	-0.518394	-0.256861	-0.139317	0.252979	-0.436770	-0.986946	0.302945	-0.091106	-0.276673	-0.046508	-0.124435	0.127534	0.211377	-0.228804	-0.375251	0.078697	
766.100000	-27.298997	-0.780751	-1.983986	-1.387826	0.023290	0.333488	-1.732059	0.303666	-0.558416	-0.303286	-0.141808	0.247074	-0.420354	-1.039547	0.239696	-0.088021	-0.296235	-0.059209	-0.128817	0.123655	0.217442	-0.228638	-0.391448	0.063339	
766.000000	-27.804336	-0.531772	-2.727977	-1.521326	0.077159	0.320354	-1.920546	0.060590	-0.625603	-0.346244	-0.124524	0.229047	-0.404336	-1.121312	0.178058	-0.086070	-0.325870	-0.070737	-0.131376	0.116864	0.228185	-0.229356	-0.417400	0.049805	
765.900000	-27.749109	-0.672796	-2.976154	-1.585516	0.308838	0.293955	-2.192184	-0.001912	-0.732643	-0.368976	-0.076073	0.232204	-0.412357	-1.243169	0.165730	-0.089852	-0.369709	-0.080238	-0.130946	0.121878	0.246002	-0.240635	-0.457079	0.046762	
765.800000	-27.358745	-0.976735	-2.946230	-1.613674	0.649385	0.270749	-2.508560	0.033140	-0.863277	-0.380252	-0.006830	0.248829	-0.432410	-1.387083	0.179279	-0.096885	-0.421938	-0.088217	-0.127734	0.133580	0.267644	-0.257153	-0.504487	0.049053	
765.700000	-27.030128	-1.226074	-2.869261	-1.645145	0.976163	0.267427	-2.819434	0.080144	-0.992248	-0.391744	0.061197	0.271993	-0.453577	-1.529369	0.194607	-0.104390	-0.473910	-0.096256	-0.124295	0.147233	0.289017	-0.274168	-0.551598	0.051214	
765.600000	-27.428539	-1.392180	-2.743365	-1.701784	1.080656	0.305053	-3.065351	0.138874	-1.081921	-0.413733	0.084799	0.310321	-0.479455	-1.642159	0.209647	-0.111230	-0.513349	-0.108118	-0.128480	0.165623	0.305823	-0.293359	-0.588751	0.051633	
765.500000	-28.880506	-1.482779	-2.591898	-1.787203	0.858571	0.380272	-3.202374	0.203473	-1.110467	-0.447515	0.043784	0.362521	-0.510158	-1.705426	0.223330	-0.117210	-0.532683	-0.124022	-0.143165	0.188333	0.315015	-0.314817	-0.609291	0.050196	
765.400000	-30.695838	-1.527010	-2.599706	-1.863118	0.519750	0.422475	-3.231907	0.218602	-1.103441	-0.470849	-0.011757	0.394441	-0.530617	-1.721861	0.228394	-0.124004	-0.538421	-0.133818	-0.155756	0.203327	0.316977	-0.331787	-0.615286	0.049254	
765.300000	-32.221433	-1.562038	-2.866807	-1.896017	0.262221	0.380792	-3.173173	0.154580	-1.088232	-0.466191	-0.037072	0.382565	-0.530655	-1.701492	0.222007	-0.132945	-0.538226	-0.130032	-0.155988	0.202443	0.313226	-0.339554	-0.610856	0.050948	
765.200000	-33.409417	-1.638163	-3.164935	-1.886853	0.095961	0.295223	-3.075680	0.081332	-1.074502	-0.441301	-0.037409	0.350696	-0.521886	-1.664838	0.217398	-0.143437	-0.536303	-0.118123	-0.148001	0.194594	0.306924	-0.342756	-0.601901	0.055586	
765.100000	-34.342207	-1.760990	-3.328634	-1.854669	0.000368	0.212863	-2.990218	0.049739	-1.070360	-0.409244	-0.023874	0.323437	-0.515850	-1.633736	0.222927	-0.154738	-0.537018	-0.104731	-0.137330	0.188724	0.301543	-0.346516	-0.594881	0.062277	
765.000000	-35.165462	-1.784040	-3.589195	-1.856546	-0.032842	0.150042	-2.953818	-0.009657	-1.089375	-0.385292	0.003030	0.300014	-0.510954	-1.628068	0.221738	-0.166760	-0.547314	-0.092661	-0.125526	0.183786	0.300580	-0.352015	-0.597014	0.067323	
764.900000	-35.982446	-1.612407	-4.137686	-1.926317	-0.018964	0.107040	-2.976513	-0.155834	-1.134949	-0.378105	0.041223	0.274393	-0.503232	-1.653792	0.199803	-0.178933	-0.569347	-0.083000	-0.113381	0.176968	0.305125	-0.358478	-0.610582	0.068061	
764.800000	-36.700760	-1.442969	-4.738774	-1.988099	-0.006986	0.049176	-2.982368	-0.324531	-1.170508	-0.371307	0.075462	0.240011	-0.489688	-1.668847	0.171149	-0.188500	-0.586446	-0.073464	-0.101855	0.166323	0.307706	-0.361021	-0.619808	0.067481	
764.700000	-37.181467	-1.445337	-5.069763	-1.959400	-0.042898	-0.040177	-2.888437	-0.431023	-1.156178	-0.348396	0.090161	0.197083	-0.468003	-1.626913	0.152419	-0.191994	-0.580204	-0.062344	-0.091799	0.151796	0.300068	-0.354285	-0.607248	0.068291	
764.600000	-37.273319	-1.430211	-4.836005	-1.826882	-0.131832	-0.076922	-2.658802	-0.417378	-1.073804	-0.314037	0.079781	0.172735	-0.437673	-1.506635	0.146188	-0.185053	-0.541735	-0.053096	-0.083490	0.139971	0.278302	-0.334600	-0.564567	0.067210	
764.500000	-36.921323	-1.199493	-3.889074	-1.603582	-0.270612	0.011617	-2.286858	-0.259378	-0.919684	-0.276483	0.043553	0.189167	-0.399401	-1.303647	0.150403	-0.165394	-0.469091	-0.048922	-0.076982	0.136399	0.241576	-0.300862	-0.489973	0.060984	
764.400000	-36.496623	-0.893207	-2.678949	-1.343337	-0.463163	0.143600	-1.842574	-0.049511	-0.729420	-0.237238	-0.009343	0.219251	-0.357165	-1.060409	0.157871	-0.140603	-0.380145	-0.046523	-0.071972	0.135272	0.197710	-0.261195	-0.400207	0.052746	
764.300000	-36.298707	-0.638399	-1.702924	-1.108694	-0.681945	0.235518	-1.415948	0.107298	-0.548280	-0.199437	-0.063207	0.234414	-0.314817	-0.829431	0.159063	-0.118594	-0.296588	-0.042672	-0.067458	0.130313	0.156228	-0.224137	-0.315567	-0.053309	
764.200000	-35.748399	-0.072216	-0.923305	-0.951640	-0.741757	0.391829	-1.094502	0.195305	-0.417384	-0.182491	-0.084153	0.261791	-0.271451	-0.651359	0.139921	-0.096322	-0.233013	-0.042715	-0.059582	0.127458	0.123707	-0.188476	-0.249646	-0.815365	
764.100000	-34.235132	1.090301	-0.204139	-0.891208	-0.484302	0.702569	-0.928648	0.224065	-0.359860	-0.199043	-0.046224	0.325326	-0.224171	-0.546351	0.091488	-0.069235	-0.195893	-0.051101	-0.045047	0.131531	0.103085	-0.150437	-0.208364	-2.473945	
