72.93698776653012  -45.37510015537173  0.  -2.454809328895529  
      12.113217335171381  42.312796447850786  -22.74521795875751  0.  
       -17.765165247570188  5.391016377834967  -16.031301630779932  
       8.500771141334672  14.631349088910675  -10.176789448905232  0.  
       -1.4644810049868764  -14.976746750626027  6.754151115171528  
      -2.8887773566336805  -10.042729777927551  4.113442835711351  
       3.5775865578873542  -3.67722265021469  0.  4.288640244574969  
       -1.9376515420497102  -9.161527201436844  5.2760386221387074  
     22.82087617644299  -15.480341293093831  0.  13.737916253649626  
      6.78706659157853  13.33282020158528  -3.7826476586051383  0.  
       -4.982407608456986  9.794797689045792  -4.655061150197438  
       4.403255608324317  4.798493805326717  0.32741838160294484  0.  
       -2.253455736043325  -4.245309712684162  5.424251272841866  
      -1.755728405839703  -2.7548927543360895  1.600181687980097  
       1.3444864041806666  1.294637324414617  0.  1.1183974841600064  
       -1.965864668798938  -2.6357714851208347  2.527043864384911  
     36.081428464929594  -39.030896893240794  0.  8.080137112867902  
      12.812533913453422  21.06013178031398  -16.93057248195308  0.  
       -7.943336322687935  10.285060159372492  -7.3881432583885305  
       8.870850271937186  7.551938252341689  -6.193171059481737  0.  
       -2.5849841726687934  -6.759376648300868  8.099433493201866  
      -3.22635473157262  -4.384475821471706  3.9503353421477554  
       2.0934945596604497  -1.4179164131558355  0.  1.790662775618082  
       -2.6972008644908136  -4.188827946242857  5.137257620213243  
     36.274618597596024  -11.265053457716794  0.  -7.379019665179436  
      4.835135023775036  21.241391658435166  -8.299174393401408  0.  
       -7.6666441126819524  -1.876308567578147  -7.230064872493625  
       4.301319462705185  7.7263392403315985  -4.810299073055437  0.  
       -0.15889179479103077  -6.557672847354866  0.8293149824576768  
      -1.547682370220643  -4.19299867980987  2.473056860201202  
       2.2339654034013376  -2.293593243472485  0.  1.6775993976555668  
       -0.5950685910180159  -4.0906012651780035  1.4708890614735346  
     28.496060928485324  -34.69286330465178  0.  -11.80986631094119  
      10.973150478736033  16.779758280100932  -21.036172109120717  0.  
       -5.354600608479762  -0.7461394607566327  -5.238048352041117  
       8.799792293706632  6.308933797119507  -10.975724237244053  0.  
       -0.6121923342739765  -4.635296022759869  3.7341094031333473  
      -3.0411918348313263  -2.8171618165604295  4.792440764460173  
       2.004665567987652  -4.779852119427745  0.  1.0532300932523948  
       -1.406431596000765  -2.9376390943405584  4.117348445173148  
     19.45113112406802  -42.56893440177592  0.  0.505933732235117  
      15.061739338464477  11.601226717124668  -21.422730540776605  0.  
       -2.6835029675764  7.092374626030864  -2.950829776320417  
       11.27414560992092  4.6671105239644515  -9.367130503433922  0.  
       -2.327795626329155  -2.417283535462066  7.56981774304722  
      -4.082549952520375  -1.2507062042498422  5.512198650288938  
       1.740205190687209  -3.1699318075453746  0.  0.33827876691891245  
       -2.799498853027987  -1.610428368709346  5.616171535947917  
     22.55052374075428  -19.088160177537638  0.  7.44671981380575  
      10.80321456758131  13.486545734723515  -8.355410055912373  0.  
       -2.9994082620053013  7.55012425219781  -3.3678855497237086  
       8.381092235495254  5.470394133390225  -2.7821799373620038  0.  
       -2.4572869756637834  -2.7235588659561283  5.477331402137978  
      -3.2736337402469213  -1.393437140553632  3.948059006765533  
       2.0710288058164372  -0.33448701949120396  0.  0.35315784960884294  
       -2.5447965811056767  -1.8313857730511258  3.3240888070199963  
     1.529255318050649  -24.362357642100005  0.  -21.82230415387697  
      9.90215001934502  1.3752570720817858  -19.698600427265987  0.  
       2.7076148751396847  -7.175985834169472  1.6505522048635455  
       9.184663811830152  1.462408108251733  -12.03262735621267  0.  
       0.28268587106840964  2.04530411614613  0.6463099321921975  
      -3.220923775140315  1.9335424477528422  5.538659179513839  
       1.2563282302083019  -6.026878706679051  0.  -1.117399924507952  
       -0.8593309123441266  1.0512965932594176  2.980855545917201  
     1.3964273567605745  1.199765463526583  0.  12.716480973752734  
      8.300162524256722  1.4108857186332207  2.3864185472125046  0.  
       3.3287155294833894  7.754836487659243  2.025868761849748  
       7.042832789221646  1.6783942693729275  2.490381411992964  0.  
       -2.733537893306671  2.5173410085204617  3.7737204268348394  
      -3.0383308121073136  2.320952449172863  3.2508417581958367  
       1.4913893283162316  1.9009736802704191  0.  -1.3481232109360346  
       -2.558443914901839  1.295043996291145  1.5240364762829588  
     -4.9784287670952105  -7.887947660561352  0.  8.429397648353701  
      11.31843781355573  -2.189840865810903  -3.547688788849209  0.  
       5.5273535978816755  6.96503459610056  3.8475497490361583  
       9.566345131497577  0.6376558296962297  -0.7598486305268467  0.  
       -2.817697435407087  4.322848953052657  4.568818517175522  
      -3.90905584900109  3.6525171447536118  4.674375097062933  
       1.4240227824578333  0.4153497333424211  0.  -1.977164208292135  
       -2.900349656608283  2.3588788985242406  2.6036358324866296  
     -18.714382840999992  -0.5332850321448616  0.  32.80472144804302  
      13.446823532773088  -10.028161923790137  6.754643207680434  0.  
       9.671192530971089  19.13537773460129  7.364668985854326  
       10.401455850187313  -1.8114203154980557  7.187030925613933  0.  
       -5.411535562169526  7.753935882463993  8.552263631335366  
      -4.601592194561962  6.077826216098787  4.192318401710279  
       1.06297526756403  5.222886033985454  0.  -3.0940024964156287  
       -4.668926166133108  4.403638212341999  2.899340686068741  
     -18.20259853758391  -4.76072390738643  0.  19.07109935761545  
      14.564923003418617  -9.609082090665622  0.30206936313610366  0.  
       10.310056554544499  12.651267787391701  7.747609150142974  
       12.11320762600422  -1.4222661667062984  2.2993710332725157  0.  
       -4.404714427168312  8.233150827258985  6.774077274042004  
      -5.103739562528534  6.5430840717689644  5.631041514541926  
       1.3801695208378961  2.3587802977275  0.  -3.3637726617447448  
       -4.210305663292794  4.647323464383814  3.118723625467959  
     -16.258521002945013  10.752495341614553  0.  12.963670096168887  
      11.746341484590248  -8.331103698737074  5.50429768879923  0.  
       10.699934224330494  7.422130813477741  7.866336089562137  
       10.932612873934943  -0.6965116004062433  3.5309352901555124  0.  
       -3.5870085308274864  8.490483429685572  3.485373009149202  
      -4.755627483274641  6.864645098230401  5.434002855970337  
       1.813369248382104  2.2358091631764343  0.  -3.5850322250671183  
       -3.5379340578660434  4.745113005187392  1.3886976018355517  
     -22.671336712431806  -8.348288053898797  0.  12.177004921308086  
      18.439138336816125  -11.893107403294554  -4.4192144337586505  0.  
       13.306968283227619  10.070636984592396  9.953077932724758  
       16.00035995138921  -1.5966782611558197  -0.9593491604772553  0.  
       -4.5288096701019676  10.61068173122679  6.690225671141018  
      -6.577661227975319  8.478001555831755  7.956396096215231  
       1.8968830820623888  0.6270077959268021  0.  -4.372764781564416  
       -4.727037899918208  5.976097245531032  3.8795790051114323  
     -21.45831289844643  -7.032768829784969  0.  15.60999132818928  
      20.685354999619666  -11.009555591511658  -3.365753627911331  0.  
       14.125541599076062  12.060239584094077  10.39664943552012  
       17.973368500833367  -0.930810659924786  -0.12591623896815582  0.  
       -5.2841299383128195  11.213636993165345  7.603961026191049  
      -7.439528399389738  9.075541568191147  8.883219488843281  
       2.3873041511626973  1.1930697725598924  0.  -4.736095886340159  
       -5.436016988423518  6.27092348099932  4.21786544610482  
     -11.556838809946232  12.092730301482453  0.  11.095054260618205  
      18.057934639116084  -5.0335205359534525  3.7924478329722753  0.  
       12.995255401577872  7.307406973299135  9.02226395164072  
       17.113258422028252  1.5616322435989274  2.1286042167065147  0.  
       -4.700514552045207  10.152540816059371  4.255074931282043  
      -7.289803719009172  8.578566408475133  8.833644983494949  
       3.379104961783937  1.5506489726036672  0.  -4.65008614810088  
       -4.950617788292368  5.5316476917955955  2.2850332004116503  
     -2.4976081618026966  -6.319689492918919  0.  -4.702272984798503  
      23.698059991995592  0.4099609059567926  -10.382329898493708  0.  
       12.09106112842989  1.950394291651662  7.886842665462066  
       22.260283864900554  3.851917723935717  -6.446384620401965  0.  
       -4.182407876226604  9.294817406980542  4.499166552329925  
      -8.993623011546026  8.252568933416024  12.027224985659858  
       4.313824637700312  -2.7551311970665124  0.  -4.631381116223652  
       -5.201155581519613  4.925867924103472  4.246145083308292  
     29.50041400702998  10.443484804238658  0.  -2.718130157630428  
      23.503565001556215  19.311239298598416  -2.7558206885898113  0.  
       6.012679266882641  1.1944281806498203  1.9039513814415987  
       23.09775030990003  10.971922499770306  -3.0928270045904385  0.  
       -4.597291973037204  4.018292211263499  3.043464798654216  
      -9.589073543495633  4.984931201217534  12.589462160084288  
       6.574498214715463  -1.4649822905131678  0.  -3.4090088473873563  
       -5.560089146376824  1.5723833226964619  3.0196082715782864  
     51.068180750761066  -22.369952792561474  0.  -34.556424346330296  
      31.17231751898698  31.940110359929584  -28.56606538645728  0.  
       2.0342290820436  -10.643454371233892  -1.9450217083144767  
       30.256893824877643  15.705352083717735  -19.041881332436553  0.  
       -2.890691069440755  0.5886310917889224  2.339103642371615  
      -11.751145370119467  2.966000176092165  17.348772417282653  
       8.080315581995274  -9.674479663220534  0.  -2.6558073709048227  
       -5.268668408613926  -0.5931058692547908  6.04033699419797  
     56.10737637173828  -6.472428603310447  0.  -3.3089568306775687  
      36.953660106540745  35.577161193599146  -13.498055819701657  0.  
       4.048570905022753  4.795003947720661  -1.1270328399938478  
       34.71227182711146  18.101418924799344  -8.31737065887509  0.  
       -6.941884780153833  1.9829370152969528  7.403931277102889  
      -14.152883088211569  4.374721181966344  18.641899882158587  
       9.668229749719641  -3.3490322123048246  0.  -3.5932962423476353  
       -8.402840042576083  0.01234900362212714  6.473103427945629  
     40.75869563531184  6.329733951216632  0.  24.08330478838877  
      32.52570190080022  25.59588746872531  1.8159008691022538  0.  
       5.810830079135042  16.76309954287757  1.488606927407491  
       29.253119747104986  13.670339306545344  2.5259805026267603  0.  
       -8.53829540572876  3.821926922193351  9.858592553658298  
      -12.200220715588866  5.533594445464449  14.607319777198917  
       7.826404899581521  2.6949819047341275  0.  -3.834360059505039  
       -8.729754096575451  1.3871338447502466  5.201714661399383  
     31.47477233733779  9.354616799166326  0.  -10.269834191132437  
      25.561135108330124  19.329665373750725  -6.070164665667643  0.  
       6.843038178467316  -2.5601970185582243  3.226035170098154  
       25.008227387287405  10.791985367126463  -5.808766635696853  0.  
       -4.270099181772658  4.966530301919325  1.8699574453113466  
      -9.98466445718983  6.369160123823171  13.694039097501374  
       6.593706732945027  -3.1459914867698067  0.  -4.005592226208891  
       -5.4065190455630425  2.278873606642553  3.0134324851795604  
     20.48707564390352  -15.721797189783368  0.  1.5200385161226873  
      30.640080443134305  12.00291953769655  -13.946217375635717  0.  
       8.34607758038157  6.807975892256605  5.409656847902089  
       27.014032675937937  7.5322467285936625  -7.32194297573095  0.  
       -5.81073497067537  6.527335149001066  7.438033511385726  
      -10.442876941641979  7.499564222935834  13.864212620670058  
       5.269924304714558  -2.6677941760131034  0.  -4.307447179474853  
       -6.558940596047264  3.4341265950975273  5.784481112197315  
     11.639645373225195  -18.82679945608237  0.  3.011912587322571  
      29.808420216374973  5.9678417598334415  -14.475172035698257  0.  
       9.670611661903495  7.612408287838143  7.348479133282021  
       25.643221918840876  4.827425827583266  -7.244171481250029  0.  
       -5.6736752775940005  7.91071864132393  7.6717898393530355  
      -9.687550007864568  8.57625885214245  12.909370684696546  
       4.180528197043738  -2.5482011190063116  0.  -4.618197995433259  
       -6.229580517905853  4.457957084051194  5.754648963498056  
     4.493559237479097  -5.437406546050056  0.  -14.358662502229834  
      23.13148362141244  0.8981707112942879  -12.687106832230736  0.  
       10.722503321761522  -3.9991437607231055  9.042204113161288  
       21.1599713033482  2.480345934157603  -8.979429461795089  0.  
       -3.0573600914351906  9.06365641633893  1.6300869802513072  
      -7.657494009203984  9.55019355801401  11.258224560743724  
       3.2074779072839186  -4.68748989154258  0.  -4.89232530421784  
       -3.927732628979322  5.338391269631446  3.160384414416189  
     -6.045068287331799  -7.500739795554718  0.  -10.63651903674078  
      23.0898837602437  -6.174790745265633  -12.26811292781525  0.  
       12.885182435647732  -2.0533628475454715  11.709511467239704  
       20.40783283271066  -0.5023383767423956  -8.214215562755736  0.  
       -3.2736742195952315  11.153133603291586  2.273533389682397  
      -7.165108449334354  11.221617746297076  10.53312217286716  
       2.1455876266573877  -4.15414393303561  0.  -5.487285160888125  
       -3.8810922941140817  6.785684541182756  3.2020605313725454  
     -20.982642780368753  -14.370603993020854  0.  -15.579422621659802  
      23.65682589662601  -15.833195243525333  -16.777364274396273  0.  
       16.311386086097947  -4.00196047444361  15.516847534318366  
       20.476663119573917  -4.348678766379603  -10.866719563411069  0.  
       -2.7958248040408162  14.310518400041204  1.9881153192727041  
      -6.840345527377158  13.675941592538168  10.542533427542812  
       0.9116500195446586  -5.541289967711236  0.  -6.427596800593628  
       -3.4716027306607753  8.885200977646466  3.5132413885627383  
     -22.986019674217598  -11.095274675021345  0.  -3.5692401959889857  
      24.00352881898725  -18.094207194243175  -11.572619959929542  0.  
       16.771614550450472  1.6866636948485112  16.678867134556032  
       19.81154525798023  -5.6343645112021274  -6.872899901881877  0.  
       -3.865520094936944  14.98675677603132  3.56312889065809  
      -6.497855228000716  14.533755343469226  9.54633326269543  
       0.32916422360123343  -3.209141737303468  0.  -6.695320232050194  
       -3.961504853963105  9.473238631247229  3.3468373339071813  
     -16.06809352458141  -2.9622007998649704  0.  -14.475511919404507  
      20.88917172997669  -15.176504978625331  -10.804553293298655  0.  
       15.094311583147924  -5.5315651174608345  15.922036566392357  
       17.784561722097358  -5.12549857058821  -8.185579054448285  0.  
       -2.4002368476152585  13.86039102645909  -0.1418613555728332  
      -5.411688116523919  14.210569180515916  8.828254146322989  
       0.19036690113679577  -4.6726082497549175  0.  -6.45882906223636  
       -2.651123707451097  8.959563454391624  1.7954195724436859  
     -0.39196541849552746  8.511952052944586  0.  -8.675592502979574  
      19.500309585712554  -7.49327422434147  -3.7020767958915433  0.  
       11.633549335410004  -4.271747033175916  13.691997069455198  
       16.33090053911106  -3.0131680962291294  -4.355304116886661  0.  
       -2.7182792150705386  11.294970550486374  -0.9898773454618278  
      -4.711443889554509  13.097642079180064  7.702155709666316  
       0.4645464671704997  -2.9641526495432546  0.  -5.8881063013613515  
       -2.518664867860273  7.594722550743143  0.5314834118922693  
     -5.883238313706237  -13.906155300838789  0.  11.579343553864813  
      27.77963415886902  -11.76591658265078  -8.597907070559291  0.  
       13.26715856715461  9.620899618938493  15.881614825903851  
       20.821730601343084  -4.923810211754991  -3.5228678511485914  0.  
       -5.631491871132715  12.95627379055101  6.345054173442309  
      -6.212589827779373  14.714599098439741  8.80894571623565  
       -0.19305573603360396  -1.0009887002133366  0.  -6.50899744988247  
       -4.789136541523939  8.78076554810798  3.7312265563123885  
     32.16230318093601  11.284860148917481  0.  8.802109172696259  
      23.788150657000482  8.061678976642018  2.2300821915703595  0.  
       5.113882337683903  4.382946153037174  9.827618047461613  
       18.093243963890664  1.2220840913687767  0.5336665068792447  0.  
       -4.8795810000660325  6.61037497381469  1.7313293150005813  
      -4.898506353008344  11.52345768289773  7.370537803295131  
       1.07286640146515  -0.026540762437651317  0.  -5.0363129909117665  
       -3.7082225304204597  5.189526603775144  0.6416075516960231  
     22.42871673661245  7.818901811114511  0.  -19.753629932221724  
      20.113373265567603  2.6556271656865573  -7.565976230278785  0.  
       6.75203714444008  -10.500658183336284  11.428617885427274  
       16.478522509667123  -0.8114620822423749  -7.852963830814709  0.  
       -1.7255932272527867  8.005323391738356  -3.5605484193148147  
      -3.8543350238171907  12.36865487688619  7.66600898684304  
       0.3966473056643954  -5.344347082629409  0.  -5.359945939468975  
       -1.499662767365175  6.08784893346366  -0.14605939291357053  
     1.397840839687369  -5.247427565981161  0.  -32.144702895521334  
      18.380848091796945  -7.9181202538059265  -16.891122739249543  0.  
       10.073421238180874  -15.359332253719481  13.888836557004197  
       15.484345209313009  -4.337089000590632  -13.531344136076532  0.  
       -0.26757635636538324  10.536427860715902  -4.117308980438947  
      -3.362062289579661  13.309064024797195  7.724338581294242  
       -0.6200304170653734  -8.241941468713616  0.  -5.767903793605591  
       -0.6257422481130828  7.546088690707889  0.7814271046712853  
     11.535113115613553  4.124342606395861  0.  -19.1298062157301  
      15.243898418300143  -1.202233788917679  -8.293520774520104  0.  
       6.390556133045617  -9.853597799297567  10.419623014018754  
       12.624782927760293  -2.068502822869017  -7.848366303692741  0.  
       -0.9925000934524205  7.333171978501696  -3.05952601630518  
      -2.5008444831734318  10.781238024596568  5.848327486920421  
       -0.24279837363417492  -5.132504480560469  0.  -4.67651474632248  
       -0.8483705691947964  5.580492830182107  0.1282256326637193  
     8.506761790185939  1.7384044922137454  0.  -18.472615255300315  
      13.543657567155952  -1.9766386029308534  -8.951582081117973  0.  
       5.890610659462344  -9.240493585870485  9.768618398915226  
       11.225980278453214  -2.3505947629635067  -7.963843717199164  0.  
       -0.7763696867596437  6.78759326888192  -2.61749142795396  
      -1.9640748891843671  10.018992312546686  5.148825566474575  
       -0.4723054353709319  -5.060640212392803  0.  -4.348792896487042  
       -0.6435493410904565  5.231447740884699  0.3772573873729181  
     11.266652180342522  5.674213411866731  0.  3.7685639374381923  
      13.107970965021561  0.3546512862900999  -0.3808795268959312  0.  
       4.229954077107423  2.008324034521798  8.199471631383124  
       9.860882376055487  -1.6114364366148572  -0.9653450489074225  0.  
       -2.7194569289414976  5.32232097125912  1.172458005598544  
      -1.6823786320187202  8.786434132195016  3.5898214512272406  
       -0.44768013659853123  -0.7199373854404082  0.  -3.8224386899969254  
       -1.8029865313144275  4.350116661747724  0.7403632878559187  
     8.573937133593395  -8.604457979289775  0.  -17.87796703798412  
      12.643153139357347  -0.5443205444637063  -13.444844002488994  0.  
       3.9549257783137337  -7.545632198205391  7.967036162120332  
       10.220679932879895  -2.0264730254789565  -9.758640776067063  0.  
       -0.653538263516397  5.049782304996404  -0.9372965480271911  
      -1.3744419527544771  8.450665625674384  4.552431996564706  
       -0.7206824832819085  -5.5657321313600665  0.  -3.670516649360691  
       -0.5557346890763889  4.218858922415723  1.5603621291416812  
     14.498768714466108  15.078829989117141  0.  3.126931155687849  
      7.543293379475447  3.4568110555597618  4.10274949074748  0.  
       1.7141639735317775  0.22146361023122116  6.010177945110025  
       5.81070803597104  -0.7653223258408083  0.8653382304045404  0.  
       -1.8887550673773081  3.1474468905750306  -0.4172673113065555  
      -0.0035667501645112194  7.082663944434874  1.5942074861453233  
       -0.5741917753265278  -0.12242126893434634  0.  -3.089947105403271  
       -0.8697941753546874  3.104404755868912  -0.34785780006645683  
     12.78168658936696  -18.04573861932102  0.  -15.51739813757359  
      12.57843354127202  2.908980229346775  -17.279289791113737  0.  
       1.4135079280920493  -4.981991794609485  5.929193796014419  
       9.781457597798518  -1.136845468919903  -11.104972337541259  0.  
       -0.8478852819028166  2.9220815837764604  1.0486210002316443  
      -0.8699004093398953  6.970617420885859  4.085648989523903  
       -0.8512964635566077  -5.813929321394471  0.  -3.0339412401563615  
       -0.6654177887305618  3.047971358910893  2.796612745148958  
     28.646317871049074  6.773320548966163  0.  -10.513233341361383  
      5.838045034844514  12.505475411424658  -4.011728883612042  0.  
       -3.1515475625326013  -5.898726660699572  2.0586793203164233  
       4.931141069615043  1.9634426984638251  -4.731583856727478  0.  
       -0.4280554313015396  -0.8754368123270447  -1.7501541463345491  
      0.9289513000598809  4.50215247532581  1.515498790567451  
       -0.2946758222093024  -3.228303188743486  0.  -1.9767715678300009  
       0.1772875935383429  0.8218227408644455  0.2010560137800036  
     52.629450251578106  6.0867151354919145  0.  -16.022588733751366  
      4.52395634808265  26.71760178740125  -6.1368977149060635  0.  
       -9.689018728610439  -8.73682843687315  -3.4736418212649833  
       4.152807450685731  6.589894826611334  -6.545444921244047  0.  
       0.22090081867826533  -6.295089699943767  -2.6537887006402805  
      1.5492361841995217  1.0396553152669403  1.2351926261278108  
       0.5981948165546871  -4.351126074295529  0.  -0.48647902291848216  
       0.7133113696795309  -2.364570671824346  0.16518982306608757  
     57.866617346122005  -0.16636552619022368  0.  -16.793041159378223  
      5.232442895233444  29.994296124488013  -9.623046875652781  0.  
       -11.48094914261793  -8.231479663952623  -4.654232860029055  
       4.5480900220686955  7.421639979294743  -8.27123220439939  0.  
       0.16471285027674307  -7.685929618283909  -1.72386079284626  
      1.7710656195859762  0.39907602067886044  1.291572895591048  
       0.5785548981791595  -5.046700926370393  0.  -0.21285815833332303  
       0.678065619101318  -3.06517934134897  0.9718400841582165  
     47.83029894854255  2.439016234410441  0.  -11.174033941559827  
      4.509975250363289  24.363627598220294  -7.06860303387116  0.  
       -9.399639631946554  -5.581803171882412  -2.2680743119434763  
       3.731455875873885  5.15543701574002  -6.489574585147354  0.  
       -0.29221221534592867  -5.783889231243727  -0.8712549574768597  
      2.3731045679785097  2.081074816499728  0.5053765688425422  
       -0.18877522538322952  -4.009634333381176  0.  -0.9430864963269678  
       0.5454350485410936  -1.7293662172997342  1.0281641759079168  
     45.40129739361282  1.3725466579245387  0.  -8.509264689047658  
      4.513311904276451  23.078215813656108  -7.231109846664165  0.  
       -9.17479113986085  -3.965715770145199  -1.432847544182967  
       3.525791151962263  4.318573834794645  -6.3431465224666175  0.  
       -0.5905492903334184  -5.405104906375507  -0.004518819463572091  
      2.87045008990851  2.842482808140919  0.08997424762039583  
       -0.6458681512271044  -3.7996987449113617  0.  -1.2765024657981314  
       0.4648328016727074  -1.289879310369732  1.4268147724242621  
     40.0282441143651  1.888075753890282  0.  -4.604702899455535  
      4.351845275847379  20.02994854394085  -6.367941653549168  0.  
       -8.17472474414466  -1.9024550166041028  0.2180787266114032  
       3.162116987895913  2.8142318887864377  -5.608811068610774  0.  
       -0.9928142157598845  -4.332719199823439  0.897012470028715  
      3.475979234624809  4.188734022717636  -0.4816574520499992  
       -1.2895098622529138  -3.2986342438892247  0.  -1.8632940430453149  
       0.3582433429645747  -0.3914778700904069  1.7242086094738422  
     38.55945121826995  2.037088559917397  0.  -1.7094639451460494  
      4.27329229013968  19.187104832181657  -6.082812183590108  0.  
       -8.11771025519458  -0.30991153539394845  1.1593216202517  
       2.89606411128271  1.9925630713583418  -5.311098503557155  0.  
       -1.3300689652803384  -4.0082064668841095  1.6926996159560999  
      4.141423970148641  5.157236148613364  -1.0064831848517448  
       -1.8075205558302443  -3.051293695873467  0.  -2.2881622238860975  
       0.3065780584499952  0.09110919473538708  2.0639761663923935  
     33.121713550247634  1.7235476007392918  0.  2.2117296730791356  
      4.504548047617892  15.987042144600615  -5.836667875717172  0.  
       -7.041629476626017  1.9125535158306968  3.1659571031052014  
       2.7952745442510487  0.28087538053580946  -4.922559168956981  0.  
       -1.816782094095088  -2.7751884932138093  2.8061835264314183  
      4.831071593235139  6.881547577920956  -1.5380833232396165  
       -2.5762230402156483  -2.703942870759028  0.  -3.0399782161047697  
       0.16657764043079595  1.1736713059365211  2.5374535189111476  
     42.66736235150498  4.998443742707042  0.  1.5660265407490617  
      3.4458599483191152  21.41470677315462  -5.337371106866427  0.  
       -9.688209364097116  1.19815396581494  2.0040854633112715  
       2.0104946177675886  1.432600235433349  -5.149167124332735  0.  
       -1.7391799672248978  -4.619493707893839  2.50097875655419  
      5.90808391356739  6.681301631845585  -2.258301590908969  
       -2.717393995735582  -2.983381262332445  0.  -2.9634604603252357  
       0.4992723177331817  0.429511756065605  2.4755410525597554  
     44.811655714715585  9.557535069626693  0.  -0.6859307390815412  
      1.9627496310560977  22.492469728539067  -4.837689166263924  0.  
       -10.46930414485959  -0.5420904830542366  2.7085980915970502  
       0.9965325112470533  0.9868143984366031  -5.668927072034563  0.  
       -1.475390103281415  -4.830125174085143  1.7272230552504724  
      7.203944515015137  7.763310892561331  -3.0780583704563074  
       -3.2909253296737964  -3.526991490779495  0.  -3.4404702864876198  
       1.0135635084287928  0.7407679357551905  2.258063569404312  
     53.06353130522117  15.37235717883733  0.  11.645184010500921  
      1.8238226451884618  27.0545015025333  0.36458077420681956  0.  
       -12.752162902593204  5.349826104704825  2.271428523838827  
       0.3070319411087466  1.6221624590856027  -2.0765654713278447  0.  
       -2.7489031781881126  -6.235136735531547  3.7284053659624297  
      8.332781551286983  8.2271747835548  -4.385196009066818  
       -3.6661427710172036  -1.433785553658747  0.  -3.65694615666711  
       0.531619804450834  0.3871734199786608  2.5082489715302656  
     50.24067656623065  8.156148020493635  0.  8.29799684334542  
      3.3312956791481767  25.112638531329708  -5.461087366311971  0.  
       -12.269381642296695  4.7676172645596315  4.580650503479831  
       1.3277936819242677  -0.12232508354336906  -5.60825397673947  0.  
       -2.8257659240795294  -5.226244820497449  4.6935097412664755  
      9.256929935371376  10.561276541187054  -4.350654999606409  
       -4.685204925769561  -3.156406011956226  0.  -4.675358954767544  
       0.6706627264240174  1.5866655209830058  3.731306818767024  
     41.81877498328168  5.162210057035465  0.  1.573090817951544  
      3.466548352102815  19.87314330848727  -10.451134975885454  0.  
       -10.412349639849408  1.8004359911798238  8.404501196544421  
       1.5478739128785781  -3.1529962531345  -9.356806955580982  0.  
       -2.44433838729933  -2.9723406757920885  4.40620477622611  
      10.666338698049124  13.989226030711784  -4.639650664076028  
       -6.094418355369935  -5.278257074489552  0.  -6.1660364658739  
       1.2436504270635227  3.630424860909946  4.418899693697366  
     38.02607615031169  18.224417937242464  0.  10.78071658180528  
      1.423491307367281  17.214062819938516  -3.332391392905814  0.  
       -9.635721075186225  5.0521850886257145  11.554154251076007  
       -0.33578606140989686  -5.466416583989927  -5.653629257726555  0.  
       -3.253908795245075  -1.5231469702874738  4.885218588521353  
      12.776845019747304  17.151246974393747  -6.6307654144413295  
       -7.414646083423635  -3.5306483690745205  0.  -7.552234175136737  
       1.3516786683284345  5.278319598283985  3.9524803888218227  
     33.548726880777956  24.42348064437553  0.  12.673134085148128  
      0.3072467760639612  14.147245064554333  -1.8847001984413467  0.  
       -8.820465136664058  5.434653188975241  15.1163967954233  
       -1.3210951196912097  -8.12538324580352  -5.550067644064951  0.  
       -3.580096671233838  0.06689535978402544  5.080123887614717  
      14.894570654137526  20.730958993155234  -8.025335785620687  
       -8.941985076888278  -3.6724365723734427  0.  -9.115463703267915  
       1.71196675094388  7.120969770667927  4.0992462332326545  
     33.944579029820744  23.185009840827668  0.  13.290686519028318  
      1.2125315622934234  13.625711996782053  -4.769082890694029  0.  
       -8.969081891582285  6.219636529121645  18.21978941269025  
       -0.9237345285952356  -10.15848158405113  -7.657592862375973  0.  
       -4.044958995233189  1.00847133274336  6.273969523197894  
      16.871875528111158  24.268416338285782  -8.846223745387976  
       -10.426923662382288  -4.761172218009461  0.  -10.66901209601746  
       1.9302122508559638  8.70688681387348  5.1692554379066955  
     32.08557357809798  15.839760249413  0.  6.587976809273434  
      2.5274029353615455  12.073332459108737  -12.909917179701122  0.  
       -9.14871247565977  4.08470745148545  21.80381880787296  
       0.032540069121483446  -12.795403557709173  -13.142425761146816  0.  
       -4.065477732731671  2.021831452326758  7.125583478144112  
      18.96680490553801  28.235717503681332  -9.267418085200486  
       -12.25401147607157  -7.621221129855983  0.  -12.394626134778607  
       2.3660750854820654  10.461129300341131  6.7941700481365634  
     27.66932900636302  19.142225700766843  0.  13.446394462404765  
      3.6707907979582757  8.078764460173586  -12.747879039829222  0.  
       -7.436341578843648  7.564758119956201  27.54779609556051  
       0.27310565282922017  -16.61066451528081  -13.424725288476163  0.  
       -5.087381115570066  4.925010378151973  9.088806556020451  
      21.669649939844145  34.05898569905054  -10.701811107937298  
       -14.406165827358388  -7.7593184108902316  0.  -14.959524121537509  
       2.5129795498326626  13.580633837890574  7.860996838257152  
     42.92294016772021  30.209268624864013  0.  3.2543588054559645  
      -1.928781958780932  18.21591435242406  -13.075131227869925  0.  
       -14.88687033426823  1.3626761881974903  25.90952146494285  
       -3.2243815583450006  -15.773870781563208  -15.904932162513278  0.  
       -4.640620584070648  -0.1120130622745379  6.9121734180571845  
      25.54862728674051  34.73039698763809  -13.447476577268906  
       -16.025764491285173  -9.67416837690864  0.  -15.201141825534316  
       3.520112480377856  11.877091446008228  7.559975563866282  
     72.04087011050733  27.676854338676385  0.  3.6903132696800145  
      -2.5486658877621395  36.157779281588915  -17.439182645419272  0.  
       -25.652514583198005  2.87180881710755  22.039738127950628  
       -3.800173170194567  -12.661333701751339  -18.782998491060937  0.  
       -5.887566659917781  -7.709003047805825  9.186940398323717  
      28.800345954027307  34.37646132683634  -15.465336293785448  
       -17.31121051792034  -10.90648201744446  0.  -15.0039753819363  
       3.2258680274827896  8.831996034550926  9.448025831512156  
     77.68554237546678  20.166078848395266  0.  12.326332438813715  
      -1.50700600898209  40.47245836552005  -22.197860165461826  0.  
       -30.937603359807184  9.543587775423822  23.79625427553509  
       -3.684944150984993  -14.6679865083439  -20.77503376005021  0.  
       -8.2068871221825  -10.431729584819829  14.040213183588415  
      32.14097479025234  37.8647524966506  -17.71821996799758  
       -20.076513241338407  -11.19013287971831  0.  -16.478373941221147  
       2.257622659461708  9.001900144433689  12.378251396459161  
     71.0848161736841  24.030352295452197  0.  12.239405647899924  
      -3.2059276009390367  37.5182175134491  -25.006327217642635  0.  
       -32.94978204861487  10.071298662503294  29.6338502294809  
       -4.979521313476461  -19.674348323837688  -23.5585934824537  0.  
       -9.501370700910373  -10.158022686621496  15.775275574937291  
      36.776035123120785  44.54099686550752  -20.582777912993453  
       -23.824265165765546  -12.631102496788433  0.  -19.299227191155747  
       2.2749727702028415  11.276973728750368  14.05817364812533  
     74.25951267797139  27.02869298239443  0.  11.276419352871772  
      -6.971615217681564  40.337467824277255  -28.514220647355515  0.  
       -38.5673363171233  10.25809137806355  32.82094583289912  
       -7.95644319892325  -23.2975664077689  -26.81352305920166  0.  
       -10.570756291908774  -12.51799782814317  17.493380823663795  
      42.29880836331855  49.59045490843589  -24.471258454269343  
       -27.641697344044395  -14.334202878127586  0.  -21.484567106561702  
       2.716166114762464  12.257557505443327  15.809465837636184  
     97.47446706111468  22.459120588741477  0.  24.255627182961277  
      -2.4763771335207956  54.35202758455415  -33.89469605498361  0.  
       -47.60906671755347  19.411019599173283  35.18873184607144  
       -5.3439903594815  -23.72141469325722  -29.582051050704404  0.  
       -14.279695381839934  -17.589503989516516  24.145869435411768  
      47.16868700025261  55.520086698146415  -26.76785790947401  
       -30.986552210323016  -14.935726115094484  0.  -23.914794959235348  
       1.075059812801866  11.941877573351087  19.924261873357192  
     105.1450429870191  19.428132490285787  0.  22.606892980052578  
      -10.562382135022707  60.11394383604927  -40.44320130211924  0.  
       -57.399853931755814  20.0930047975817  36.00032698340023  
       -12.04658178471619  -27.795565719606845  -34.30329783030086  0.  
       -15.032199806548075  -22.47458436596557  26.682395365340973  
      54.666195386628495  59.12876568922304  -33.03209384530738  
       -35.8953247280218  -17.241518256406692  0.  -25.64615835430888  
       2.340579448156184  12.145309155530324  22.311486091705916  
     138.0936951658621  43.253269492264785  0.  17.56615378975871  
      -2.707212274812136  78.78953553551531  -43.31422328007056  0.  
       -64.89301755981577  16.609647580274572  45.444442277539686  
       -4.945140281889517  -28.183633098683227  -40.593324727044184  0.  
       -18.222900805617332  -25.86994937031829  27.806986022349967  
      61.78119752659743  73.07976875768159  -33.67688238603514  
       -39.93174813182635  -21.284492253647205  0.  -31.171244169962964  
       1.1893111317359437  13.724886871233585  24.936632097308358  
     102.3552890195674  23.39983376025693  0.  22.43860253817001  
      -33.41987708524803  61.40512443710887  -49.735829763215186  0.  
       -75.81358518387891  22.060219627534867  42.738160418164895  
       -30.825004716881043  -42.197514231069405  -42.39733100809786  0.  
       -16.680064616439086  -29.652989720041774  31.722989181567133  
      73.72595916667342  70.90673516405406  -49.60274956998854  
       -48.93390976999695  -21.41273592471103  0.  -31.199070406954984  
       5.904743989272763  15.589045133568538  26.86272997242223  
     100.87688374126485  57.511800687334826  0.  40.58413697219121  
      -15.355035827437959  82.91321529709508  -62.449136958631485  0.  
       -42.810296044085284  20.845536825517637  65.0193618676733  
       -3.652928947965896  -33.1422598841421  -61.70926787629446  0.  
       -8.016801261603828  -12.172674044083998  36.0618754119463  
      79.41961702045693  100.45177097724874  -34.81179967974527  
       -46.99403091622595  -34.117705625882046  0.  -39.64267967151813  
       10.045516606614493  26.068964360346207  34.78512350548089  
     92.35091130366041  69.35720621974055  0.  46.45368960514395  
      -31.005851475030052  84.07962332002239  -54.41376087178914  0.  
       -61.33937648864807  26.35302296600103  59.527236040777005  
       -13.707177583074241  -39.294519679477574  -55.70107856442166  0.  
       -13.766711662472957  -23.514140902996807  38.99940079145922  
      82.58062322831834  99.06120329378977  -43.22856328871389  
       -53.43546393186538  -29.979499657647263  0.  -39.34297692224772  
       6.4730073395440595  22.642249090563183  35.27250047172948  
     163.71371019045097  62.46745969832195  0.  50.28456745565371  
      -14.102804464094586  104.41528141470596  -66.60634712787147  0.  
       -71.15715020460114  26.323475029438807  76.02221031819614  
       -13.237831988452262  -43.12790865449194  -65.2679556618331  0.  
       -13.537569156384516  -27.006019457085255  40.304903703000726  
      100.48586280966965  114.91738851572914  -49.94106041199247  
       -59.96660687891058  -35.81846462149924  0.  -44.59020581675147  
       11.341815324397961  24.434581845824628  37.365241318996105  
     142.0559905133824  55.69094789425715  0.  50.95913361258551  
      -25.444511955700612  108.31493813991771  -68.68815710338126  0.  
       -75.15015511708216  28.292592445530858  63.80178028187929  
       -13.271693114590635  -40.060951863966956  -65.50309304747294  0.  
       -13.882065292717376  -33.0936573850399  42.597948597026516  
      93.93147951842786  107.79601694843075  -47.73217538079848  
       -59.80047309131605  -35.092025991437836  0.  -40.716053178070865  
       8.263031630612069  20.261511310083254  38.89715145556017  
     69.13672973312426  62.027612624946585  0.  39.06821133862491  
      -57.02504363475007  99.15996941186991  -56.80546324082525  0.  
       -75.35624834212118  23.35237889781326  33.27580545468181  
       -17.978465505905092  -32.76212577996396  -56.46252378827104  0.  
       -12.95148371941343  -40.14401060105534  39.21044731412462  
      72.39206914871974  83.69422344788227  -41.35614322390403  
       -54.42291524822856  -29.494415419857813  0.  -30.291340920003577  
       2.048278123093966  12.00192359710012  35.964683809137156  
     72.97397975301631  51.91926263168967  0.  58.205198181265374  
      -48.86309149024753  92.59092653828503  -53.723905748041624  0.  
       -51.53934535653772  24.77200027882004  37.98470057718471  
       -16.152063681780373  -28.45184052086932  -54.78252274463503  0.  
       -3.05669522245187  -26.98298508492643  35.04500122461215  
      71.9659752336372  83.10686481647295  -36.35786940701591  
       -49.117003967449506  -30.08273886008217  0.  -27.534732466549897  
       9.184639078805025  15.345185014993945  32.44342961827413  
     68.41275670808065  51.378018244111296  0.  43.92826986939428  
      -43.58424059417027  90.697855268667  -53.35947293574575  0.  
       -50.39317970524641  17.817931101805044  34.348534158092946  
       -8.560450315202173  -26.452554764310065  -54.26101483928872  0.  
       -4.452789033724399  -27.565161162125325  31.34750583423797  
      62.976386040842996  80.08181488429635  -30.359564557685182  
       -47.21249205281  -29.872950989488853  0.  -25.56069193622636  
       5.604254823001649  13.481981384529083  30.432650735582698  
     54.0179594113662  53.07178342950717  0.  44.05995464199391  
      -47.205633367569895  73.84528085345465  -44.927548303861336  0.  
       -49.45114213450829  16.295881939481458  36.24727651796078  
       -14.53028777490149  -33.44333690701981  -47.72464929024063  0.  
       -4.8451553578018105  -25.31707445711805  27.39170507108599  
      62.07821501129996  78.94882070408751  -33.40879891147572  
       -49.41083569604307  -26.702643129543148  0.  -24.619479178866154  
       5.806998860513281  14.702276297901083  26.378561339195997  
     67.9150955872331  52.560302057071134  0.  35.614607579786274  
      -35.39182454792971  77.6079754106544  -45.13586082143512  0.  
       -57.266622082830686  15.098238124461115  36.430625629240325  
       -4.68945216924154  -34.204090416302  -46.5179856577167  0.  
       -11.42793452357825  -29.716910927301917  27.43685144038697  
      55.89435326255904  80.84711068701583  -29.78792651709313  
       -50.594577372760334  -25.406904068132793  0.  -25.18197940193944  
       -0.45636931564944255  12.874973709341646  26.13857220444505  
     43.46530493040832  53.29846686736457  0.  51.39005781469025  
      -40.14946170229815  72.19828857916382  -44.15772188428969  0.  
       -37.026023778654356  14.989444543291208  37.622402416357716  
       -2.659366691199714  -32.1156824098803  -48.312009970499886  0.  
       -2.545292218286777  -20.342884330715968  25.12289338789241  
      53.96472819718324  83.24415179274807  -24.649121571154083  
       -49.02895837015108  -27.691944873606086  0.  -22.69633959789229  
       4.104628488331205  15.877232336455435  25.01152472476895  
     44.89715250649306  44.46722066805417  0.  46.442279901271625  
      -44.64349636127569  79.12336010556548  -49.30209895793743  0.  
       -37.949725674605084  14.094187184962372  30.437283178597475  
       -2.178379747804265  -28.257882788398753  -51.05018588529777  0.  
       -2.079788439019109  -21.984979788390653  26.063819348370355  
      50.52610769446128  78.83441210010089  -22.764959382944124  
       -47.405754610080244  -28.846420502904657  0.  -21.061717461161  
       3.43972529069097  14.55746504937658  26.22324245580325  
     54.831514014255916  46.496877081648  0.  48.347288430101344  
      -44.136638633723884  81.1909182023263  -48.08562193137238  0.  
       -34.860986204002295  13.01452416984118  31.76300967911168  
       -2.199280019047819  -28.170392834982096  -50.99721517882376  0.  
       -0.8164648465001203  -19.42601491172615  24.53388400713249  
      50.984791627804924  80.6230877512058  -22.510873369384466  
       -47.433635480073264  -29.39635060666263  0.  -21.266691321401993  
       4.744728001167133  16.161014209978347  25.19672434624966  
     71.93217726064259  41.92043930908563  0.  52.809291151285784  
      -54.78345094188254  84.31411558267747  -48.14294423410108  0.  
       -34.74104161012915  11.563077928343224  30.31238213526834  
       -13.237419503663363  -30.08330251268879  -51.72356839307882  0.  
       4.065594171771899  -18.160089517583568  21.865894447399757  
      57.03371856480235  79.867755917102  -28.11125733110112  
       -49.392832379383286  -30.806438347977142  0.  -20.213977936435818  
       10.555102812543462  17.849731636183947  23.260424614213438  
     109.84346436120859  30.153605707322654  0.  49.18039185102851  
      -39.15628398678282  85.92015002623523  -53.42094881287698  0.  
       -37.8966918839826  10.383775452981958  40.398288518013025  
       -10.107300402712074  -34.778714246154834  -53.943567920590546  0.  
       1.5275560756804731  -16.568839093763906  20.786895421607497  
      61.3891691809725  87.41348241628855  -29.798715977791268  
       -52.25261029860757  -32.16661050363339  0.  -23.082120582930372  
       10.92659734080255  20.406356231415824  22.409493857592324  
     96.49190830715209  43.82758480831932  0.  44.68478198794799  
      -36.53345919568521  81.2240343014472  -44.83066273869652  0.  
       -29.621248837396784  6.2165500448414175  39.99319135041999  
       -5.392105656718234  -31.60657560596754  -49.37388285130816  0.  
       1.290129455074764  -13.031783996169416  17.317319787910286  
      55.34813463385768  85.51360758711495  -24.81423519273651  
       -48.751798467885315  -30.12813527578684  0.  -21.83941429192899  
       8.712610832472137  19.96738023243739  20.058238995642313  
     73.02807836448524  24.274883153643465  0.  43.1833328291487  
      -50.24127464312588  71.59943730366786  -40.4051920244621  0.  
       -20.608254807810688  6.038285272737817  25.524525328676845  
       -16.866279544224497  -24.616710047571058  -42.92592254429386  0.  
       6.366831790272907  -10.222701909090256  14.72949196703325  
      49.510813946243346  65.9477342970668  -24.57183772755512  
       -40.890017380555925  -26.25802428610998  0.  -14.79114982018741  
       11.366299207105175  16.438118613892232  17.162864479132754  
     49.00217367888726  28.74609692387163  0.  24.785711504371005  
      -49.33998532342831  61.954288513004315  -34.57240691686199  0.  
       -25.112964428749294  2.571801300628384  20.43020839955376  
       -12.907770543325697  -24.946673269518236  -36.92727759170485  0.  
       -1.4067958146096775  -13.1871554962413  14.01594191418933  
      39.485114596302616  59.77701924487185  -21.428305213209985  
       -39.11107968770958  -21.83745664185735  0.  -13.827054666908094  
       3.1945431604539083  13.545239198164479  16.245755120894497  
     64.55747431105826  19.94604328129538  0.  11.66928868554835  
      -32.6776579889828  62.987461164047225  -35.241474793494724  0.  
       -26.206153115736132  0.5467168338001472  21.223204090595157  
       -3.5604997403601018  -21.460013297482746  -34.508484669439646  0.  
       -7.609800553598687  -13.384442827482113  13.530073210378658  
      32.75473605086052  57.23070726311864  -16.44247793836131  
       -35.33046880990597  -19.57911796005147  0.  -13.876302391570594  
       -2.5981380016463813  11.669178672386874  15.654300908619394  
     40.488762142402784  16.597361678392392  0.  23.40818637994354  
      -42.239524713496294  49.986924605348044  -21.618557500917127  0.  
       -28.138240845660167  10.280893873174264  13.412881249889047  
       -12.146026722198007  -23.52821851350923  -21.371637568536155  0.  
       -12.069593999202425  -14.754955110947447  15.989459866982823  
      28.330848785062688  46.80157445779704  -19.754993766260295  
       -34.3532841063205  -11.206135327963406  0.  -10.798227378879567  
       -6.180106072502377  9.371311913273273  14.163955563058009  
     80.8173332247408  1.1475684673910578  0.  1.2137635346950961  
      -21.557096855389783  52.63424638580708  -30.062371458017832  0.  
       -22.12729634611266  -1.5993886464400746  23.12109408421907  
       -6.257956706172884  -20.595633048816374  -26.07323937083037  0.  
       -12.003407255659246  -8.748415453656495  9.6458794023524  
      29.408595507773303  49.96689605736026  -16.719344891144374  
       -30.604322822461498  -14.307089043111903  0.  -12.175740461622803  
       -5.261180138797936  11.139410424600534  11.39488979274278  
     41.782135532799494  4.9562161085007785  0.  14.192453298228427  
      -50.20801634896678  50.28855072609036  -19.90061113583639  0.  
       1.482033791838019  -1.6551820269761457  6.021108189957848  
       -19.316384346825878  -10.80668736532043  -21.846767088664052  0.  
       2.044302934085725  -1.616769924579493  7.062737623736121  
      26.81646211597497  33.36748982868495  -14.01378127554731  
       -23.527790516901906  -13.546948361346844  0.  -3.508239269922743  
       3.2505764554761303  9.057327999207002  9.718500195081521  
     62.402848625447355  -21.170193839933614  0.  20.487852179276423  
      -39.49658276360204  55.884697331511695  -27.875265082847196  0.  
       1.6360629743081325  1.6209128372235522  11.231384464103346  
       -16.685637827643962  -6.502301510537021  -22.21068712756381  0.  
       -3.2194968135118662  1.54000515906079  7.535600598197509  
      24.667567208156704  36.584706956351624  -13.92589112791224  
       -20.40744188367483  -12.159494794851298  0.  -4.543033032327839  
       -1.6371316218623642  11.053766166679322  9.199361487430572  
     63.242097513139704  20.783835686788034  0.  -4.010098023693649  
      -24.911192403073624  48.49040536550585  -6.86815131241334  0.  
       9.932057275708784  -2.963779209297675  9.240047254651552  
       -1.5386565367748566  -11.364835063798507  -13.851218043517411  0.  
       -5.48335067781132  0.5281950062143745  8.290404042687483  
      19.68283795519291  32.57256471364163  -3.4684868840266603  
       -22.064111312163103  -9.555276702420835  0.  -3.5753599067200406  
       -2.778613021763609  6.235958135349342  10.251084489106184  
     79.2134968770955  -9.27839853651784  0.  12.835253504788833  
      -21.596524355384858  36.69640663442673  -19.434576941305096  0.  
       1.804023756999838  7.013932385212356  12.887445093615844  
       -8.520913161951263  -13.402381868827517  -19.37711405967817  0.  
       1.434652414954432  -3.7444545997474705  10.88481529345869  
      23.51600368284215  26.99609367848973  -7.574412738921204  
       -19.927977055087545  -12.417911319631664  0.  -1.0326967407350827  
       6.09956914166991  3.435180564020062  10.243300730966862  
     62.02112877222497  9.020478665643006  0.  3.8918281263275207  
      9.90908192690361  30.2914970466029  -5.693893825099755  0.  
       1.2850339754702105  -4.3410255594876554  8.831867756780857  
       2.505845238602458  -13.275251976325501  -11.102482597027809  0.  
       8.238032846874198  -1.1874262012943784  2.1432977945964864  
      27.090898524434134  21.4529702276335  -5.910765501904809  
       -19.145533631465092  -9.057937127591892  0.  -5.511084193817803  
       11.111278319879261  4.476666814567294  4.842976015887453  
     102.16216902448753  -2.876686432636327  0.  14.856424085223992  
      -10.327564656530226  33.06372469796427  -13.491140610048072  0.  
       -2.97337822204634  -4.999738604413796  25.462613116125887  
       -17.434662786016947  -11.836802036958389  -14.556085333190085  0.  
       4.000861481431308  1.8845831586922586  -3.180159101313237  
      31.53379208034938  32.43343975035137  -16.758476717925276  
       -16.83493301279327  -10.620459440722781  0.  -5.3277191587398365  
       9.732817328894157  8.784142807732398  0.08805560333221643  
     82.93100012798283  -5.902035957954951  0.  18.294386844457726  
      -1.9052783526549442  32.83975835892316  -8.453361957801953  0.  
       -12.683207523788623  -1.488196008038461  13.021243457648342  
       -13.15516645067376  -11.535239025625948  -8.746980429991202  0.  
       4.30337669980965  -4.739364602119265  -1.4095458835569357  
      29.382813292968162  22.809896327491384  -16.473383708126903  
       -17.68631357302013  -6.568916248968297  0.  -4.978876593130207  
       8.948797986701964  5.108564315152831  0.3181254981599084  
     77.19861193273721  -0.13762410891626156  0.  6.929614115062646  
      23.542685976669524  22.860029872123725  -7.1617246223262  0.  
       0.08549796400186348  -6.593189590151968  18.739372306332363  
       1.1659383945836492  -12.11403702673691  -10.000557046212158  0.  
       9.226191137765612  1.3947147700751867  -2.8777556246300002  
      29.720245053204188  22.95231036467993  -8.383496541817065  
       -15.5542999021319  -8.400018671981137  0.  -6.649547296538435  
       13.013016672764568  5.431294621491496  0.6146221288349266  
     66.74980006158592  -4.234302155518773  0.  15.70272610728824  
      -17.9533770514091  28.45578184457236  -12.972323146112169  0.  
       10.162990396266498  -9.818865584767373  16.95302428871341  
       -19.955141784835778  -2.76829245411403  -15.437271482772182  0.  
       14.283993054597358  5.166346475502795  -6.868921332568926  
      28.767341087494025  21.532931304043522  -12.66181677699233  
       -9.708747123480272  -11.721644095479979  0.  -0.6039365202936535  
       14.969408288198492  6.086117783586255  -1.4009184861127801  
     59.05690995945837  -4.41238192027125  0.  11.109654612761911  
      0.5942159923753072  21.26759487349323  -9.087424377648698  0.  
       7.842693341069672  -2.124626668322919  14.172886735919711  
       -6.287081204679751  -7.061683311258436  -11.600034132624318  0.  
       9.904422216710545  0.40957040144885865  0.45543008284650727  
      24.69102232206402  17.12187227400505  -6.294170873493429  
       -11.599632768988386  -8.879280522871081  0.  -0.5344264520262113  
       11.802713914339305  1.4815899410861189  2.760154758636449  
     66.41914305132634  -2.7839286734042212  0.  10.71119449886702  
      -23.0210755616992  29.494130237174957  -4.938357312689656  0.  
       13.543109452659776  -2.002596951453236  10.764697284391433  
       -17.73779144101287  -3.171834878673456  -9.047954801941643  0.  
       6.808211494786353  0.8129230525171824  0.545916805387961  
      23.451946599656587  15.12361569801582  -8.264626278075976  
       -10.302804728649754  -7.3588390871278175  0.  3.8065137373484985  
       8.509905745207188  -0.05040162757287715  2.6436110347407986  
     45.16230499144771  -11.426800845861337  0.  4.7956580971457905  
      -2.787721863248119  31.621657352243872  -12.307515706862196  0.  
       5.3187737885146  -7.520974958284569  3.58734078414772  
       -6.596388507883795  1.9221380572634674  -12.47965923598417  0.  
       11.663153959743411  -3.738722878175867  -1.6431848814712897  
      22.35166605079453  9.324797362885446  -5.136106025265658  
       -7.916116964080146  -8.545858829040142  0.  1.874156804920206  
       10.096405862064804  -2.3535965578116937  2.428009156717409  
     51.001219789437656  -1.560755114731243  0.  12.664267532644763  
      -21.409966455068002  29.6198731620309  -12.390672215459636  0.  
       9.277268891325276  -1.6722028857565396  6.371286390417072  
       -12.934279422902437  2.9804252620148444  -15.861146091165006  0.  
       13.96977469866863  -6.711565309556569  1.6818608518996425  
      21.306288111773792  8.741288180723002  -3.9605179926881733  
       -6.188235964028859  -11.229922346432417  0.  6.778148839285612  
       12.755184968754245  -6.366586264420731  4.347500936480205  
     50.074969631133  2.6149049099506785  0.  -3.467392619500672  
      -9.344463970441552  21.49953027849453  -11.018601708861892  0.  
       7.139612080027478  -4.861053683099935  7.880019919828648  
       -6.985530150817084  -2.238267226982291  -15.795222162265448  0.  
       13.504137825919798  -9.66466202513353  2.2828114057573288  
      22.454218172614034  7.03866483612176  -1.6977550635709429  
       -8.527964278732712  -11.561982012271224  0.  6.334111600104874  
       13.560303497500117  -9.15278592354219  5.3514731761177865  
     40.06643495172471  4.0731654424625185  0.  -0.6653332552728114  
      -13.603748338883092  28.56704349604711  -9.951163742899595  0.  
       2.942078232559455  0.9391301549309079  1.2506444754451702  
       -3.099213524458822  0.6878120673622135  -14.259829004068218  0.  
       8.809438695936251  -16.354116176004336  7.658335512028506  
      17.73249531580649  4.003502154449197  1.2014007267433746  
       -8.689727869758295  -9.538641945958297  0.  8.543363839122408  
       7.831508030528333  -13.861183240035603  8.668874823360046  
     25.780377891743317  11.228208630556049  0.  0.6015749836552051  
      -6.2799674673980395  35.95682072076044  -3.7560412467459265  0.  
       15.78491570094119  -2.77358517703714  -1.7471723095265426  
       3.9000516690418077  6.636138894768714  -10.836709527596271  0.  
       10.329634922363622  -10.441117420332045  5.842984978161735  
      17.055096254962162  4.195137018666256  5.900265766981153  
       -6.6438837888040005  -7.788053346215437  0.  8.008818397341958  
       6.1671821169422945  -12.50980170900841  8.372965704210854  
     19.114551392253524  9.468561045133642  0.  6.68878420963131  
      -13.311544266331582  43.415005261029556  -1.2199651086447854  0.  
       29.46939382758344  0.874953037127537  -1.4344979349338156  
       4.612997587743075  10.130917282396704  -9.088931276743972  0.  
       7.311618006799943  -6.868007715119389  9.479687946946571  
      16.442496798373856  6.833262969774394  9.115670331613247  
       -6.529905897589233  -6.2833744327132095  0.  10.380924977464842  
       1.5405869936190593  -13.127165214426752  11.116298932232986  
     38.26423025786184  10.260204303339494  0.  1.5160052049335155  
      -11.738657559253943  42.28656657542031  -9.20081892164156  0.  
       7.239616601364891  -0.4376903218255482  1.9876323124493482  
       3.8075973951967543  9.49629175057259  -13.516534403556513  0.  
       3.783653344860655  -15.145394951738792  7.473160624842347  
      12.959713989718283  8.255058233335882  5.50792521431429  
       -5.225604301614761  -8.184692276716508  0.  8.196812927736415  
       0.26830203016367576  -13.959384916963458  9.152740901077857  
     28.110816705049352  5.245667195530104  0.  2.313284617223071  
      -18.01606344642109  34.217641146237604  -9.21768132815624  0.  
       15.695498199057635  -0.48149639572299596  5.358391942458456  
       -0.19530518886920917  7.732855685570797  -12.796449984063589  0.  
       3.0372569650966437  -7.954469925882425  6.67805949318665  
      11.626790631081843  10.33118499751578  4.864276361690061  
       -4.495533282044476  -7.777417851130409  0.  7.853594215176911  
       -0.3078258289373503  -9.942547847542459  8.359481949379427  
     36.095592791477905  6.542230444144307  0.  -8.688826645524395  
      -11.396173677334577  29.83300427961305  -4.91181067437273  0.  
       8.029110411110086  -0.8020452415881949  -0.7617710252832296  
       1.1620252577114563  3.7322511882883096  -9.463218457659506  0.  
       2.7936647477090353  -12.420021649730826  7.200683469104164  
      10.947710718095914  2.9223211050356275  4.7637685646995465  
       -5.996396525104495  -6.2471232014842  0.  8.165390502023207  
       1.3881551121917544  -12.634865226489762  8.174824535221907  
     29.64456472474092  -8.316458446857864  0.  -3.580901203496548  
      -14.021479218434266  9.74611368468744  -2.0520375351480387  0.  
       8.679426863823098  3.5696032796330543  3.644557029341191  
       -10.122779001437102  -5.7759257563630895  -4.4209426093261435  0.  
       2.6040538808477254  -7.650839051323408  6.9642799933103765  
      15.427643851429027  1.3915702505785443  -2.42687990969714  
       -8.515851315373729  -3.353816959841566  0.  7.396210654888305  
       4.4355724477388705  -9.112336152734896  6.076784300558246  
     46.601612304594354  4.379397206812769  0.  -0.47593527688584164  
      0.887624324224109  20.804337560540414  -5.584345781039601  0.  
       -13.340065676415392  -1.4594573397354975  5.48104649636017  
       -3.4003781074484727  0.9480060669409888  -6.770729822791343  0.  
       2.032634110113603  -15.47165433055863  1.207234581844221  
      13.66246429204057  4.408031470874428  -4.315916897331851  
       -4.9771116321600495  -4.248361404266222  0.  2.8930973177452355  
       3.2934907373323936  -9.442324161120819  2.1555599968272126  
     51.1060610115319  -2.7478864580070868  0.  -11.280438775436874  
      2.4812244764448406  11.73492173237532  -5.679104335473939  0.  
       -2.9254597740627477  -3.5082760217021622  8.497851291735943  
       -4.352546426213307  -3.9852239594523775  -7.044783061578725  0.  
       2.931916311945138  -9.291703445169228  1.286195998317211  
      14.894640531850891  4.147537362365943  -2.989291677219467  
       -6.130359964615633  -5.115440937098301  0.  3.3489360031596336  
       5.603991171600346  -7.522488627637763  2.5768293633920916  
     60.19361076751648  -8.029760095641429  0.  6.64313078754736  
      -6.742422442810928  12.958929415241748  -6.401042531474286  0.  
       0.8827986245611247  -1.1621626402335854  9.00600620540704  
       -14.480615427286297  0.3085095696496556  -7.708742918089802  0.  
       10.068665907817723  -5.7957794190611365  -1.5856390740970179  
      18.30223851794772  2.126757310507553  -6.871370742826198  
       -2.415655657144907  -6.200946229201806  0.  5.022029318087647  
       12.159936609131762  -5.829070209994888  -0.1713350274723639  
     67.6576389969647  6.739824288479867  0.  4.270792454665115  
      12.612370361660558  2.905631564684613  3.0059612376500366  0.  
       7.22757162221251  1.1990792793409348  14.738017656164784  
       -4.1249956999951545  -5.526772194474654  -3.400159514493374  0.  
       10.236185357765558  -2.4106687343549735  -0.03759503287479042  
      18.893424106741193  3.7313674807173394  -2.186965391864195  
       -3.9132333203310816  -4.963866993673277  0.  3.0844825234664803  
       14.357418742296153  -5.350080182659888  0.3377438280491131  
     45.46234959095613  -7.09835957015634  0.  -2.526920427714264  
      -9.446239464290485  13.079732924099451  -5.746900953790339  0.  
       4.087820124072377  -2.616765820828831  0.53150658532785  
       -10.641608498921189  1.6798839449696892  -7.658773247190165  0.  
       10.400914247286675  -5.883548509015617  -0.214682500859569  
      12.939694963590792  -3.478088174061435  -2.5008424204217445  
       -1.5887294243219183  -6.167427181097883  0.  6.480993049186147  
       11.07604962883498  -7.090298355640993  1.3800714213128868  
     76.74041514729034  4.326176910824674  0.  0.8780016362605026  
      12.783768826779621  4.581819587572873  -3.2097272274904327  0.  
       -2.322568465867379  -2.2305035813479064  15.872877347227824  
       -5.46980454196635  -3.65672978667978  -7.179288535582208  0.  
       10.548135047011836  -5.3311055407192285  -2.884015030534957  
      17.83076696604033  4.158487166356048  -4.170353623654893  
       -2.1355564042702952  -6.8961839239768  0.  2.066415613560121  
       14.876091205048837  -5.169412966283011  -1.3884532509244425  
     70.74769568672352  -4.424544728817823  0.  7.815227148514392  
      -3.027612405506675  14.253587024657385  -4.282665284695429  0.  
       0.30452640851166635  0.5504066001471388  7.984327867438925  
       -11.113035848614313  2.016844924669419  -6.259033388021415  0.  
       9.013459567734866  -4.9248153655673015  -1.4183444184361826  
      14.306370524349779  0.8594683537233568  -4.68321533326453  
       -0.22778758741234414  -5.542416604172158  0.  4.68125336776249  
       11.614458728677793  -5.305310112259175  -0.6574741138398728  
     58.525623846540284  2.967693491506309  0.  -3.443970319550836  
      9.269713872804237  3.147795874331684  2.857109961705996  0.  
       3.896443599740978  2.0594093724941844  8.245201473892964  
       -1.795095451431973  -5.355950707233818  -1.6714846461743749  0.  
       4.988743885952647  -3.7286610076168114  2.0214941247006433  
      11.881544478215112  0.3608732908744625  -0.27393729747314166  
       -3.6549199429831076  -3.076332024289999  0.  3.2968834481840683  
       9.058004388424058  -5.612736341525045  1.4731349268604315  
     52.49605578252269  2.800304626045192  0.  -4.4960142456489525  
      11.641552517703142  9.181015447420005  3.0012764780526155  0.  
       -1.335124098283047  0.4710286244241625  0.46438374302233804  
       0.5684615283973395  -1.6357319790513596  -0.949214971882739  0.  
       6.139315347674534  -7.038093709458351  1.223179141270954  
      10.05397514400266  -4.423428692094306  0.39940548252344915  
       -2.5126383120114677  -2.3501273261576814  0.  3.401275266661154  
       8.714068615378222  -7.197530011496732  1.1463796100676384  
     55.602423888394895  6.000171174516697  0.  1.1892914674871067  
      -2.1376691558252205  5.320613831378593  -3.3062000776725537  0.  
       -3.2753035611737418  3.397221303574563  8.476597599604524  
       -4.248989011902229  -2.0180500630488383  -6.534108562776088  0.  
       4.744899229411483  -7.9396929101894385  2.319966320308052  
      7.8481250507471305  1.391584492647866  -0.6838407766022959  
       -1.3112753055252366  -5.427114746549232  0.  4.278746188886472  
       8.052501996368804  -6.758406822695572  1.6717612063445877  
     60.12751183624444  -3.637668965660702  0.  -4.309420461977679  
      -11.487967893846138  6.155986965144243  -7.014214808753871  0.  
       3.4325907120465984  1.896055114080527  11.730056548659645  
       -8.699974641062495  -2.5449688905037475  -8.061171155545148  0.  
       1.1135726955827396  -3.369663384331151  2.4761537041776434  
      6.980299619959646  5.029331520375911  -1.3072629942299387  
       -1.6091004873914332  -5.906360111432142  0.  4.890115597922358  
       4.85904673275872  -4.340056966688025  2.156683314178973  
     56.324301952859464  0.8212965435915216  0.  -5.718010117997123  
      2.5907814137273637  12.151615851073654  0.9294594946993028  0.  
       -1.8195862381897991  2.546561145022882  0.6862616161063504  
       -0.826611160850553  -0.760473672066417  -1.7253628802889645  0.  
       1.2955126023379957  -7.5317035510388415  3.237629495527463  
      5.8423354089510005  -2.71627791907677  1.0051627197632282  
       -2.090478787887837  -2.1701925295235185  0.  4.351864452697888  
       4.251477844613339  -7.192968852821482  2.297170830630892  
     46.0817653390576  3.5148460247179556  0.  -15.65796256668619  
      3.7657499820466187  4.756080443959681  0.051155740366671684  0.  
       -0.3262876620706065  1.7943679246064947  1.2729251696335617  
       2.962026553002598  -4.556447584332258  -3.2131638453202824  0.  
       0.26794265141094203  -7.935872735086025  5.068423748762793  
      3.599279746993461  -2.8251175796376558  3.8317180736125436  
       -3.5225856471956374  -3.1273515938699514  0.  4.488411926985744  
       3.5946806434538336  -7.998473197517679  4.032331781423647  
     62.314184807439474  -1.0740494824081748  0.  -8.747225142040552  
      -1.3216083553835722  18.562890675287694  -0.8158621178204211  0.  
       -4.545881853987474  1.05845055952451  -2.1417817846251626  
       -1.816667461981238  1.929897965321633  -2.4947504092976924  0.  
       -0.06831272915322578  -9.313908792931914  2.775067386315057  
      4.187571271207197  -3.7286660242799488  0.8949426539418188  
       -1.2787865094655826  -2.306217143526493  0.  5.0359450485722155  
       2.501749383065105  -7.967988678036346  2.2196780904913456  
     49.23639646462304  7.5809739052447025  0.  -7.400284985703516  
      2.6084081212872303  15.096327583206772  -0.7679219556673522  0.  
       -11.713407849352137  1.1905183634605683  -4.638627279895843  
       1.9752172679772702  2.2099912454253494  -3.542876811892568  0.  
       2.525583730763325  -13.94100357792496  2.6342328547862515  
      2.6425141966047314  -6.267788623826546  1.9426222335166832  
       -0.6698474317067034  -3.0206871146600656  0.  4.594582924834482  
       4.275454905421061  -10.026467194405974  2.1386183365536535  
     48.890595719629786  12.675240327360555  0.  -20.81117254874233  
      3.3309828518938054  10.408303478226978  5.282117203168503  0.  
       -4.627618237067504  0.7920402151545645  -4.948782103995614  
       4.943668287310226  -2.9854742562632293  -0.22678086991586188  0.  
       -1.4563905300937254  -11.96540706235735  5.1917501898367835  
      1.1899238351843964  -6.658608994704888  5.0645104477955964  
       -3.5990710773875834  -1.4942749581770198  0.  5.325136872742472  
       1.6902051728426948  -10.600255168944287  4.075218037790506  
     45.0281057878225  8.6975459041355  0.  -8.39665442053094  
      3.205591812570046  16.21923601522537  -1.8663236911515508  0.  
       -16.155314063797356  0.964545444323156  -7.391990204162444  
       3.611418942881414  3.3535874684515674  -4.232377609428076  0.  
       2.7071155947977026  -16.933202866551  2.7734041971789103  
      1.0179171119972061  -8.128842611929977  2.5177941285894763  
       -0.21013488549948875  -3.1998237115058523  0.  4.763119260225765  
       3.90296087093872  -11.435058775154442  2.3138307537190004  
     65.92034915815384  9.183434718263243  0.  -12.45789984871788  
      -7.9343123857119515  20.67285799752753  2.051554243134459  0.  
       -8.603827574902935  2.476854772975675  -4.482928987284485  
       -1.4696107916862737  1.96607767496178  -1.7766660765020845  0.  
       -2.987882891567439  -13.943557121195829  4.589935049098406  
      0.6435970723834112  -5.124169005396942  2.2857106628768356  
       -1.5173336110410445  -1.9338074134302716  0.  6.71623394990838  
       0.07191237613330467  -10.943643524901361  3.2445135316983253  
     40.99942893007619  -0.6582361550861507  0.  -22.05198658182084  
      7.770099140606388  16.80548414312618  -1.807124878813258  0.  
       -11.897578695401394  -2.631743080940936  -11.298133261060595  
       6.458482235020261  1.8580765817638254  -2.633451789799616  0.  
       0.21805275485125739  -14.854566119237816  3.1338459991022067  
      0.2402089348145162  -10.284407497861054  4.297710671124789  
       -1.8655522872111878  -1.9197380348172073  0.  4.69102527306674  
       1.2547387180776954  -11.13844947443345  3.2503511766662805  
     51.61549640742496  15.652863551834928  0.  -18.55237576611354  
      -4.294736759911168  19.353843841725126  0.22478996117807606  0.  
       -16.786366193161005  -2.5536156840032462  -8.77807804211815  
       1.370829548401404  3.411964505937106  -3.994918146617881  0.  
       0.5127585748349907  -18.80277860679259  1.9542698233960463  
      -0.30717711632085326  -8.683054736564957  2.7179437403232716  
       -0.7052191870161946  -3.3260641097302135  0.  6.19106648137979  
       2.0420742095905933  -12.991977361793358  2.2279857753250565  
     36.74843034912835  5.91689049894575  0.  -29.113061413735593  
      -0.7030976067738832  17.75915290692064  0.028202603040045966  0.  
       -11.167147877000247  -10.240383623786798  -10.853482730389755  
       0.5359907222101234  3.064460380030855  -2.292416859783712  0.  
       0.5804269829333581  -13.169864419947885  -1.8941267405151463  
      1.2572104402587687  -9.1750615479011  1.6140033691358688  
       -1.3872956212163248  -2.0825897526176336  0.  4.570608126853383  
       0.8858353827880288  -9.68771581667795  0.5532099984774661  
     20.98254595552979  -2.103733578949905  0.  -23.8222246913553  
      -2.1704462691744904  1.3500548067150357  -3.6455814950621215  0.  
       -4.677811512065159  -0.2878598213307015  -2.8295929058107907  
       3.340149771077187  -4.547252067167873  -3.9727663712872188  0.  
       -3.4660849363844295  -10.483746567610565  5.429350013521232  
      -1.6999709406749324  -4.526286539871827  4.352741948861657  
       -3.682123882914619  -2.4050461149052973  0.  4.911222951826611  
       -1.4957006069393664  -8.84234660020403  4.618190436607219  
     43.76134880044138  -6.6382203733055976  0.  -19.619497019678253  
      1.9508555297306793  10.13824566097176  6.098068251442268  0.  
       -0.3348102328037501  9.556242383843445  -8.111826356753946  
       6.717683122520561  -5.669687274270782  4.69185831816287  0.  
       -10.559881354592706  -11.271023406437955  12.324544267572438  
      -3.0804060764200947  -7.84112788807675  6.911771775492918  
       -6.067187015242478  2.9969039865421814  0.  6.993535767322116  
       -6.516724385956468  -11.455076916445542  7.711262168621024  
     23.81403858793827  4.203427572987327  0.  -26.860448622896666  
      5.3279696748605225  6.833791979938763  4.689906302409571  0.  
       -9.024157406066951  1.2195165907060919  -11.606059128477417  
       8.234728406185937  -4.059417304990456  1.97660451797241  0.  
       -4.900445198671689  -15.561305123143912  7.1122745489544315  
      -2.750464726531529  -11.058258898737833  6.252015354875004  
       -4.887649472230173  0.985199934554715  0.  5.8213087856646055  
       -2.8990527413434615  -12.780850344463497  5.28810548964734  
     30.51933992311826  2.7540712266488523  0.  -27.28072903241557  
      8.848240433621605  13.489949298738146  9.685841834437358  0.  
       -9.716811369676545  2.0598953518003165  -17.09882803774552  
       9.3793688419627  -2.6880236530885644  6.527503621735191  0.  
       -6.668122916197783  -16.891218626360388  7.729228039043332  
      -2.652763853400386  -14.553016138708063  6.44841997117174  
       -5.458766638122437  3.7875645063481866  0.  6.384396396221385  
       -4.653806814699667  -14.1796756891013  5.323185155567859  
     38.4944386447352  0.13885818900307306  0.  -19.011895707123116  
      -5.234386801520488  18.56869282931333  -5.604693374702463  0.  
       -23.01972226783297  0.5034251733881828  -12.818029082936594  
       2.31431857200167  3.5354340231862458  -4.985038633564588  0.  
       -2.4624666943839792  -23.944951205790705  4.941265709686152  
      -3.25441250188265  -11.678345775442924  2.8999425134913217  
       -1.340206292222103  -2.451954718067528  0.  7.644465604957392  
       -1.702902291655712  -15.948707125095138  3.985123824239641  
     48.412550284607654  -6.557270362592195  0.  -28.660848280354887  
      -17.39582694699078  18.197962574306107  -1.6975830306170525  0.  
       -8.738783974850811  -1.6176021903018611  -7.878700669907873  
       -5.287649023800141  -0.026862633730389874  -1.3760121608676599  0.  
       -9.180313447782284  -15.565311767650293  5.002423727725062  
      -2.2116144641145428  -6.8391411248142  1.4673506529114813  
       -3.7430384471222817  -0.3569693962628616  0.  8.810375243983657  
       -6.784171050766064  -12.551575441026289  4.128796183284696  
     16.558564958448425  -4.340520257735673  0.  -9.760404605913077  
      -10.660328598850628  7.194157299083886  0.8469766814440838  0.  
       -13.91057874453833  5.833605761251998  -8.088721797106214  
       -2.232706523901372  -1.3933636392863353  1.6061797962134132  0.  
       -7.288322784587437  -17.364268295499205  6.763329258461463  
      -3.0436051214802466  -8.0225626799439  0.7015749872255641  
       -3.44356166019664  1.9452060068253005  0.  7.2409663571727965  
       -5.906944228464554  -12.523632940956013  3.8604775654021983  
     12.22024622081807  -3.787936650136317  0.  -16.549427216633514  
      -14.585470651645563  5.967081169608126  1.6188230363313088  0.  
       -12.724704784119098  2.0798752841907033  -8.091762091244068  
       -4.816566938643681  -2.1682050867785247  2.054616778813427  0.  
       -8.078487031795875  -16.764663553099144  5.063956535802657  
      -2.6690770069966945  -7.91158279513889  -0.2203233716257396  
       -4.090060096720598  2.158723158693915  0.  7.5986134672967  
       -6.878234962808888  -12.372112583314482  3.1271428656053395  
     -2.151384244847079  -5.321800500188855  0.  -17.785835555120318  
      -13.90101306472845  1.7025025951269366  0.2027049991029496  0.  
       -15.307203837425782  0.8219634974483371  -8.878557322442106  
       -4.635708772993818  -2.824116025307823  1.541571342958013  0.  
       -7.315521556632259  -18.141698797202608  4.361692434772339  
      -2.9375259463299717  -8.899832294056806  -0.7000209609255562  
       -4.295923227788273  2.1348488605805214  0.  7.397625698255039  
       -6.862137397372728  -12.86851972224187  2.794433498079155  
     -7.5271655998486  -9.402854244811323  0.  -2.6430447117211413  
      -12.788402593058436  1.4332068672730707  3.8804194662847036  0.  
       -17.696017777489615  9.294638883452915  -10.535334182753104  
       -4.662259118460865  -2.747900803658397  6.141678871954823  0.  
       -9.639624416827886  -20.04321858987805  7.708554550815905  
      -3.641494914547756  -10.254060502248887  -1.6200988641715692  
       -4.623540283477365  5.540160776319328  0.  7.927413635541372  
       -9.033109668133806  -13.988142710103798  3.4647906133662603  
     -17.916289024165096  -1.1873029158234827  0.  -18.86012933914376  
      -17.533003187384423  -1.069134120699387  3.7544211808639023  0.  
       -20.263763817771004  -0.8001244771090985  -11.821914709876221  
       -7.3324057822972755  -3.1978071345939516  4.3295892479354725  0.  
       -7.870176472856346  -21.926197623543402  2.901577890489928  
      -3.039501967012381  -11.53416156042671  -2.637425839896674  
       -5.007716367213471  3.9924025569283126  0.  8.244326119374774  
       -8.214090514201754  -15.011784151844175  1.58446790764545  
     -11.123655980762086  -6.0306932868687255  0.  -18.146092633749333  
      -18.029978372790996  6.323279766654044  2.9500926964059757  0.  
       -27.481710655916675  0.3095487667425977  -17.15781593264968  
       -7.789035671339682  -0.532732378530737  5.008584167887152  0.  
       -8.831892529167842  -27.90922161201264  3.6491080103386895  
      -3.5819384149296916  -15.44638068208528  -3.2906129176037795  
       -4.887910923196372  4.934155998975642  0.  9.900404609255444  
       -9.575976373910187  -18.600331282516937  1.8389700691427988  
     -1.885396340857194  -8.776076318564416  0.  -17.283951973613554  
      -18.652757463877396  15.391181837753914  2.8672129188043094  0.  
       -34.97998035956388  1.2807917962089772  -23.070216627050982  
       -8.138775253535108  2.957188447228782  5.887893792992093  0.  
       -9.621188534127846  -34.21131711232491  4.249240908567499  
      -4.182682711950135  -19.735714283960167  -3.796217903963017  
       -4.385297827554392  5.901218928852473  0.  11.63153386629242  
       -10.796771539424414  -22.43796551274043  2.010541159230039  
     -26.508972265808627  -9.409451870783275  0.  -14.372060367831152  
      -21.213094759207312  5.285260729269974  5.553725342907302  0.  
       -37.032700345379254  3.3022489878168972  -22.754588433451456  
       -10.1182559243421  -0.7233775068430728  8.858617574645864  0.  
       -11.234482794146437  -35.924296635873056  4.9166511245038835  
      -4.560322450402158  -20.360346802140683  -5.444551433050406  
       -6.226752593116957  8.13021433301621  0.  12.073728889052147  
       -12.710796061920298  -23.401772607987777  1.7728333409488999  
     -40.837220549058735  -9.611078633635389  0.  -20.294468280606264  
      -21.455226639203925  0.6524063798027138  3.3156577915913537  0.  
       -34.47861607009046  0.3931023384389673  -21.964111098712472  
       -9.225515313323438  -0.9421026051846201  7.100697725803877  0.  
       -10.642908596968987  -34.159674917297174  4.223241281565394  
      -5.340415888596  -20.10617266814235  -4.494636143718166  
       -5.6349640263725975  7.220075453898103  0.  11.527744457745069  
       -12.831064776183206  -22.598762892981863  1.9960935226499306  
     -48.09953018604174  -12.090869720833853  0.  -20.228976617628415  
      -20.06166685808057  -0.8044358497967747  1.4794379248292144  0.  
       -32.49603686343553  0.8461607323549734  -21.803690566261267  
       -7.592560647456477  -0.17645693715639818  6.202232464356683  0.  
       -10.532667659957461  -32.7802086269289  4.952346702272087  
      -6.224918462424971  -20.09766087472102  -3.411743921304609  
       -4.7435568397547545  6.962614289888585  0.  11.08488174622396  
       -13.156965596230231  -21.99026659774553  2.672300793534272  
     -56.43805184906575  -7.744198713835269  0.  -30.173279844373436  
      -23.123068991529916  0.36907940767078323  0.9982161705596038  0.  
       -34.3077114651197  -4.153073693709079  -24.798322254648873  
       -7.924496178488662  1.8545366604452977  5.150055250517065  0.  
       -10.174302390053725  -35.14107566921714  3.32817567679014  
      -7.227877369846976  -22.68532186666306  -2.8368607506340693  
       -3.7872669480147705  6.394692108244161  0.  11.848255076201225  
       -13.809573156195247  -23.897897595327944  2.4597025951255653  
     -58.87324864849185  -10.01638639917112  0.  -33.17088309938949  
      -21.213131156074162  -1.1378175188734714  -2.119565104359886  0.  
       -30.977649308245745  -5.9893424902543995  -23.12616839115192  
       -6.446981364618896  2.0243944828442646  2.794309912850257  0.  
       -9.088792381148838  -32.16851189838627  2.8361282190212624  
      -7.3288196848952625  -21.30239632648559  -1.815223989243613  
       -3.080485797832268  4.963646012277831  0.  10.86645765629725  
       -12.963393492653447  -22.090879042252176  2.695372088596636  
     -47.476424351250365  -4.676683549062751  0.  -14.428014856182836  
      -14.664073135342313  -4.870477305926428  2.3478412265053126  0.  
       -20.20655082744684  0.17217296464908383  -14.574216377321209  
       -4.8517827431604585  -0.19822176411684583  4.934367775225931  0.  
       -7.265532967372017  -21.234040583428964  3.328826108692148  
      -5.084845357572428  -13.880985454556976  -1.8321221546831672  
       -2.6661851540954715  5.252716139773893  0.  7.242070439367768  
       -9.593159194337176  -14.643926306866314  1.885078336155117  
     -47.20251293602537  -3.586098463242082  0.  -5.327795995584835  
      -9.56994858217107  -11.377685550718482  2.8021574364713318  0.  
       -10.509155024672838  2.68601431827477  -7.086037067885601  
       -3.0855298919570435  -2.773371056002036  4.621944240612209  0.  
       -5.540893609123193  -11.809101637762142  3.330682849787984  
      -3.719723614051945  -7.727087099605349  -1.2993136813746975  
       -2.4192283819422813  4.471045853965352  0.  4.170871260638007  
       -7.038280513732214  -8.39829628798114  1.55648545577292  
     -14.954869719889693  19.336586981368004  0.  4.181062726691102  
      -10.527509528863515  1.1375432801633594  14.286281466403052  0.  
       -10.049727321865308  2.5461159335459107  -7.529748582441728  
       -5.316558973234207  1.055389741696259  9.357047461461027  0.  
       -3.5173417924921466  -10.287970479768614  0.19216734307203356  
      -1.2557874871937096  -6.777949563246841  -2.697304941130146  
       -0.8581330694186099  5.623103728369621  0.  3.451252122798246  
       -4.011110748466114  -7.012361368789999  -1.2431942179039468