     1 0.0195597525
     2 0.0213344407
     3 0.0226413484
     4 0.0233124429
     5 0.0235202773
     6 0.0234760241
     7 0.0234366858
     8 0.0234071094
     9 0.0231061488
    10 0.0225701229
    11 0.0219649481
    12 0.0218692615
    13 0.0223935520
    14 0.0232247588
    15 0.0238113218
    16 0.0235830611
    17 0.0228492386
    18 0.0218131798
    19 0.0211080085
    20 0.0211844715
    21 0.0218579946
    22 0.0224576679
    23 0.0227694680
    24 0.0228415295
    25 0.0230145433
    26 0.0235869200
    27 0.0247904478
    28 0.0257217560
    29 0.0264186971
    30 0.0267370527
    31 0.0265980934
    32 0.0266041576
    33 0.0265793219
    34 0.0252149001
    35 0.0231525906
    36 0.0214833347
    37 0.0209158151
    38 0.0217910475
    39 0.0237694692
    40 0.0261436962
    41 0.0282045191
    42 0.0293499211
    43 0.0293991834
    44 0.0281661900
    45 0.0260267617
    46 0.0237454043
    47 0.0214164851
    48 0.0193954290
    49 0.0184693507
    50 0.0185367163
    51 0.0187652988
    52 0.0188715492
    53 0.0189905469
    54 0.0191376393
    55 0.0193534847
    56 0.0196660207
    57 0.0201938521
    58 0.0203372499
    59 0.0200848776
    60 0.0198470302
    61 0.0195764999
    62 0.0193936871
    63 0.0194377242
    64 0.0195839398
    65 0.0194809808
    66 0.0189620674
    67 0.0178914959
    68 0.0167017869
    69 0.0156965917
    70 0.0147081062
    71 0.0140195917
    72 0.0144994110
    73 0.0157921450
    74 0.0171109021
    75 0.0182381206
    76 0.0196395628
    77 0.0213639391
    78 0.0231895094
    79 0.0246954543
    80 0.0262198458
    81 0.0280833046
    82 0.0302563520
    83 0.0318643800
    84 0.0324225683
    85 0.0322081981
    86 0.0313423189
    87 0.0297146428
    88 0.0270858065
    89 0.0234631777
    90 0.0208462696
    91 0.0207562422
    92 0.0222078432
    93 0.0244555131
    94 0.0270748704
    95 0.0302195794
    96 0.0331347302
    97 0.0347120612
    98 0.0354909452
    99 0.0358900961
   100 0.0357753445
   101 0.0353024140
   102 0.0344853568
   103 0.0327567458
   104 0.0304797442
   105 0.0287122836
   106 0.0277977928
   107 0.0269926980
   108 0.0257094888
   109 0.0240501569
   110 0.0223969618
   111 0.0208062502
   112 0.0194367264
   113 0.0183479729
   114 0.0174966724
   115 0.0171428845
   116 0.0171009426
   117 0.0170277748
   118 0.0169369276
   119 0.0168026712
   120 0.0166859449
   121 0.0168273720
   122 0.0172132138
   123 0.0174622704
   124 0.0174856564
   125 0.0172415317
   126 0.0169879796
   127 0.0170236569
   128 0.0171774587
   129 0.0172677322
   130 0.0172802075
   131 0.0172934801
   132 0.0173214146
   133 0.0173884449
   134 0.0174605741
   135 0.0176398835
   136 0.0182607241
   137 0.0194642331
   138 0.0206047547
   139 0.0208223057
   140 0.0198503751
   141 0.0191824946
   142 0.0190258472
   143 0.0187940693
   144 0.0186660060
   145 0.0186670790
   146 0.0199088375
   147 0.0228626666
   148 0.0257304440
   149 0.0271523864
   150 0.0267846851
   151 0.0247472309
   152 0.0224366267
   153 0.0214404984
   154 0.0217318895
   155 0.0222980675
   156 0.0226008651
   157 0.0226429392
   158 0.0229750375
   159 0.0242274958
   160 0.0263248393
   161 0.0284466265
   162 0.0300686732
   163 0.0308741018
   164 0.0307047757
   165 0.0301357466
   166 0.0294395870
   167 0.0298551888
   168 0.0315499033
   169 0.0335961573
   170 0.0353447949
   171 0.0363964370
   172 0.0365748500
   173 0.0357522022
   174 0.0342003920
   175 0.0327710941
   176 0.0317453915
   177 0.0311400454
   178 0.0317204855
   179 0.0328821582
   180 0.0345392412
   181 0.0365578850
   182 0.0367174914
   183 0.0353751957
   184 0.0347663774
   185 0.0361060917
   186 0.0372601352
   187 0.0374409622
   188 0.0374616318
   189 0.0356053382
   190 0.0326070662
   191 0.0302695528
   192 0.0295677693
   193 0.0292607498
   194 0.0292087381
   195 0.0297258354
   196 0.0309198667
   197 0.0323793459
   198 0.0341236167
   199 0.0366126398
   200 0.0411605857
   201 0.0499445133
   202 0.0660289605
   203 0.0866239230
   204 0.1016445429
   205 0.1074244261
   206 0.1072315372
   207 0.1058676059
   208 0.1011439725
   209 0.0807912428
   210 0.0721462579
   211 0.0774787239
   212 0.0937180646
   213 0.1427721441
   214 0.0907213516
   215 0.0650470808
   216 0.0600810966
   217 0.0573662859
   218 0.0602116800
   219 0.0627997317
   220 0.0661005262
   221 0.0639432765
   222 0.0431190945
   223 0.0644094726
   224 0.0763642781
   225 0.0853364630
   226 0.0962682535
   227 0.0995968477
   228 0.1000247764
   229 0.0845058873
   230 0.0634879699
   231 0.0555216694
   232 0.0500446050
   233 0.0504517905
   234 0.0499035164
   235 0.0480773003
   236 0.0461643232
   237 0.0469885376
   238 0.0529097789
   239 0.0568975517
   240 0.0583445175
   241 0.0555755399
   242 0.0540656570
   243 0.0570459037
   244 0.0562184490
   245 0.0537126381
   246 0.0538642994
   247 0.0553474417
   248 0.0553673663
   249 0.0542675245
   250 0.0557185188
   251 0.0593796628
   252 0.0589116553
   253 0.0542131282
   254 0.0507674866
   255 0.0475949800
   256 0.0434436074
   257 0.0399762756
   258 0.0387181598
   259 0.0394352274
   260 0.0400948998
   261 0.0398673260
   262 0.0393987609
   263 0.0389002676
   264 0.0376039163
   265 0.0360635539
   266 0.0346355867
   267 0.0332518225
   268 0.0317166924
   269 0.0300870757
   270 0.0289638331
   271 0.0281391479
   272 0.0272006951
   273 0.0262457599
   274 0.0249309031
   275 0.0239251086
   276 0.0236417298
   277 0.0236471704
   278 0.0240654520
   279 0.0249444987
   280 0.0260578528
   281 0.0274645924
   282 0.0288687382
   283 0.0297454174
   284 0.0298127332
   285 0.0292499001
   286 0.0289448973
   287 0.0291396451
   288 0.0295209759
   289 0.0298636262
   290 0.0293657506
   291 0.0284861723
   292 0.0276756961
   293 0.0268767849
   294 0.0263161895
   295 0.0259224991
   296 0.0252913042
   297 0.0241680620
   298 0.0230252493
   299 0.0223797454
   300 0.0222903321
   301 0.0227182001
   302 0.0235073892
   303 0.0247728391
   304 0.0262907796
   305 0.0275669745
   306 0.0282562544
   307 0.0284677933
   308 0.0285519034
   309 0.0284910680
   310 0.0282169969
   311 0.0275795967
   312 0.0263029078
   313 0.0246777854
   314 0.0235561532
   315 0.0232754507
   316 0.0235177058
   317 0.0239968965
   318 0.0244043386
   319 0.0245394351
   320 0.0245661573
   321 0.0245540321
   322 0.0245878563
   323 0.0246033235
   324 0.0244363352
   325 0.0240552403
   326 0.0233360746
   327 0.0225281858
   328 0.0217748024
   329 0.0211917729
   330 0.0210980069
   331 0.0214829738
   332 0.0219424345
   333 0.0223943712
   334 0.0226862943
   335 0.0228196620
   336 0.0228002397
   337 0.0225708905
   338 0.0219901552
   339 0.0210909682
   340 0.0201348735
   341 0.0194647469
   342 0.0191116921
   343 0.0188964904
   344 0.0187161222
   345 0.0186208280
   346 0.0188877321
   347 0.0194916925
   348 0.0201708925
   349 0.0207227062
   350 0.0210928216
   351 0.0214045454
   352 0.0218228263
   353 0.0223154002
   354 0.0227562059
   355 0.0232349143
   356 0.0237748849
   357 0.0240394326
   358 0.0237582119
   359 0.0229990385
   360 0.0218077132
   361 0.0203029893
   362 0.0190568578
   363 0.0178464178
   364 0.0164964970
   365 0.0157632791
   366 0.0159613740
   367 0.0170065801
   368 0.0191374201
   369 0.0216272993
   370 0.0233793424
   371 0.0244451773
   372 0.0254410417
   373 0.0270363689
   374 0.0291599218
   375 0.0306972173
   376 0.0312808337
   377 0.0314184156
   378 0.0314873809
   379 0.0313211072
   380 0.0309328992
   381 0.0303742024
   382 0.0295142252
   383 0.0285679900
   384 0.0276707610
   385 0.0266451771
   386 0.0258297599
   387 0.0252554854
   388 0.0246916708
   389 0.0240282718
   390 0.0232291004
   391 0.0221444242
   392 0.0205229046
   393 0.0183738891
   394 0.0161595401
   395 0.0146308930
   396 0.0139302813
   397 0.0135730920
   398 0.0132521030
   399 0.0129169319
   400 0.0128270515
