     1 0.0109968503
     2 0.0112359505
     3 0.0114539513
     4 0.0115892243
     5 0.0117955628
     6 0.0122391215
     7 0.0129487340
     8 0.0139239606
     9 0.0150833113
    10 0.0167839772
    11 0.0192713616
    12 0.0226250323
    13 0.0264534783
    14 0.0303670817
    15 0.0335987437
    16 0.0346881240
    17 0.0328813478
    18 0.0289578801
    19 0.0247667183
    20 0.0215612114
    21 0.0198497769
    22 0.0185642933
    23 0.0175653104
    24 0.0178558903
    25 0.0211650836
    26 0.0289734885
    27 0.0391401206
    28 0.0460402782
    29 0.0500125018
    30 0.0541308906
    31 0.0595499128
    32 0.0645787395
    33 0.0672276074
    34 0.0594567097
    35 0.0321951751
    36 0.0155174165
    37 0.0115616959
    38 0.0118840101
    39 0.0125841489
    40 0.0130640024
    41 0.0134971914
    42 0.0140731131
    43 0.0149485530
    44 0.0160377393
    45 0.0167831186
    46 0.0166707610
    47 0.0159565956
    48 0.0151634682
    49 0.0144850640
    50 0.0138765848
    51 0.0133608026
    52 0.0129682711
    53 0.0126562966
    54 0.0123993488
    55 0.0122190173
    56 0.0120976988
    57 0.0121834810
    58 0.0123354236
    59 0.0124871838
    60 0.0126615525
    61 0.0127227815
    62 0.0125950300
    63 0.0122692948
    64 0.0117998388
    65 0.0112853501
    66 0.0108746363
    67 0.0106053128
    68 0.0104253344
    69 0.0102791262
    70 0.0101458277
    71 0.0099912697
    72 0.0099264723
    73 0.0100473090
    74 0.0102421459
    75 0.0104408220
    76 0.0105949508
    77 0.0107527290
    78 0.0110559025
    79 0.0115027739
    80 0.0119120696
    81 0.0122472971
    82 0.0125739147
    83 0.0127396061
    84 0.0127234994
    85 0.0126420145
    86 0.0124625716
    87 0.0122539451
    88 0.0122290779
    89 0.0125697324
    90 0.0133395337
    91 0.0145343209
    92 0.0160563997
    93 0.0177285396
    94 0.0189403064
    95 0.0193706140
    96 0.0188338488
    97 0.0174392875
    98 0.0157152582
    99 0.0140397237
   100 0.0125155544
   101 0.0112957800
   102 0.0105527915
   103 0.0102190838
   104 0.0100310996
   105 0.0099500753
   106 0.0100198081
   107 0.0102381295
   108 0.0105342070
   109 0.0108202538
   110 0.0110222878
   111 0.0112115253
   112 0.0114522476
   113 0.0117170812
   114 0.0120083439
   115 0.0123535781
   116 0.0128449630
   117 0.0134799106
   118 0.0141497654
   119 0.0147753576
   120 0.0153271740
   121 0.0158358581
   122 0.0163400108
   123 0.0166986726
   124 0.0168737873
   125 0.0168303262
   126 0.0166408880
   127 0.0163468948
   128 0.0159979552
   129 0.0156585297
   130 0.0154811966
   131 0.0154103790
   132 0.0153821627
   133 0.0152291199
   134 0.0148966857
   135 0.0144959591
   136 0.0140986339
   137 0.0136223421
   138 0.0130311925
   139 0.0125815958
   140 0.0124436347
   141 0.0128986330
   142 0.0136231775
   143 0.0140080920
   144 0.0142108027
   145 0.0138288165
   146 0.0132708242
   147 0.0127382475
   148 0.0117330579
   149 0.0108646551
   150 0.0104443736
   151 0.0101929480
   152 0.0101036850
   153 0.0101517849
   154 0.0104464387
   155 0.0111150773
   156 0.0120497275
   157 0.0130283416
   158 0.0138961017
   159 0.0147119659
   160 0.0156453690
   161 0.0165038068
   162 0.0168292297
   163 0.0161440037
   164 0.0153144432
   165 0.0148311704
   166 0.0145191177
   167 0.0145374305
   168 0.0149045751
   169 0.0151755294
   170 0.0155667651
   171 0.0161409452
   172 0.0167265001
   173 0.0177873363
   174 0.0190401761
   175 0.0208068472
   176 0.0222102388
   177 0.0233807166
   178 0.0248025767
   179 0.0273189657
   180 0.0343320450
   181 0.0501147479
   182 0.0717109468
   183 0.0811965067
   184 0.0682451039
   185 0.0530943401
   186 0.0420071155
   187 0.0369869497
   188 0.0368191284
   189 0.0383394169
   190 0.0411667498
   191 0.0440396036
   192 0.0444329548
   193 0.0435097260
   194 0.0427796752
   195 0.0418571774
   196 0.0404594481
   197 0.0389687983
   198 0.0391297209
   199 0.0431970031
   200 0.0503812913
   201 0.0574151909
   202 0.0606476104
   203 0.0609662913
   204 0.0620717239
   205 0.0634967296
   206 0.0592778984
   207 0.0530860606
   208 0.0471852712
   209 0.0424194897
   210 0.0379786051
   211 0.0347418401
   212 0.0333371861
   213 0.0360027500
   214 0.0402528921
   215 0.0440386248
   216 0.0482370220
   217 0.0498347825
   218 0.0501239514
   219 0.0510313412
   220 0.0496929215
   221 0.0572557497
   222 0.0670087566
   223 0.0759456986
   224 0.0790147984
   225 0.0778072198
   226 0.0679034911
   227 0.0599399437
   228 0.0577703471
   229 0.0635889738
   230 0.0604225130
   231 0.0497827738
   232 0.0380955390
   233 0.0313483445
   234 0.0281767165
   235 0.0263044771
   236 0.0248412199
   237 0.0240263644
   238 0.0238167720
   239 0.0237009938
   240 0.0235293217
   241 0.0233628789
   242 0.0232589307
   243 0.0230042344
   244 0.0225359097
   245 0.0222115761
   246 0.0220840941
   247 0.0219114779
   248 0.0211572237
   249 0.0202432186
   250 0.0194919635
   251 0.0188246260
   252 0.0176926620
   253 0.0164395250
   254 0.0156104828
   255 0.0152758854
   256 0.0153620766
   257 0.0154920977
   258 0.0158110552
   259 0.0162641357
   260 0.0165326058
   261 0.0164878787
   262 0.0163709672
   263 0.0163235094
   264 0.0162125509
   265 0.0160576799
   266 0.0157649304
   267 0.0152765019
   268 0.0147588837
   269 0.0142519624
   270 0.0137728419
   271 0.0133179688
   272 0.0128741333
   273 0.0124997277
   274 0.0121834947
   275 0.0119970415
   276 0.0119178991
   277 0.0119055564
   278 0.0119880226
   279 0.0120836356
   280 0.0121682607
   281 0.0123361707
   282 0.0125649803
   283 0.0127914804
   284 0.0129701849
   285 0.0130324701
   286 0.0130276810
   287 0.0130816065
   288 0.0131998932
   289 0.0133507302
   290 0.0136009763
   291 0.0137468943
   292 0.0136158080
   293 0.0133299972
   294 0.0129383796
   295 0.0125511911
   296 0.0122734941
   297 0.0120481520
   298 0.0118316744
   299 0.0116326222
   300 0.0114864927
   301 0.0115348614
   302 0.0116712617
   303 0.0118280732
   304 0.0119406609
   305 0.0120045061
   306 0.0120252095
   307 0.0120474549
   308 0.0120542240
   309 0.0119283995
   310 0.0116523151
   311 0.0113887532
   312 0.0112570326
   313 0.0112507033
   314 0.0112867020
   315 0.0112987957
   316 0.0113419300
   317 0.0114753994
   318 0.0117513167
   319 0.0120680389
   320 0.0123572253
   321 0.0125569559
   322 0.0125741983
   323 0.0124645533
   324 0.0123331509
   325 0.0122734385
   326 0.0123948037
   327 0.0125630625
   328 0.0126957833
   329 0.0127278010
   330 0.0126114910
   331 0.0124253812
   332 0.0123194148
   333 0.0123123930
   334 0.0123801951
   335 0.0125221910
   336 0.0127161447
   337 0.0129393444
   338 0.0131401092
   339 0.0132042878
   340 0.0131532796
   341 0.0131052543
   342 0.0130563258
   343 0.0129286701
   344 0.0127673769
   345 0.0125723306
   346 0.0123223546
   347 0.0120357154
   348 0.0117589677
   349 0.0115913097
   350 0.0115843843
   351 0.0116982249
   352 0.0118436955
   353 0.0119216467
   354 0.0118810852
   355 0.0118089595
   356 0.0117940141
   357 0.0118067757
   358 0.0118377333
   359 0.0119197586
   360 0.0119891724
   361 0.0119680260
   362 0.0119610770
   363 0.0119711712
   364 0.0119708138
   365 0.0119818371
   366 0.0120263633
   367 0.0121233027
   368 0.0122743887
   369 0.0124841928
   370 0.0126450501
   371 0.0126666429
   372 0.0126394380
   373 0.0127068211
   374 0.0128334268
   375 0.0128916241
   376 0.0128381039
   377 0.0127342323
   378 0.0126374423
   379 0.0125292158
   380 0.0124186594
   381 0.0123039392
   382 0.0121665464
   383 0.0120310314
   384 0.0119374233
   385 0.0118627563
   386 0.0118229306
   387 0.0117938828
   388 0.0117662534
   389 0.0117827345
   390 0.0118398330
   391 0.0119022307
   392 0.0119844440
   393 0.0120166998
   394 0.0119161202
   395 0.0117359574
   396 0.0115702436
   397 0.0114776926
   398 0.0114245305
   399 0.0113785167
   400 0.0113602767
