     1 0.7250389507
     2 0.6868425623
     3 0.6692808358
     4 0.6657997199
     5 0.6325855941
     6 0.5779834893
     7 0.5444008744
     8 0.5466244797
     9 0.5850346469
    10 0.6333881041
    11 0.6167810029
    12 0.5514418112
    13 0.5574588101
    14 0.6717201321
    15 0.7806874109
    16 0.7939092953
    17 0.8160908415
    18 0.9026164567
    19 0.9573444784
    20 0.9212330652
    21 0.8870739581
    22 0.8951909561
    23 0.8809793066
    24 0.8203246958
    25 0.7752123376
    26 0.7811258149
    27 0.8256266553
    28 0.8777537874
    29 0.8708181974
    30 0.7983724997
    31 0.7596984421
    32 0.7830163941
    33 0.7718535713
    34 0.6910254211
    35 0.6507361216
    36 0.7041775445
    37 0.8178572613
    38 0.9385529147
    39 1.0018024977
    40 0.9475202646
    41 0.8433637946
    42 0.7765222237
    43 0.7400949988
    44 0.7148230860
    45 0.6915801380
    46 0.6630730677
    47 0.6351622127
    48 0.6179075279
    49 0.6036140670
    50 0.5843319418
    51 0.5758781872
    52 0.5848781802
    53 0.5986690696
    54 0.6021203696
    55 0.5997555312
    56 0.6121903094
    57 0.6437750705
    58 0.6702038559
    59 0.6902319197
    60 0.7401485339
    61 0.7892788250
    62 0.7514510315
    63 0.6490893995
    64 0.5617620430
    65 0.5200213959
    66 0.5125533679
    67 0.5261269579
    68 0.5420576188
    69 0.5512163484
    70 0.5862238706
    71 0.6424070413
    72 0.6273371972
    73 0.5606592838
    74 0.5625554382
    75 0.6468781553
    76 0.6512949364
    77 0.5438937147
    78 0.5020041597
    79 0.5494865865
    80 0.6212258245
    81 0.6493023601
    82 0.6475047431
    83 0.6379076502
    84 0.6342094903
    85 0.6417595205
    86 0.6516214331
    87 0.6567100583
    88 0.6605297243
    89 0.6666643885
    90 0.6742119694
    91 0.6814890308
    92 0.6870862503
    93 0.6915859021
    94 0.7006590442
    95 0.7167450468
    96 0.7301977553
    97 0.7405020455
    98 0.7796956335
    99 0.8655221935
   100 0.9272783678
   101 0.8937872081
   102 0.8002583676
   103 0.7050430051
   104 0.6602225738
   105 0.6998178687
   106 0.7901117860
   107 0.8618897968
   108 0.8925060776
   109 0.8836900335
   110 0.8282237760
   111 0.7399486608
   112 0.6891946551
   113 0.7131171151
   114 0.7626095721
   115 0.7627355130
   116 0.7187682876
   117 0.6768371548
   118 0.6602631010
   119 0.6668456287
   120 0.6857284171
   121 0.7113028650
   122 0.7456370323
   123 0.7848429640
   124 0.8171702151
   125 0.8321021612
   126 0.8391333392
   127 0.8512740874
   128 0.8598237487
   129 0.8417345356
   130 0.8348248247
   131 0.9218810043
   132 1.1622881417
   133 1.4094580019
   134 1.5590735040
   135 1.7738268316
   136 2.0162548460
   137 1.8421272730
   138 1.4779184537
   139 1.3332370998
   140 1.4211930109
   141 1.8124608446
   142 2.9122558761
   143 4.9421262550
   144 6.0431264452
   145 5.7114719027
   146 5.2262922243
   147 5.4470869870
   148 6.6722229897
   149 6.8060530008
   150 5.1217091650
   151 4.6631357352
   152 6.3531719634
   153 9.8501215239
   154 11.7302865397
   155 10.7163367702
   156 9.1101458280
   157 8.1723039027
   158 7.7297621508
   159 6.1833756322
   160 3.7487159096
   161 2.5930928841
   162 2.4414465451
   163 2.8932198042
   164 4.1873800954
   165 6.5708297710
   166 5.6152158793
   167 4.5136413521
   168 5.9304193414
   169 3.7484422433
   170 6.6721159066
   171 11.8497199653
   172 3.0686229521
   173 1.5132613379
   174 2.1226735189
   175 -4.0650814875
   176 -4.4121662708
   177 5.7746191777
   178 1.4310339459
   179 0.8659802610
   180 1.3222798417
   181 1.7522586587
   182 1.4749191516
   183 1.1190026152
   184 0.9262486975
   185 0.8510803409
   186 0.8521143338
   187 0.8478605337
   188 0.7756735341
   189 0.7664084481
   190 0.9352375509
   191 1.9535529661
   192 5.2785424837
   193 6.0935724529
   194 13.6207955014
   195 -7.2292909858
   196 -3.9470661748
   197 -3.6847700397
   198 -2.1624684891
   199 -1.4655874931
   200 -1.4212386962
   201 -1.6871729206
   202 -1.7358165487
   203 -1.3802313825
   204 -1.0420874996
   205 -0.8142717230
   206 -0.7032879974
   207 -0.6723252111
   208 -0.6797362657
   209 -0.7090717159
   210 -0.6970944102
   211 -0.6329261408
   212 -0.6102548508
   213 -0.6377892063
   214 -0.7400504851
   215 -0.9010944579
   216 -1.0351963642
   217 -1.2238472975
   218 -1.7148248614
   219 -2.3119153929
   220 -2.3363228630
   221 -1.7606074194
   222 -1.1436951654
   223 -0.9367635350
   224 -0.9864286701
   225 -0.9959426812
   226 -1.0573119942
   227 -1.3320981786
   228 -1.1970012000
   229 -0.8565521777
   230 -0.8407232659
   231 -0.8957717492
   232 -0.9642024686
   233 -0.9184025122
   234 -0.8455798796
   235 -0.8362039768
   236 -0.8960108768
   237 -1.0084564768
   238 -1.0781734801
   239 -0.9961015829
   240 -0.8751915114
   241 -0.8634949787
   242 -0.8941553258
   243 -0.8629908939
   244 -0.7858770158
   245 -0.7305647092
   246 -0.7036458436
   247 -0.6774380625
   248 -0.6578406769
   249 -0.6699420188
   250 -0.6878917131
   251 -0.6655885317
   252 -0.6375593092
   253 -0.6861520169
   254 -0.7983806865
   255 -0.8072970086
   256 -0.7362052942
   257 -0.7249945384
   258 -0.8032654948
   259 -0.9058067604
   260 -0.9600550138
   261 -0.9344599202
   262 -0.8549927778
   263 -0.8005358460
   264 -0.7911638667
   265 -0.7780909794
   266 -0.7572390385
   267 -0.7777717372
   268 -0.8447240979
   269 -0.9030298813
   270 -0.9225391936
   271 -0.8974889758
   272 -0.8463395406
   273 -0.8181115112
   274 -0.8259757470
   275 -0.8492864597
   276 -0.8660359307
   277 -0.8554031699
   278 -0.8219806010
   279 -0.8073424536
   280 -0.8271694058
   281 -0.8525266432
   282 -0.8645612703
   283 -0.8677152789
   284 -0.8676094356
   285 -0.8665596485
   286 -0.8658335690
   287 -0.8696293186
   288 -0.8795324936
   289 -0.8891702675
   290 -0.8934830115
   291 -0.8963270053
   292 -0.9019378945
   293 -0.9110461576
   294 -0.9209081221
   295 -0.9142804703
   296 -0.8775674342
   297 -0.8315715735
   298 -0.7999284688
   299 -0.7823018860
   300 -0.8227616743
