     1 0.0185366073
     2 0.0176525272
     3 0.0173971862
     4 0.0175041866
     5 0.0177885691
     6 0.0182212168
     7 0.0187341813
     8 0.0190826641
     9 0.0191315842
    10 0.0190399466
    11 0.0187850719
    12 0.0183861550
    13 0.0179838008
    14 0.0176504330
    15 0.0173170492
    16 0.0171472405
    17 0.0172986292
    18 0.0180222781
    19 0.0193190447
    20 0.0207065822
    21 0.0219223592
    22 0.0224859404
    23 0.0224455097
    24 0.0224898519
    25 0.0229550953
    26 0.0233193628
    27 0.0234752611
    28 0.0231002708
    29 0.0220888263
    30 0.0207103863
    31 0.0195277700
    32 0.0188679560
    33 0.0185526677
    34 0.0180042046
    35 0.0173592200
    36 0.0166504160
    37 0.0159367909
    38 0.0154382010
    39 0.0151921543
    40 0.0151803856
    41 0.0153384767
    42 0.0156389108
    43 0.0161329024
    44 0.0167315003
    45 0.0170981767
    46 0.0169900710
    47 0.0165580257
    48 0.0159884534
    49 0.0153790103
    50 0.0148045080
    51 0.0143094125
    52 0.0139329820
    53 0.0136735505
    54 0.0135345471
    55 0.0134908440
    56 0.0135274918
    57 0.0135726534
    58 0.0134788278
    59 0.0132334677
    60 0.0128963288
    61 0.0125535322
    62 0.0123087725
    63 0.0122237251
    64 0.0123295846
    65 0.0125598437
    66 0.0128011147
    67 0.0130189999
    68 0.0134026612
    69 0.0141688975
    70 0.0152207514
    71 0.0161649479
    72 0.0169176208
    73 0.0174781867
    74 0.0178136643
    75 0.0180108556
    76 0.0180646160
    77 0.0180280737
    78 0.0181521000
    79 0.0182726829
    80 0.0184963233
    81 0.0188495565
    82 0.0190097866
    83 0.0190922836
    84 0.0191015152
    85 0.0190739941
    86 0.0192758732
    87 0.0193448444
    88 0.0192201154
    89 0.0187569694
    90 0.0180527717
    91 0.0171993862
    92 0.0157546490
    93 0.0128390331
    94 0.0120929477
    95 0.0131241689
    96 0.0146185545
    97 0.0154696392
    98 0.0151312112
    99 0.0142322181
   100 0.0133746883
   101 0.0131535434
   102 0.0134372079
   103 0.0138629337
   104 0.0141875091
   105 0.0144044138
   106 0.0145195829
   107 0.0144584217
   108 0.0140113761
   109 0.0135341436
   110 0.0134136708
   111 0.0136538067
   112 0.0139029582
   113 0.0141634786
   114 0.0144526625
   115 0.0146506027
   116 0.0149552366
   117 0.0155818797
   118 0.0161624062
   119 0.0162806779
   120 0.0160035279
   121 0.0154903594
   122 0.0150693546
   123 0.0146822314
   124 0.0142358753
   125 0.0136688690
   126 0.0129379346
   127 0.0121702497
   128 0.0116516304
   129 0.0114720696
   130 0.0114351396
   131 0.0114664419
   132 0.0116202944
   133 0.0119672069
   134 0.0125864870
   135 0.0134742454
   136 0.0144972585
   137 0.0153270113
   138 0.0154557046
   139 0.0148151940
   140 0.0140708010
   141 0.0139540559
   142 0.0142429885
   143 0.0144579036
   144 0.0144416143
   145 0.0143183060
   146 0.0140431930
   147 0.0136333610
   148 0.0132066362
   149 0.0129108986
   150 0.0128201658
   151 0.0129095251
   152 0.0130525419
   153 0.0131604486
   154 0.0132210146
   155 0.0133357515
   156 0.0135603472
   157 0.0138302739
   158 0.0141520497
   159 0.0144914482
   160 0.0148035304
   161 0.0151413140
   162 0.0155311330
   163 0.0158550468
   164 0.0161042160
   165 0.0162145240
   166 0.0159345498
   167 0.0154753239
   168 0.0150330135
   169 0.0147356617
   170 0.0146672332
   171 0.0147583207
   172 0.0149110580
   173 0.0149558737
   174 0.0147328707
   175 0.0143236628
   176 0.0140895894
   177 0.0142228077
   178 0.0147006568
   179 0.0152892962
   180 0.0163469144
   181 0.0188670673
   182 0.0240753165
   183 0.0319959706
   184 0.0383614291
   185 0.0368067166
   186 0.0310759696
   187 0.0263736661
   188 0.0240232024
   189 0.0232655281
   190 0.0232959174
   191 0.0235386573
   192 0.0234705616
   193 0.0229995070
   194 0.0228225243
   195 0.0226391915
   196 0.0225984271
   197 0.0226840402
   198 0.0228318779
   199 0.0231526516
   200 0.0235633090
   201 0.0245016726
   202 0.0273246673
   203 0.0361206931
   204 0.0560214681
   205 0.0763587348
   206 0.0758577873
   207 0.0692585994
   208 0.0603453258
   209 0.0546545574
   210 0.0453276836
   211 0.0369143263
   212 0.0336595117
   213 0.0386789195
   214 0.0651091513
   215 0.0976826825
   216 0.0796181848
   217 0.0651568412
   218 0.0596052507
   219 0.0575182460
   220 0.0563741114
   221 0.0529216499
   222 0.0483893651
   223 0.0456961036
   224 0.0499802723
   225 0.0640269862
   226 0.0873197406
   227 0.1518206693
   228 0.1533750216
   229 0.1082154389
   230 0.0769471893
   231 0.0570946355
   232 0.0454260347
   233 0.0395593093
   234 0.0382629550
   235 0.0401196082
   236 0.0438735225
   237 0.0459275606
   238 0.0467154075
   239 0.0462628799
   240 0.0447942091
   241 0.0432150717
   242 0.0414412301
   243 0.0391888683
   244 0.0368365869
   245 0.0347980129
   246 0.0332391661
   247 0.0319087905
   248 0.0303285190
   249 0.0288186737
   250 0.0278008088
   251 0.0271609157
   252 0.0261625683
   253 0.0247408002
   254 0.0233191623
   255 0.0222857653
   256 0.0215616009
   257 0.0206471373
   258 0.0198056585
   259 0.0191875271
   260 0.0184531919
   261 0.0176007505
   262 0.0170878085
   263 0.0170323094
   264 0.0169994584
   265 0.0170252371
   266 0.0171698307
   267 0.0173560048
   268 0.0175703746
   269 0.0176951129
   270 0.0177623538
   271 0.0178459286
   272 0.0178329112
   273 0.0178206326
   274 0.0178142597
   275 0.0178428342
   276 0.0179530974
   277 0.0181905529
   278 0.0186097625
   279 0.0190297780
   280 0.0193846114
   281 0.0199873592
   282 0.0205521594
   283 0.0207681853
   284 0.0206605557
   285 0.0203421252
   286 0.0199923344
   287 0.0197140251
   288 0.0194663398
   289 0.0192243948
   290 0.0189800810
   291 0.0186348257
   292 0.0180989286
   293 0.0175148545
   294 0.0169180739
   295 0.0163551512
   296 0.0158291604
   297 0.0153150220
   298 0.0148582388
   299 0.0144925004
   300 0.0141599945
   301 0.0138702855
   302 0.0137152998
   303 0.0136783515
   304 0.0137259466
   305 0.0138861346
   306 0.0140582579
   307 0.0141733595
   308 0.0141657993
   309 0.0139804642
   310 0.0137715599
   311 0.0137585637
   312 0.0140957459
   313 0.0146395521
   314 0.0150069770
   315 0.0150868449
   316 0.0150009976
   317 0.0148378019
   318 0.0146636261
   319 0.0145564330
   320 0.0145349677
   321 0.0145955108
   322 0.0147425202
   323 0.0149073383
   324 0.0149005703
   325 0.0146529842
   326 0.0143662658
   327 0.0141706623
   328 0.0140765996
   329 0.0141662240
   330 0.0144667187
   331 0.0149705265
   332 0.0155421665
   333 0.0159698927
   334 0.0163882664
   335 0.0168457644
   336 0.0172288068
   337 0.0174649284
   338 0.0174983637
   339 0.0172945454
   340 0.0169990010
   341 0.0168407102
   342 0.0167598302
   343 0.0165612667
   344 0.0162796657
   345 0.0159448846
   346 0.0157084885
   347 0.0156290548
   348 0.0155934626
   349 0.0155730078
   350 0.0155168843
   351 0.0154625169
   352 0.0155296902
   353 0.0156897542
   354 0.0158354911
   355 0.0159540833
   356 0.0160036430
   357 0.0158940496
   358 0.0156999885
   359 0.0154973075
   360 0.0152999177
   361 0.0150690780
   362 0.0148877284
   363 0.0146373843
   364 0.0143742901
   365 0.0142339895
   366 0.0140683064
   367 0.0136353472
   368 0.0129884114
   369 0.0123621837
   370 0.0120017698
   371 0.0119045554
   372 0.0119705562
   373 0.0121621518
   374 0.0124364654
   375 0.0126655399
   376 0.0128156476
   377 0.0129648012
   378 0.0131937281
   379 0.0134535240
   380 0.0136713023
   381 0.0137491061
   382 0.0136862232
   383 0.0136010214
   384 0.0135663104
   385 0.0135812633
   386 0.0136263243
   387 0.0136444052
   388 0.0135986761
   389 0.0136027719
   390 0.0137435749
   391 0.0140483299
   392 0.0144927407
   393 0.0149062571
   394 0.0148750835
   395 0.0144859990
   396 0.0140126108
   397 0.0135879579
   398 0.0132255904
   399 0.0129140139
   400 0.0126685837
