     1     13 0.0046954846
     2     13 0.0062551640
     3     13 0.0076607847
     4     13 0.0096191351
     5     13 0.0110837915
     6     13 0.0118676887
     7     13 0.0124771620
     8     13 0.0128225992
     9     13 0.0129984990
    10     13 0.0131988567
    11     13 0.0134413761
    12     13 0.0136465045
    13     13 0.0137989722
    14     13 0.0139243169
    15     13 0.0140440194
    16     13 0.0141330681
    17     13 0.0141868890
    18     13 0.0142152141
    19     13 0.0142287731
    20     13 0.0142348360
    21     13 0.0142374119
    22     13 0.0142384638
    23     13 0.0142388800
    24     13 0.0142390405
    25     13 0.0142391011
    30     13 0.0142391361
    40     13 0.0142391363
    50     13 0.0142391363
    60     13 0.0142391363
    70     13 0.0142391363
    80     13 0.0142391363
    90     13 0.0142391363
   100     13 0.0142391363
