     1 0.0128511322
     2 0.0130104304
     3 0.0129843381
     4 0.0127833810
     5 0.0127364917
     6 0.0129276614
     7 0.0132047596
     8 0.0133732205
     9 0.0133053534
    10 0.0130760572
    11 0.0128783799
    12 0.0127868345
    13 0.0126345436
    14 0.0124116566
    15 0.0123730424
    16 0.0124550857
    17 0.0125643119
    18 0.0126687689
    19 0.0127744650
    20 0.0128215285
    21 0.0127652385
    22 0.0126536879
    23 0.0127178685
    24 0.0130988393
    25 0.0136045143
    26 0.0138656496
    27 0.0137907735
    28 0.0135691955
    29 0.0135712659
    30 0.0139200286
    31 0.0142052073
    32 0.0141664750
    33 0.0142772524
    34 0.0147698554
    35 0.0152653013
    36 0.0153186285
    37 0.0150884409
    38 0.0147897637
    39 0.0145221730
    40 0.0143647964
    41 0.0144176870
    42 0.0147291509
    43 0.0151649981
    44 0.0154735568
    45 0.0155472569
    46 0.0154251480
    47 0.0153105018
    48 0.0154112997
    49 0.0158432011
    50 0.0167748474
    51 0.0179612040
    52 0.0185069335
    53 0.0182431051
    54 0.0176719948
    55 0.0168353502
    56 0.0156945388
    57 0.0149387053
    58 0.0150511295
    59 0.0153850775
    60 0.0147832379
    61 0.0140025988
    62 0.0137543248
    63 0.0140226133
    64 0.0148453464
    65 0.0158990038
    66 0.0159166397
    67 0.0149344155
    68 0.0142694000
    69 0.0139628240
    70 0.0135326776
    71 0.0131675679
    72 0.0132193880
    73 0.0135283608
    74 0.0132323023
    75 0.0125782208
    76 0.0125582879
    77 0.0132045303
    78 0.0134616688
    79 0.0128062979
    80 0.0124568220
    81 0.0124974885
    82 0.0126313456
    83 0.0127303516
    84 0.0127382469
    85 0.0126443455
    86 0.0125331524
    87 0.0124633128
    88 0.0124018341
    89 0.0123219151
    90 0.0122428574
    91 0.0121799618
    92 0.0121216269
    93 0.0120617306
    94 0.0120097797
    95 0.0119617822
    96 0.0118895613
    97 0.0117791283
    98 0.0116969687
    99 0.0117081424
   100 0.0117602820
   101 0.0117812579
   102 0.0117630342
   103 0.0117109207
   104 0.0116101412
   105 0.0114042917
   106 0.0112032945
   107 0.0111024643
   108 0.0111276431
   109 0.0113174603
   110 0.0117155148
   111 0.0124979923
   112 0.0138449107
   113 0.0154075624
   114 0.0161996459
   115 0.0154234003
   116 0.0139551050
   117 0.0129147232
   118 0.0126346674
   119 0.0130304256
   120 0.0138944325
   121 0.0150480637
   122 0.0164276808
   123 0.0178382037
   124 0.0188945168
   125 0.0192754251
   126 0.0194581260
   127 0.0201395549
   128 0.0207494078
   129 0.0199374863
   130 0.0192567312
   131 0.0216676273
   132 0.0285501500
   133 0.0321971460
   134 0.0285068628
   135 0.0262168075
   136 0.0261697584
   137 0.0253976961
   138 0.0238657758
   139 0.0233507568
   140 0.0241465072
   141 0.0261050395
   142 0.0291950368
   143 0.0314083225
   144 0.0306599180
   145 0.0292632269
   146 0.0289148986
   147 0.0304257990
   148 0.0340428313
   149 0.0366763443
   150 0.0357614815
   151 0.0347780989
   152 0.0359703991
   153 0.0378268091
   154 0.0384940466
   155 0.0373683229
   156 0.0348521698
   157 0.0325541972
   158 0.0311300155
   159 0.0299053441
   160 0.0283016154
   161 0.0265402915
   162 0.0249976547
   163 0.0246339934
   164 0.0266526295
   165 0.0312439895
   166 0.0380756723
   167 0.0442618334
   168 0.0425678918
   169 0.0412221356
   170 0.0512425151
   171 0.0675620950
   172 0.0592020889
   173 0.0457986119
   174 0.0445959526
   175 0.0502326843
   176 0.0501440971
   177 0.0378964424
   178 0.0215618040
   179 0.0165576758
   180 0.0154447806
   181 0.0189288037
   182 0.0206528458
   183 0.0189083149
   184 0.0186656078
   185 0.0200856798
   186 0.0220180560
   187 0.0239353852
   188 0.0249814326
   189 0.0259664519
   190 0.0287765949
   191 0.0390438888
   192 0.0569580602
   193 0.0634148175
   194 0.0523894750
   195 0.0403102689
   196 0.0511737954
   197 0.1495822280
   198 0.0976140932
   199 0.0672391279
   200 0.0626157397
   201 0.0671282722
   202 0.0599673397
   203 0.0495029764
   204 0.0397708609
   205 0.0310707899
   206 0.0267378246
   207 0.0254986256
   208 0.0250510432
   209 0.0253479574
   210 0.0260344260
   211 0.0229947658
   212 0.0204441619
   213 0.0198768460
   214 0.0195329590
   215 0.0187203816
   216 0.0181842850
   217 0.0183800380
   218 0.0191522227
   219 0.0183882827
   220 0.0182136914
   221 0.0200022941
   222 0.0229770543
   223 0.0280261578
   224 0.0287935396
   225 0.0215959600
   226 0.0188609292
   227 0.0205297643
   228 0.0252857174
   229 0.0262785642
   230 0.0231638920
   231 0.0200292784
   232 0.0176783833
   233 0.0159939738
   234 0.0152761451
   235 0.0155361425
   236 0.0159745704
   237 0.0158676174
   238 0.0153105848
   239 0.0142998387
   240 0.0132028358
   241 0.0125536905
   242 0.0122831307
   243 0.0121437800
   244 0.0122217691
   245 0.0125722996
   246 0.0127870852
   247 0.0126294177
   248 0.0124414990
   249 0.0125235825
   250 0.0129043857
   251 0.0133716274
   252 0.0135103708
   253 0.0126262142
   254 0.0118937710
   255 0.0120644678
   256 0.0126727035
   257 0.0126639385
   258 0.0121339768
   259 0.0117607018
   260 0.0116487350
   261 0.0115236700
   262 0.0113137113
   263 0.0112293890
   264 0.0112571016
   265 0.0112837210
   266 0.0113448277
   267 0.0116018701
   268 0.0119952640
   269 0.0122500462
   270 0.0123462019
   271 0.0123130650
   272 0.0121990576
   273 0.0121834262
   274 0.0122293530
   275 0.0122746073
   276 0.0122815005
   277 0.0122640170
   278 0.0122639591
   279 0.0123155576
   280 0.0124104519
   281 0.0125029023
   282 0.0125523045
   283 0.0126024964
   284 0.0126901563
   285 0.0127798564
   286 0.0128125870
   287 0.0127818097
   288 0.0126982837
   289 0.0125952395
   290 0.0124987555
   291 0.0124353162
   292 0.0124201686
   293 0.0124093354
   294 0.0123560666
   295 0.0122673340
   296 0.0121628564
   297 0.0120649931
   298 0.0119915172
   299 0.0120466179
   300 0.0132047316
