     1     10 0.0024056267
     2     10 0.0049008871
     3     10 0.0051911943
     4     10 0.0061014588
     5     10 0.0072367861
     6     10 0.0077569832
     7     10 0.0078767640
     8     10 0.0079530302
     9     10 0.0080478267
    10     10 0.0081000472
    11     10 0.0081125709
    12     10 0.0081161661
    13     10 0.0081198755
    14     10 0.0081218884
    15     10 0.0081223769
    16     10 0.0081224757
    17     10 0.0081225532
    18     10 0.0081225975
    19     10 0.0081226095
    20     10 0.0081226117
    21     10 0.0081226129
    22     10 0.0081226136
    23     10 0.0081226138
    24     10 0.0081226138
    25     10 0.0081226138
    30     10 0.0081226139
    40     10 0.0081226139
    50     10 0.0081226139
    60     10 0.0081226139
    70     10 0.0081226139
    80     10 0.0081226139
    90     10 0.0081226139
   100     10 0.0081226139
