     1 0.4362157542
     2 0.4414872937
     3 0.4510351736
     4 0.4628831157
     5 0.4683706803
     6 0.4613652250
     7 0.4515899629
     8 0.4461631682
     9 0.4456458352
    10 0.4477615051
    11 0.4516445730
    12 0.4507474273
    13 0.4501842995
    14 0.4503484429
    15 0.4387498853
    16 0.4341045238
    17 0.4270412294
    18 0.4102033217
    19 0.4019608013
    20 0.4140348071
    21 0.4267927831
    22 0.4343941619
    23 0.4446947503
    24 0.4572790261
    25 0.4668911885
    26 0.4727325153
    27 0.4754935685
    28 0.4799473750
    29 0.4960474955
    30 0.5166079280
    31 0.5310128877
    32 0.5462186136
    33 0.5631427359
    34 0.5733600015
    35 0.5756341095
    36 0.5800221442
    37 0.5723892067
    38 0.5453083995
    39 0.5245750524
    40 0.5415674903
    41 0.5626091736
    42 0.5552806577
    43 0.5397140701
    44 0.5308713984
    45 0.5278446927
    46 0.5288552105
    47 0.5307297754
    48 0.5284968732
    49 0.5231478442
    50 0.5187517436
    51 0.5189379584
    52 0.5233838267
    53 0.5271827457
    54 0.5267402772
    55 0.5253953941
    56 0.5271817961
    57 0.5276065582
    58 0.5213902083
    59 0.5188848879
    60 0.5129434796
    61 0.5116768717
    62 0.5271917856
    63 0.5372960939
    64 0.5275221909
    65 0.5138505805
    66 0.5077527302
    67 0.5083471422
    68 0.5088536615
    69 0.5052721564
    70 0.5019319476
    71 0.4964250133
    72 0.4901692026
    73 0.4838021182
    74 0.4848469872
    75 0.4916122866
    76 0.4870659950
    77 0.4754283244
    78 0.4723410245
    79 0.4917956714
    80 0.5201782179
    81 0.5395899630
    82 0.5482047146
    83 0.5477791685
    84 0.5425434728
    85 0.5351713966
    86 0.5272180535
    87 0.5201439128
    88 0.5131931598
    89 0.5057520412
    90 0.4987889747
    91 0.4928236603
    92 0.4867300170
    93 0.4808345660
    94 0.4780389660
    95 0.4793622103
    96 0.4829260341
    97 0.4859664562
    98 0.4827712508
    99 0.4657504424
   100 0.4477578703
   101 0.4533472084
   102 0.4719683924
   103 0.4872581776
   104 0.4951562014
   105 0.4971532876
   106 0.4928018317
   107 0.4911810706
   108 0.5017404312
   109 0.5259703470
   110 0.5645887098
   111 0.6124909171
   112 0.6638543127
   113 0.7244066397
   114 0.7654816387
   115 0.7440031230
   116 0.6824752767
   117 0.6328347116
   118 0.6145414867
   119 0.6235998680
   120 0.6511515323
   121 0.6914193955
   122 0.7395130904
   123 0.7845024783
   124 0.8139053583
   125 0.8189847677
   126 0.8137661351
   127 0.8210055078
   128 0.8322039369
   129 0.8197684348
   130 0.8114918003
   131 0.8724137305
   132 1.0294034593
   133 1.1562671817
   134 1.1386954434
   135 1.0894296863
   136 1.0440747881
   137 1.0217451576
   138 0.9954900695
   139 0.9765446101
   140 0.9874486376
   141 1.0032922819
   142 0.8881392754
   143 0.4065632322
   144 0.1123634427
   145 0.1221490119
   146 0.1709651746
   147 0.1640557415
   148 0.0854787417
   149 0.2957911349
   150 0.6936976781
   151 0.7853324445
   152 0.4142583075
   153 -0.2407343262
   154 -0.6346220304
   155 -0.7787398455
   156 -0.8581842569
   157 -0.9355676993
   158 -0.8856335140
   159 -0.1969580591
   160 0.6450494726
   161 0.9274676975
   162 0.9212815824
   163 0.7609808467
   164 0.2662057762
   165 -0.9694654931
   166 -3.0250869087
   167 -4.0365043003
   168 0.6728223594
   169 1.7849630777
   170 0.9890647586
   171 -0.0884785476
   172 2.3360357329
   173 1.7381815809
   174 2.4304558751
   175 2.9354850454
   176 1.8563871610
   177 0.6460608808
   178 1.8847294783
   179 1.5186029356
   180 1.0880687092
   181 0.9244068836
   182 0.9623096759
   183 0.9120953688
   184 0.8730989170
   185 0.8850355237
   186 0.9049687903
   187 0.9181567199
   188 0.9219226981
   189 0.9261452343
   190 1.0606559829
   191 1.5621864608
   192 1.7248557389
   193 1.8556983797
   194 -0.9639151836
   195 -0.1049535729
   196 1.5151916405
   197 3.0514233254
   198 2.2345668406
   199 1.3417959904
   200 1.1584026235
   201 1.1933144165
   202 1.0617355944
   203 0.8206722272
   204 0.5794740520
   205 0.4360120049
   206 0.4247854856
   207 0.4413941817
   208 0.4343937704
   209 0.4112374319
   210 0.3718319395
   211 0.2967829873
   212 0.2714990326
   213 0.2816811630
   214 0.3411776266
   215 0.4677217713
   216 0.5766180646
   217 0.6613805531
   218 0.6662574897
   219 0.2250962546
   220 0.1865978322
   221 0.8846376678
   222 1.3128693591
   223 1.4953524646
   224 1.3611047590
   225 0.9026828125
   226 0.7523780301
   227 0.9934777815
   228 1.9224201737
   229 1.7954230239
   230 1.2430094764
   231 0.9582447878
   232 0.7641429937
   233 0.6465335775
   234 0.6044976024
   235 0.5974062439
   236 0.5907975174
   237 0.5464403778
   238 0.4791558146
   239 0.4323974554
   240 0.3976827351
   241 0.3604846687
   242 0.3324587224
   243 0.3335316316
   244 0.3617865408
   245 0.3961734636
   246 0.4072428505
   247 0.3878829276
   248 0.3731394280
   249 0.3874856355
   250 0.4167879250
   251 0.4241900883
   252 0.4160283229
   253 0.4121966558
   254 0.4031934194
   255 0.4116535066
   256 0.4289140632
   257 0.4290087582
   258 0.4071872364
   259 0.3690685972
   260 0.3465926748
   261 0.3476029007
   262 0.3578022570
   263 0.3688276667
   264 0.3774216551
   265 0.3881646137
   266 0.4038809451
   267 0.4196901979
   268 0.4277466148
   269 0.4226062601
   270 0.4116583718
   271 0.4090826930
   272 0.4216329776
   273 0.4351396131
   274 0.4368437415
   275 0.4355642267
   276 0.4383627806
   277 0.4489488492
   278 0.4643912032
   279 0.4706820470
   280 0.4650648395
   281 0.4607250074
   282 0.4641039492
   283 0.4722711703
   284 0.4822424504
   285 0.4913018405
   286 0.4962802165
   287 0.4959979609
   288 0.4903018822
   289 0.4832509283
   290 0.4780564817
   291 0.4732943738
   292 0.4678338461
   293 0.4621822614
   294 0.4560166476
   295 0.4515678793
   296 0.4514445927
   297 0.4533550216
   298 0.4562889615
   299 0.4720212660
   300 0.5463916000
