     1 0.0169932666
     2 0.0173841091
     3 0.0176661202
     4 0.0176697346
     5 0.0177984240
     6 0.0181642300
     7 0.0184538066
     8 0.0184343689
     9 0.0180816995
    10 0.0176534355
    11 0.0176361136
    12 0.0178642141
    13 0.0176068454
    14 0.0166613722
    15 0.0158641738
    16 0.0157964446
    17 0.0156685918
    18 0.0151824800
    19 0.0150074422
    20 0.0153229149
    21 0.0156375665
    22 0.0156687911
    23 0.0158948982
    24 0.0165701810
    25 0.0171418279
    26 0.0172883113
    27 0.0171632470
    28 0.0169700759
    29 0.0171322240
    30 0.0178807906
    31 0.0184184629
    32 0.0183934371
    33 0.0186946751
    34 0.0195354346
    35 0.0201604421
    36 0.0202819375
    37 0.0197830221
    38 0.0187960206
    39 0.0180571422
    40 0.0181817066
    41 0.0186328183
    42 0.0191248639
    43 0.0194653711
    44 0.0195780010
    45 0.0196798954
    46 0.0198089399
    47 0.0197848614
    48 0.0198371359
    49 0.0202220044
    50 0.0209456985
    51 0.0217292128
    52 0.0220568640
    53 0.0218900342
    54 0.0216815201
    55 0.0211262940
    56 0.0200850963
    57 0.0194192868
    58 0.0195227257
    59 0.0192518032
    60 0.0184790014
    61 0.0177376499
    62 0.0175041783
    63 0.0176920841
    64 0.0179929744
    65 0.0182811007
    66 0.0182396005
    67 0.0178580940
    68 0.0175546330
    69 0.0174880471
    70 0.0174150492
    71 0.0171946505
    72 0.0173821060
    73 0.0178201203
    74 0.0174645446
    75 0.0165215106
    76 0.0166016382
    77 0.0178218565
    78 0.0182029626
    79 0.0175252572
    80 0.0171007216
    81 0.0173209098
    82 0.0176872498
    83 0.0179595985
    84 0.0180664043
    85 0.0179985560
    86 0.0178917273
    87 0.0178523083
    88 0.0178225005
    89 0.0177474278
    90 0.0176605907
    91 0.0175937112
    92 0.0175200506
    93 0.0174239300
    94 0.0173635526
    95 0.0173836296
    96 0.0174213598
    97 0.0173902073
    98 0.0172609911
    99 0.0170390797
   100 0.0168916487
   101 0.0170607693
   102 0.0174344430
   103 0.0177607550
   104 0.0178019837
   105 0.0174093561
   106 0.0168279109
   107 0.0165003884
   108 0.0165712300
   109 0.0170088751
   110 0.0177692067
   111 0.0187814671
   112 0.0198887985
   113 0.0210750021
   114 0.0218136377
   115 0.0210497585
   116 0.0195290283
   117 0.0189515733
   118 0.0191932317
   119 0.0197849607
   120 0.0204547913
   121 0.0210078844
   122 0.0214066607
   123 0.0216630614
   124 0.0219370392
   125 0.0224600343
   126 0.0230164992
   127 0.0233269101
   128 0.0232945942
   129 0.0228859020
   130 0.0224936358
   131 0.0226402519
   132 0.0234782954
   133 0.0249406385
   134 0.0265901183
   135 0.0275812530
   136 0.0276917132
   137 0.0270398857
   138 0.0261677008
   139 0.0258049561
   140 0.0260877662
   141 0.0266019855
   142 0.0269685499
   143 0.0278043679
   144 0.0294588589
   145 0.0302460207
   146 0.0299603170
   147 0.0295745933
   148 0.0295491824
   149 0.0292396455
   150 0.0285667251
   151 0.0290753069
   152 0.0314379978
   153 0.0336537813
   154 0.0341818386
   155 0.0338268781
   156 0.0332980855
   157 0.0325653730
   158 0.0316053140
   159 0.0303566555
   160 0.0289457471
   161 0.0279830616
   162 0.0277190189
   163 0.0279395554
   164 0.0285980384
   165 0.0297757695
   166 0.0306740394
   167 0.0294293264
   168 0.0273137818
   169 0.0264550171
   170 0.0275369032
   171 0.0289315615
   172 0.0269539011
   173 0.0248587973
   174 0.0259225995
   175 0.0302885390
   176 0.0319267858
   177 0.0289610208
   178 0.0278493084
   179 0.0256599822
   180 0.0251465539
   181 0.0253228999
   182 0.0259840947
   183 0.0269138308
   184 0.0246823638
   185 0.0220812131
   186 0.0212710386
   187 0.0217436240
   188 0.0231344095
   189 0.0242976765
   190 0.0239248219
   191 0.0237607724
   192 0.0234366371
   193 0.0221073256
   194 0.0220038021
   195 0.0250254489
   196 0.0318485529
   197 0.0417452807
   198 0.0534132504
   199 0.0648527037
   200 0.0771000463
   201 0.0701097030
   202 0.0529544286
   203 0.0457413397
   204 0.0459268264
   205 0.0439583307
   206 0.0372048948
   207 0.0324690014
   208 0.0343859853
   209 0.0418145468
   210 0.0420629777
   211 0.0386482057
   212 0.0341676276
   213 0.0299005906
   214 0.0264666726
   215 0.0244822808
   216 0.0240766612
   217 0.0248666893
   218 0.0243490142
   219 0.0230293250
   220 0.0248618983
   221 0.0355033832
   222 0.0411192716
   223 0.0321566970
   224 0.0298201228
   225 0.0304620533
   226 0.0310377074
   227 0.0363828329
   228 0.0438008220
   229 0.0415558360
   230 0.0330293500
   231 0.0251703776
   232 0.0217609118
   233 0.0199729824
   234 0.0188894571
   235 0.0188224656
   236 0.0193166569
   237 0.0194237630
   238 0.0186117699
   239 0.0171616565
   240 0.0160726380
   241 0.0152238962
   242 0.0146533270
   243 0.0148676114
   244 0.0159108718
   245 0.0166373046
   246 0.0164550006
   247 0.0157862197
   248 0.0153005170
   249 0.0154851331
   250 0.0162229257
   251 0.0169083331
   252 0.0169760318
   253 0.0162433739
   254 0.0154548086
   255 0.0154597778
   256 0.0158173315
   257 0.0156918202
   258 0.0151083046
   259 0.0144203762
   260 0.0139619336
   261 0.0140943940
   262 0.0147419572
   263 0.0150590828
   264 0.0148625837
   265 0.0148502989
   266 0.0150952159
   267 0.0153870320
   268 0.0158064275
   269 0.0160708033
   270 0.0160077190
   271 0.0161247792
   272 0.0164136399
   273 0.0165696654
   274 0.0166001264
   275 0.0165395884
   276 0.0164965282
   277 0.0166663916
   278 0.0170347131
   279 0.0172785861
   280 0.0172526223
   281 0.0171899239
   282 0.0173202214
   283 0.0176074767
   284 0.0179493503
   285 0.0182255060
   286 0.0183330125
   287 0.0182505437
   288 0.0180017543
   289 0.0177210092
   290 0.0175088895
   291 0.0173519764
   292 0.0172198590
   293 0.0170595890
   294 0.0168491357
   295 0.0166664076
   296 0.0165754815
   297 0.0165113820
   298 0.0162974675
   299 0.0165633439
   300 0.0230186630
