     1     13 0.0022760485
     2     13 0.0037607159
     3     13 0.0044604521
     4     13 0.0068706192
     5     13 0.0079993649
     6     13 0.0083358452
     7     13 0.0086178243
     8     13 0.0088422238
     9     13 0.0090079673
    10     13 0.0091425231
    11     13 0.0092559714
    12     13 0.0094475689
    13     13 0.0095932358
    14     13 0.0097059110
    15     13 0.0097625002
    16     13 0.0097955682
    17     13 0.0098597425
    18     13 0.0098822606
    19     13 0.0098854034
    20     13 0.0098910909
    21     13 0.0098937458
    22     13 0.0098941054
    23     13 0.0098943805
    24     13 0.0098945559
    25     13 0.0098945895
    30     13 0.0098946116
    40     13 0.0098946117
    50     13 0.0098946117
    60     13 0.0098946117
    70     13 0.0098946117
    80     13 0.0098946117
    90     13 0.0098946117
   100     13 0.0098946117
