     1     10 0.0046450015
     2     10 0.0060495930
     3     10 0.0065241641
     4     10 0.0069205885
     5     10 0.0070600835
     6     10 0.0071019903
     7     10 0.0071080872
     8     10 0.0071100065
     9     10 0.0071106280
    10     10 0.0071107344
    11     10 0.0071107570
    12     10 0.0071107570
    13     10 0.0071107570
    14     10 0.0071107570
    15     10 0.0071107570
    16     10 0.0071107570
    17     10 0.0071107570
    18     10 0.0071107570
    19     10 0.0071107570
    20     10 0.0071107570
    21     10 0.0071107570
    22     10 0.0071107570
    23     10 0.0071107570
    24     10 0.0071107570
    25     10 0.0071107570
    30     10 0.0071107570
    40     10 0.0071107570
    50     10 0.0071107570
    60     10 0.0071107570
    70     10 0.0071107570
    80     10 0.0071107570
    90     10 0.0071107570
   100     10 0.0071107570
