     1     10 0.0046563230
     2     10 0.0053157082
     3     10 0.0059922376
     4     10 0.0068698414
     5     10 0.0072868265
     6     10 0.0074833449
     7     10 0.0075637768
     8     10 0.0075834528
     9     10 0.0075935589
    10     10 0.0075953782
    11     10 0.0075958062
    12     10 0.0075958062
    13     10 0.0075958062
    14     10 0.0075958062
    15     10 0.0075958062
    16     10 0.0075958062
    17     10 0.0075958062
    18     10 0.0075958062
    19     10 0.0075958062
    20     10 0.0075958062
    21     10 0.0075958062
    22     10 0.0075958062
    23     10 0.0075958062
    24     10 0.0075958062
    25     10 0.0075958062
    30     10 0.0075958062
    40     10 0.0075958062
    50     10 0.0075958062
    60     10 0.0075958062
    70     10 0.0075958062
    80     10 0.0075958062
    90     10 0.0075958062
   100     10 0.0075958062
