     1     13 0.0046115038
     2     13 0.0057126786
     3     13 0.0061307998
     4     13 0.0065814932
     5     13 0.0069800341
     6     13 0.0071093254
     7     13 0.0073282309
     8     13 0.0074963346
     9     13 0.0076387198
    10     13 0.0077663944
    11     13 0.0078602694
    12     13 0.0080128598
    13     13 0.0082181462
    14     13 0.0082572891
    15     13 0.0082572891
    16     13 0.0082572891
    17     13 0.0082572891
    18     13 0.0082572891
    19     13 0.0082572891
    20     13 0.0082572891
    21     13 0.0082572891
    22     13 0.0082572891
    23     13 0.0082572891
    24     13 0.0082572891
    25     13 0.0082572891
    30     13 0.0082572891
    40     13 0.0082572891
    50     13 0.0082572891
    60     13 0.0082572891
    70     13 0.0082572891
    80     13 0.0082572891
    90     13 0.0082572891
   100     13 0.0082572891
