     1     10 0.0008243243
     2     10 0.0028751936
     3     10 0.0035430657
     4     10 0.0039909855
     5     10 0.0041170628
     6     10 0.0041564730
     7     10 0.0041637985
     8     10 0.0041653179
     9     10 0.0041657433
    10     10 0.0041658190
    11     10 0.0041658305
    12     10 0.0041658305
    13     10 0.0041658305
    14     10 0.0041658305
    15     10 0.0041658305
    16     10 0.0041658305
    17     10 0.0041658305
    18     10 0.0041658305
    19     10 0.0041658305
    20     10 0.0041658305
    21     10 0.0041658305
    22     10 0.0041658305
    23     10 0.0041658305
    24     10 0.0041658305
    25     10 0.0041658305
    30     10 0.0041658305
    40     10 0.0041658305
    50     10 0.0041658305
    60     10 0.0041658305
    70     10 0.0041658305
    80     10 0.0041658305
    90     10 0.0041658305
   100     10 0.0041658305
