     1     13 0.0001753474
     2     13 0.0016601658
     3     13 0.0025712260
     4     13 0.0030265483
     5     13 0.0035183983
     6     13 0.0036088546
     7     13 0.0038687442
     8     13 0.0040687772
     9     13 0.0042460410
    10     13 0.0043451305
    11     13 0.0044144838
    12     13 0.0045916994
    13     13 0.0048879162
    14     13 0.0049380617
    15     13 0.0049380617
    16     13 0.0049380617
    17     13 0.0049380617
    18     13 0.0049380617
    19     13 0.0049380617
    20     13 0.0049380617
    21     13 0.0049380617
    22     13 0.0049380617
    23     13 0.0049380617
    24     13 0.0049380617
    25     13 0.0049380617
    30     13 0.0049380617
    40     13 0.0049380617
    50     13 0.0049380617
    60     13 0.0049380617
    70     13 0.0049380617
    80     13 0.0049380617
    90     13 0.0049380617
   100     13 0.0049380617
