  2.029459825418011E-007
 -4.081829748761606E-007
  1.166954074859212E-008
  2.466326132582387E-007
 -6.195588998022767E-007
  1.251440938143235E-007
 -3.674451666173761E-007
  5.258368595450216E-007
  5.043669132204593E-007
 -1.598972099826709E-007
 -1.711756312537445E-007
 -4.358433748332319E-007
  6.954335465753293E-007
 -1.572106295701351E-007
  3.085246299507858E-007
  1.332503688347178E-007
 -1.092593090632625E-007
 -1.674249202764373E-007
  1.733973219142464E-007
  3.006573769413771E-007
  1.080546983031244E-007
  1.066696582878993E-007
  1.008438799565685E-008
 -2.553560629298741E-007
  5.486632449472631E-007
 -5.618977753799117E-007
  1.189917807157002E-007
 -1.290031102583645E-007
  5.284347826477924E-007
  7.794932681945554E-007
 -1.148292423505000E-008
  4.681345777182619E-007
 -4.693301276368438E-007
 -4.804012021884464E-008
 -3.687189237299301E-007
  8.682849246150274E-007
 -1.065933913021749E-008
  8.911210657460180E-008
 -7.587703155209607E-007
  6.908016180217690E-007
  3.311513090789254E-007
  3.771899500809273E-007
  1.013020229798172E-006
 -2.945157517687195E-007
  4.580200059684006E-007
 -4.898323061801173E-007
 -4.511589845808888E-008
 -3.106374118932424E-007
  5.539818794996957E-007
  6.639908797764717E-007
 -6.666151182850370E-008
 -5.876607466821395E-007
  4.855866327875304E-007
 -4.505584526662114E-007
  5.944007917683878E-007
  6.457560022266103E-007
  1.096127626531031E-007
  8.806490148536777E-007
 -2.655672072083217E-007
  3.391440417306771E-007
 -3.417107945905965E-007
 -2.866569645388034E-009
 -2.150655749723245E-007
  3.784925282185944E-008
  7.514110661252616E-007
 -1.404905424948085E-007
 -2.562005535683673E-010
  1.785024082594541E-007
 -6.506154551799679E-007
  4.900142571649260E-007
 -6.167133710174277E-008
  3.249283829358834E-007
  6.762838771418145E-007
  2.938273155046467E-008
  6.288664702330013E-007
 -1.497604796062958E-007
  2.287232077479340E-007
 -2.017509197238786E-007
  2.277018759155751E-008
 -1.281123524132829E-007
 -2.545898826529325E-007
  3.901412568502324E-007
 -1.176076009740065E-007
  3.705774302652293E-007
 -2.371454917483905E-008
 -3.407072787986582E-007
  2.633086913727451E-007
 -4.335315767917323E-007
  3.063833694357266E-007
  1.705811441624329E-007
  1.684810374108787E-007
  5.413718889801227E-007
  4.291668343752936E-008
  4.006025677560574E-007
 -5.918753697614107E-008
  1.467849226784927E-007
 -1.054077725722260E-007
  2.771067881230107E-008
 -6.730338900159365E-008
 -2.542494733807651E-007
  4.611206705203293E-009
 -5.943749917966912E-008
  3.622874447659753E-007
 -8.995081707769712E-008
  2.750218108410384E-008
  8.058121158940693E-008
 -3.757523283157958E-007
  1.909950042384657E-007
 -1.912795865550816E-007
  1.588644269071439E-007
  2.337344302260786E-007
  1.138332670659634E-007
  3.693150275127036E-007
  6.349426621427088E-008
  2.368049040207679E-007
 -1.011481596744201E-008
  9.003415840464531E-008
 -4.844603389134918E-008
  2.236315105253710E-008
 -3.148351713064413E-008
 -1.156339347101856E-007
 -1.697350686262624E-007
 -1.279925338259012E-008
  1.639390824997254E-007
 -7.582367764555263E-008
  1.905560086336385E-007
 -1.234572611151251E-008
 -1.412374911835034E-007
  8.623191309340710E-008
 -2.679716707586759E-007
  9.687060398506841E-008
 -3.535287270766673E-008
  8.924752170469438E-008
  2.014484350203893E-007
  9.648772563242961E-008
  2.256984680297504E-007
  6.653053464211292E-008
  1.324142163045648E-007
  9.956630705288712E-009
  5.256803090946055E-008
 -1.866650218979974E-008
  1.483750162109923E-008
 -1.300378393436755E-008
  5.599080753427404E-009
 -1.509593055278289E-007
  9.126285132993472E-009
 -9.419560780209932E-009
 -3.904930745709510E-008
  1.603780419822155E-007
 -3.821462883842725E-008
  3.828669255634213E-008
  2.437048912133749E-008
 -1.664275499918891E-007
  4.638542644674117E-008
 -1.455049319721583E-007
  4.132827745790767E-008
  3.154714470185691E-008
  6.475119949520604E-008
  1.401354187244179E-007
  8.256148551338085E-008
  1.268211831754404E-007
  5.622587825885659E-008
  7.061818250125619E-008
  1.472357435601691E-008
  2.910980966709678E-008
 -5.019597401378870E-009
  8.679794637684062E-009
 -4.545725278091854E-009
  5.149474090671009E-008
 -6.098831378136303E-008
  1.270078440016209E-008
 -7.496696310563379E-008
 -9.910769352889610E-009
  6.215285521455099E-008
 -3.198873555439418E-008
  9.289989373492417E-008
 -3.034663232393013E-009
 -3.997214206082468E-008
  2.023150665927242E-008
 -1.253571673810465E-007
  1.187038073196227E-008
 -6.087596187303532E-008
  2.128114876514720E-008
  4.431422723737039E-008
  5.431486214755325E-008
  8.464076828140307E-008
  6.501429749347563E-008
  6.638643751554361E-008
  4.140608009317022E-008
  3.598023453256210E-008
  1.305948481471296E-008
  1.525263656330295E-008
  2.045461689214605E-010
  4.620028777521185E-009
 -1.145919768304214E-009
  4.125472911383767E-008
  7.685385957197335E-009
  8.309567789228903E-009
 -5.991311114007015E-008
  4.397731158795168E-009
 -9.925434925695644E-009
 -1.738055205721596E-008
  6.559108055232333E-008
 -1.135826319880310E-008
  3.039602506290736E-008
  8.575156613068733E-009
 -5.796317025189064E-008
  3.900365045129544E-009
 -7.426349760221996E-008
 -3.206603556534929E-009
 -1.724787065784314E-008
  1.760710016633895E-008
  3.483729876772423E-008
  4.471800103861631E-008
  4.566258152049845E-008
  4.665922702491328E-008
  3.250782934985982E-008
  2.770280514273932E-008
  1.746418529374647E-008
  9.589126413244773E-009
  7.544784878877434E-009
  1.592704855481400E-009
  2.272113918662182E-009
 -5.785210378414746E-012
  1.467003634030194E-008
  2.973835685680663E-008
  3.064605370486819E-009
 -2.142333742532096E-008
  7.537463710635995E-009
 -3.200205183084518E-008
 -5.310633619623142E-009
  2.049842132115527E-008
 -1.082898530853312E-008
  4.157831481220398E-008
  2.214624147342605E-009
 -4.225306584188007E-009
  4.825322200430398E-009
 -4.683720179409803E-008
 -7.130956351589754E-009
 -3.668061203799074E-008
 -4.756204366877775E-009
 -5.388562820362251E-010
  1.727285175906954E-008
  2.125326198336979E-008
  3.397200588655920E-008
  2.213799141723673E-008
  3.085809804189158E-008
  1.482496371008986E-008
  1.724321269331951E-008
  8.018302677999767E-009
  6.305909078847884E-009
  3.509378296733016E-009
  1.528350190278047E-009
  1.038709078490196E-009
  2.528756893555178E-010
 -3.378256725625574E-009
  2.164480963728004E-008
 -1.656666137146263E-010
  4.699357177654632E-009
  5.372796961518217E-009
 -2.281001615554724E-008
  1.278280695832549E-009
 -7.058379532833866E-009
 -6.925544690673743E-009
  2.421362761330080E-008
 -1.780884283073200E-009
  1.762248834260847E-008
  5.179972882448854E-009
 -1.524247498989686E-008
 -1.968499689861058E-009
 -2.929782779691344E-008
 -9.927796562368463E-009
 -1.543696981133870E-008
 -1.469089661592274E-009
  3.087591124347893E-009
  1.559690987354522E-008
  1.063662806790843E-008
  2.365748914979516E-008
  9.493367714331982E-009
  1.904270669040869E-008
  6.192653507575689E-009
  1.012574559276048E-008
  3.435981104142491E-009
  3.832674095211268E-009
  1.522752876985526E-009
  1.086390403815336E-009
  4.406787083219847E-010
  2.297753619650267E-010
 -8.173009538178127E-009
  6.733155934409870E-009
 -1.236584598719181E-009
  1.169740946196132E-008
  2.205496635690530E-009
 -7.018496979503908E-009
  3.217895963756251E-009
 -1.320685253557819E-008
 -2.738085704148518E-009
  5.366136066724381E-009
 -3.391092057552978E-009
  1.661851624357929E-008
  3.031572694636952E-009
  3.263155223827293E-009
  2.602041444763199E-009
 -1.403500323534895E-008
 -5.822874315168266E-009
 -1.541637854851114E-008
 -7.870527206518812E-009
 -5.684054419650854E-009
  1.623222338178051E-009
  2.164221572779012E-009
  1.242158013054068E-008
  4.190466974838841E-009
  1.522342004797083E-008
  3.387360661177797E-009
  1.107324731679379E-008
  2.269890956659854E-009
  5.656515538782519E-009
  1.338409461737408E-009
  2.186539301496661E-009
  6.062258418253857E-010
  6.676478442508196E-010
  1.715250109513834E-010
  1.512725257868106E-010
 -5.402615189645901E-009
 -2.398363642640713E-009
 -1.044561119422888E-009
  7.779665641246480E-009
  5.243617700080932E-011
  2.480348576133215E-009
  2.557772749727662E-009
 -8.256647223380603E-009
  9.885128949259024E-011
 -4.072964184772798E-009
 -2.896651064191603E-009
  7.842935287918371E-009
  3.061638070375155E-010
  8.155600021948396E-009
  3.496100719358070E-009
 -2.396557121328699E-009
 -6.029127039924737E-010
 -9.236892162928047E-009
 -6.250689056466990E-009
 -7.105997555346573E-009
 -4.570711661098058E-009
 -2.071624748327668E-009
  3.043516526834762E-009
  5.837941585082278E-010
  8.839336401752477E-009
  9.563843585473916E-010
  9.136414336236996E-009
  7.766733453410089E-010
  6.108493627854550E-009
  6.392679866793643E-010
  3.019917362962398E-009
  4.452644513198481E-010
  1.180638456928675E-009
  2.132609994624359E-010
  3.729935876951643E-010
  5.940417361047208E-011
  8.576285503660336E-011
 -1.419819478627840E-009
 -4.346257542308483E-009
 -4.823150336872100E-010
  2.086809232304440E-009
 -7.583035540739142E-010
  4.474941434065758E-009
  1.158490709726711E-009
 -2.049091779700657E-009
  1.213958430164102E-009
 -5.173013976192641E-009
 -1.432311596880351E-009
  8.097437417069268E-010
 -1.230659245149956E-009
  5.829851688392616E-009
  2.014200443652626E-009
  2.691172501583215E-009
  1.979410057803092E-009
 -3.204924524989446E-009
 -2.354798223130410E-009
 -4.966014139931047E-009
 -4.827154698687458E-009
 -3.011660216094460E-009
 -1.928814845336018E-009
 -1.053291163971171E-009
  3.078846156448855E-009
 -4.362120969336775E-010
  5.718696185051253E-009
 -3.454183243991480E-010
  5.150451332787912E-009
 -1.547228759393334E-010
  3.209399824916109E-009
  4.657831174953436E-011
  1.543979707301965E-009
  1.014819807514603E-010
  6.059689760102085E-010
  5.955672214725046E-011
  1.936366390738841E-010
  1.678909470907497E-011
  4.414649023978962E-011
  7.811828752536219E-010
 -2.630660109638420E-009
 -4.884765935723362E-011
 -1.075485500358940E-009
 -6.953747385050279E-010
  2.707862773794916E-009
  9.289644576348111E-011
  1.209977837798151E-009
  1.110189919426256E-009
 -2.785405099970675E-009
 -1.429687776099408E-010
 -1.986489557245710E-009
 -1.335984731631222E-009
  2.145500333191687E-009
  2.877515830372007E-010
  3.126818536492336E-009
  1.996866902922340E-009
  2.246819735404922E-010
  3.872957663914561E-010
 -2.273566936955965E-009
 -2.627450771236958E-009
 -2.287921586141809E-009
 -3.025233040722583E-009
 -1.307979000598455E-009
 -3.998485438561167E-010
 -8.482495737115337E-010
  2.434523719232665E-009
 -8.210693311088428E-010
  3.406790913828695E-009
 -6.798762461505575E-010
  2.738732925135887E-009
 -3.709856924054161E-010
  1.608185429646351E-009
 -1.168476112926732E-010
  7.558051525657204E-010
 -1.007657686316071E-011
  2.960771896616605E-010
  7.071802524022198E-012
  9.438557741346493E-011
  2.563946045485453E-012
  2.108551561210694E-011
  1.122542593729410E-009
 -5.698446309036104E-010
  1.305080076345213E-010
 -1.584571051302482E-009
 -3.367213168316240E-010
  6.019676943268447E-010
 -3.509316405826232E-010
  1.662635166276104E-009
  5.468944468271282E-010
 -4.833472528929123E-010
  4.604192504161214E-010
 -1.881009847429426E-009
 -7.159750070465063E-010
 -1.580359354862610E-010
 -5.900074938912381E-010
  1.765958893341346E-009
  9.548631753799368E-010
  1.249392113198280E-009
  1.247875850297047E-009
 -4.486674426546881E-010
 -5.345041559146971E-010
 -1.199182741349042E-009
 -2.101862111166583E-009
 -9.426215391878106E-010
 -1.593185632273770E-009
 -6.956005866049081E-010
  2.476671603316369E-010
 -7.708678395706340E-010
  1.650316558337217E-009
 -8.130019738403165E-010
  1.882617915429980E-009
 -6.202073572465516E-010
  1.375046030339914E-009
 -3.326080658615438E-010
  7.674737234490257E-010
 -1.256605073033563E-010
  3.533585399142602E-010
 -3.344196737407628E-011
  1.375598086924615E-010
 -6.596180051468486E-012
  4.336244966117594E-011
 -1.150181589978468E-012
  9.426486686392221E-012
  6.187642967908893E-010
  4.640469949852245E-010
  1.301462617381324E-010
 -8.821248885728826E-010
 -4.123908632753526E-011
 -4.536197393089822E-010
 -3.450280298543387E-010
  9.044232213384388E-010
  6.515964913933892E-011
  5.477373358110127E-010
  4.767423581381681E-010
 -8.546170365837509E-010
 -1.004418409229384E-010
 -8.323657884606494E-010
 -6.366581734850566E-010
  4.595447828098192E-010
  5.074926181539409E-011
  1.002305704193158E-009
  9.376488755276438E-010
  3.274311376929226E-010
  4.998396757324351E-010
 -3.886388844302753E-010
 -8.085945316568146E-010
 -4.900742546197600E-010
 -1.383147865683923E-009
 -3.856084050755038E-010
 -7.003796225784891E-010
 -4.815615835236734E-010
  3.916254241266130E-010
 -6.503809375085394E-010
  9.943345285704197E-010
 -6.416019535835079E-010
  9.668740892170026E-010
 -4.518205970622462E-010
  6.498871435886098E-010
 -2.347546814585059E-010
  3.470906766483517E-010
 -9.284518659425483E-011
  1.569006837563763E-010
 -2.899308132652605E-011
  6.050883475938601E-011
 -7.456018033022478E-012
  1.874952155479902E-011
 -1.502928394763567E-012
  3.947023496204393E-012
  1.007452449855570E-010
  5.636293407631557E-010
  6.480225315024813E-011
 -1.508345353889198E-010
  8.588548926801510E-011
 -5.620520220619057E-010
 -1.717668289629602E-010
  1.520204263602705E-010
 -1.492986881385491E-010
  5.931682238567758E-010
  2.447418141706788E-010
 -6.450069103394129E-011
  1.937322245827292E-010
 -6.226356111901720E-010
 -3.226565193904400E-010
 -1.889005165093402E-010
 -3.184394243194823E-010
  4.507267222990553E-010
  3.447146234177695E-010
  4.265104595015936E-010
  6.308886426593047E-010
  1.582320500719315E-011
  3.329576091579161E-011
 -1.769677269498251E-010
 -7.138931412923694E-010
 -1.446313903325845E-010
 -7.855601949982715E-010
 -1.951258254171716E-010
 -2.412200798717102E-010
 -3.755437261964858E-010
  3.235589502141066E-010
 -4.947435168911818E-010
  5.396020366161764E-010
 -4.445355996714862E-010
  4.592792034152099E-010
 -2.916744626325285E-010
  2.865218803569659E-010
 -1.466802254924916E-010
  1.471656121136353E-010
 -5.869510777547539E-011
  6.545653281605666E-011
 -1.931500633573454E-011
  2.496208927891828E-011
 -5.264058191741017E-012
  7.571552449853094E-012
 -1.065197765824428E-012
  1.536438642008300E-012
 -1.333266298576214E-010
  2.845066555879235E-010
  8.764067757715729E-012
  1.827446357391764E-010
  8.804001570968107E-011
 -2.870506281486012E-010
 -2.215884895300325E-011
 -1.833708688883399E-010
 -1.539168455747093E-010
  2.853715793447341E-010
  3.224807702956137E-011
  2.273246808394507E-010
  2.064182723065172E-010
 -2.317361081345555E-010
 -3.462393773406532E-011
 -3.012296883505122E-010
 -2.888675763358693E-010
  6.055679469214966E-011
 -4.699668704178008E-011
  2.646192895059498E-010
  3.654832253989893E-010
  1.297623302900029E-010
  3.165943553446124E-010
 -2.489755303494379E-011
 -1.599554236544387E-010
 -2.570022279026064E-011
 -4.979530099293626E-010
 -2.191638922392935E-011
 -3.926612910068986E-010
 -1.372773640218023E-010
 -4.895038965903988E-011
 -2.883553668828187E-010
  2.067400518107114E-010
 -3.430219085311573E-010
  2.629499266774937E-010
 -2.813469436151317E-010
  1.986013630834298E-010
 -1.735030075023069E-010
  1.154076859724244E-010
 -8.456377926066558E-011
  5.720930171063798E-011
 -3.376918454197795E-011
  2.511583833811494E-011
 -1.129981317780165E-011
  9.472001385436014E-012
 -3.113683504607671E-012
  2.803147030697006E-012
 -6.183360572267205E-013
  5.447734066751701E-013
 -1.391314745587820E-010
  3.103157749907288E-011
 -1.550688512598692E-011
  1.943287776843830E-010
  4.381281420287278E-011
 -3.510421875210152E-011
  4.311365518353325E-011
 -1.936580666360164E-010
 -7.700387276224589E-011
  2.858097573993825E-011
 -6.350150222603031E-011
  1.999516444074069E-010
  1.036560961816209E-010
  1.460493008959955E-011
  9.044327571360903E-011
 -1.843917515386117E-010
 -1.266246921910125E-010
 -9.111101459560058E-011
 -1.626001516306071E-010
  9.324781802678490E-011
  8.940561423140302E-011
  1.079426179901163E-010
  2.639795652686513E-010
  2.335003863016527E-011
  1.062741223580653E-010
  7.346440850755169E-012
 -1.863900319364047E-010
  3.832657328207814E-011
 -2.969431122777578E-010
  9.494188281800914E-013
 -1.740404172755919E-010
 -1.121872261409481E-010
  9.725218206376360E-012
 -2.073994955938702E-010
  1.090388019458419E-010
 -2.198568298614033E-010
  1.121467613703962E-010
 -1.659736889850598E-010
  7.502765981151093E-011
 -9.688978714596016E-011
  4.038141178090133E-011
 -4.583923848768156E-011
  1.935419242233258E-011
 -1.813718789910491E-011
  8.446969550225228E-012
 -6.069488538359263E-012
  3.163489064336630E-012
 -1.660022488763961E-012
  9.102505993231302E-013
 -3.209770832034736E-013
  1.670718034550627E-013
