 -174.00  -84.19        0.58754       -0.03548
 -162.00  -84.19        0.66467        0.10093
 -150.00  -84.19        0.73329        0.27726
 -138.00  -84.19        0.77507        0.49896
 -126.00  -84.19        0.76893        0.76386
 -114.00  -84.19        0.69360        1.06099
 -102.00  -84.19        0.53089        1.37005
  -90.00  -84.19        0.26949        1.66195
  -78.00  -84.19       -0.09101        1.90105
  -66.00  -84.19       -0.53670        2.04928
  -54.00  -84.19       -1.03769        2.07231
  -42.00  -84.19       -1.54936        1.94681
  -30.00  -84.19       -2.01739        1.66736
  -18.00  -84.19       -2.38610        1.25063
   -6.00  -84.19       -2.60873        0.73540
    6.00  -84.19       -2.65697        0.17735
   18.00  -84.19       -2.52733       -0.36035
   30.00  -84.19       -2.24222       -0.81870
   42.00  -84.19       -1.84535       -1.15374
   54.00  -84.19       -1.39255       -1.34395
   66.00  -84.19       -0.94032       -1.39224
   78.00  -84.19       -0.53531       -1.32237
   90.00  -84.19       -0.20710       -1.17127
  102.00  -84.19        0.03419       -0.97943
  114.00  -84.19        0.19559       -0.78220
  126.00  -84.19        0.29581       -0.60399
  138.00  -84.19        0.35842       -0.45607
  150.00  -84.19        0.40585       -0.33757
  162.00  -84.19        0.45509       -0.23849
  174.00  -84.19        0.51536       -0.14346
 -174.00  -78.39        0.12092       -0.00678
 -162.00  -78.39        0.25369        0.03995
 -150.00  -78.39        0.39845        0.15382
 -138.00  -78.39        0.53121        0.34809
 -126.00  -78.39        0.62283        0.62979
 -114.00  -78.39        0.63871        0.99661
 -102.00  -78.39        0.54094        1.43265
  -90.00  -78.39        0.29371        1.90463
  -78.00  -78.39       -0.12832        2.35978
  -66.00  -78.39       -0.72881        2.72731
  -54.00  -78.39       -1.47804        2.92736
  -42.00  -78.39       -2.30693        2.88891
  -30.00  -78.39       -3.11207        2.57160
  -18.00  -78.39       -3.77324        1.98364
   -6.00  -78.39       -4.17972        1.18874
    6.00  -78.39       -4.25850        0.29777
   18.00  -78.39       -3.99516       -0.55413
   30.00  -78.39       -3.43988       -1.23918
   42.00  -78.39       -2.69568       -1.66754
   54.00  -78.39       -1.89215       -1.80727
   66.00  -78.39       -1.15325       -1.68727
   78.00  -78.39       -0.56934       -1.38345
   90.00  -78.39       -0.18164       -0.99388
  102.00  -78.39        0.01796       -0.61143
  114.00  -78.39        0.07387       -0.30224
  126.00  -78.39        0.04648       -0.09637
  138.00  -78.39       -0.00681        0.00847
  150.00  -78.39       -0.04294        0.03583
  162.00  -78.39       -0.03686        0.01945
  174.00  -78.39        0.01947       -0.00525
 -174.00  -72.58       -0.03569        0.00178
 -162.00  -72.58        0.11849        0.01926
 -150.00  -72.58        0.28176        0.11106
 -138.00  -72.58        0.43545        0.29051
 -126.00  -72.58        0.55612        0.57257
 -114.00  -72.58        0.60927        0.97045
 -102.00  -72.58        0.54583        1.48503
  -90.00  -72.58        0.30679        2.09460
  -78.00  -72.58       -0.16571        2.74597
  -66.00  -72.58       -0.90841        3.34480
  -54.00  -72.58       -1.90908        3.76168
  -42.00  -72.58       -3.08601        3.86274
  -30.00  -72.58       -4.28722        3.55177
  -18.00  -72.58       -5.31467        2.80969
   -6.00  -72.58       -5.97182        1.71734
    6.00  -72.58       -6.12018        0.44748
   18.00  -72.58       -5.72327       -0.77526
   30.00  -72.58       -4.86112       -1.73416
   42.00  -72.58       -3.71018       -2.27942
   54.00  -72.58       -2.49410       -2.36706
   66.00  -72.58       -1.42123       -2.06362
   78.00  -72.58       -0.63074       -1.51503
   90.00  -72.58       -0.16759       -0.89410
  102.00  -72.58        0.00877       -0.34929
  114.00  -72.58       -0.00725        0.03038
  126.00  -72.58       -0.10871        0.22632
  138.00  -72.58       -0.21038        0.27130
  150.00  -72.58       -0.26157        0.21953
  162.00  -72.58       -0.24380        0.12798
  174.00  -72.58       -0.16277        0.04462
 -174.00  -66.77        0.02567       -0.00117
 -162.00  -66.77        0.17109        0.02903
 -150.00  -66.77        0.31213        0.12599
 -138.00  -66.77        0.43978        0.29931
 -126.00  -66.77        0.54102        0.56746
 -114.00  -66.77        0.59052        0.95996
 -102.00  -66.77        0.53796        1.50284
  -90.00  -66.77        0.30639        2.19845
  -78.00  -66.77       -0.19677        3.00977
  -66.00  -66.77       -1.05173        3.83129
  -54.00  -66.77       -2.27990        4.48770
  -42.00  -66.77       -3.80241        4.77424
  -30.00  -66.77       -5.42226        4.51878
  -18.00  -66.77       -6.85396        3.65580
   -6.00  -66.77       -7.80185        2.27567
    6.00  -66.77       -8.05233        0.61599
   18.00  -66.77       -7.54134       -1.00136
   30.00  -66.77       -6.37578       -2.26110
   42.00  -66.77       -4.80565       -2.94372
   54.00  -66.77       -3.15457       -2.98723
   66.00  -66.77       -1.72593       -2.49940
   78.00  -66.77       -0.71539       -1.70985
   90.00  -66.77       -0.16705       -0.87787
  102.00  -66.77        0.00453       -0.20529
  114.00  -66.77       -0.04882        0.20730
  126.00  -66.77       -0.17469        0.36697
  138.00  -66.77       -0.26892        0.34890
  150.00  -66.77       -0.28569        0.24022
  162.00  -66.77       -0.22514        0.11765
  174.00  -66.77       -0.11263        0.03056
 -174.00  -60.97        0.21962       -0.00972
 -162.00  -60.97        0.33324        0.05837
 -150.00  -60.97        0.42333        0.17414
 -138.00  -60.97        0.49588        0.34372
 -126.00  -60.97        0.54971        0.58737
 -114.00  -60.97        0.56981        0.94454
 -102.00  -60.97        0.51263        1.46769
  -90.00  -60.97        0.29225        2.19198
  -78.00  -60.97       -0.21482        3.11137
  -66.00  -60.97       -1.13650        4.12459
  -54.00  -60.97       -2.54188        5.02259
  -42.00  -60.97       -4.36692        5.52372
  -30.00  -60.97       -6.37101        5.36326
  -18.00  -60.97       -8.18042        4.42007
   -6.00  -60.97       -9.40453        2.79278
    6.00  -60.97       -9.76495        0.78233
   18.00  -60.97       -9.17733       -1.20030
   30.00  -60.97       -7.76713       -2.75136
   42.00  -60.97       -5.83742       -3.58228
   54.00  -60.97       -3.79528       -3.60343
   66.00  -60.97       -2.03475       -2.95393
   78.00  -60.97       -0.81260       -1.94597
   90.00  -60.97       -0.17791       -0.93388
  102.00  -60.97        0.00341       -0.17249
  114.00  -60.97       -0.05614        0.24066
  126.00  -60.97       -0.16547        0.34916
  138.00  -60.97       -0.21232        0.27640
  150.00  -60.97       -0.16712        0.14023
  162.00  -60.97       -0.05474        0.02851
  174.00  -60.97        0.08434       -0.02232
 -174.00  -55.16        0.46392       -0.01857
 -162.00  -55.16        0.53132        0.09693
 -150.00  -55.16        0.56081        0.23579
 -138.00  -55.16        0.56652        0.39897
 -126.00  -55.16        0.56054        0.60903
 -114.00  -55.16        0.53851        0.90851
 -102.00  -55.16        0.46835        1.36949
  -90.00  -55.16        0.26564        2.06332
  -78.00  -55.16       -0.21458        3.02610
  -66.00  -55.16       -1.14668        4.17997
  -54.00  -55.16       -2.65484        5.29655
  -42.00  -55.16       -4.69424        6.01319
  -30.00  -55.16       -6.98478        5.96848
  -18.00  -55.16       -9.06732        4.98578
   -6.00  -55.16      -10.47273        3.17998
    6.00  -55.16      -10.90100        0.91672
   18.00  -55.16      -10.28535       -1.33163
   30.00  -55.16       -8.75810       -3.11470
   42.00  -55.16       -6.61890       -4.09093
   54.00  -55.16       -4.30751       -4.12433
   66.00  -55.16       -2.29482       -3.36121
   78.00  -55.16       -0.90326       -2.18318
   90.00  -55.16       -0.19436       -1.03445
  102.00  -55.16        0.00457       -0.22537
  114.00  -55.16       -0.03742        0.16063
  126.00  -55.16       -0.10086        0.21259
  138.00  -55.16       -0.07755        0.10114
  150.00  -55.16        0.03787       -0.03215
  162.00  -55.16        0.19702       -0.10192
  174.00  -55.16        0.35002       -0.09306
 -174.00  -49.35        0.68601       -0.02262
 -162.00  -49.35        0.70236        0.13210
 -150.00  -49.35        0.67618        0.28989
 -138.00  -49.35        0.62267        0.44496
 -126.00  -49.35        0.55918        0.61600
 -114.00  -49.35        0.49267        0.84326
 -102.00  -49.35        0.40654        1.20776
  -90.00  -49.35        0.22867        1.81447
  -78.00  -49.35       -0.19390        2.74845
  -66.00  -49.35       -1.07561        3.97599
  -54.00  -49.35       -2.59352        5.26130
  -42.00  -49.35       -4.72535        6.16697
  -30.00  -49.35       -7.14572        6.23218
  -18.00  -49.35       -9.29829        5.23106
   -6.00  -49.35      -10.67158        3.33051
    6.00  -49.35      -11.03962        0.97774
   18.00  -49.35      -10.44061       -1.34582
   30.00  -49.35       -9.00524       -3.23411
   42.00  -49.35       -6.92635       -4.33697
   54.00  -49.35       -4.56911       -4.43904
   66.00  -49.35       -2.44360       -3.63762
   78.00  -49.35       -0.95894       -2.36136
   90.00  -49.35       -0.20753       -1.13669
  102.00  -49.35        0.00801       -0.32344
  114.00  -49.35       -0.00242        0.01076
  126.00  -49.35       -0.00347        0.00689
  138.00  -49.35        0.09687       -0.12469
  150.00  -49.35        0.27562       -0.22978
  162.00  -49.35        0.46502       -0.23865
  174.00  -49.35        0.61008       -0.15893
 -174.00  -43.55        0.84692       -0.02313
 -162.00  -43.55        0.81511        0.15814
 -150.00  -43.55        0.74183        0.32266
 -138.00  -43.55        0.64580        0.46691
 -126.00  -43.55        0.53820        0.59895
 -114.00  -43.55        0.43258        0.74788
 -102.00  -43.55        0.33081        0.99162
  -90.00  -43.55        0.18352        1.46100
  -78.00  -43.55       -0.15513        2.29369
  -66.00  -43.55       -0.92744        3.51706
  -54.00  -43.55       -2.35756        4.90340
  -42.00  -43.55       -4.44305        5.94845
  -30.00  -43.55       -6.78459        6.07895
  -18.00  -43.55       -8.70894        5.04406
   -6.00  -43.55       -9.70657        3.13185
    6.00  -43.55       -9.77097        0.91508
   18.00  -43.55       -9.20534       -1.18910
   30.00  -43.55       -8.14486       -2.97356
   42.00  -43.55       -6.51556       -4.16172
   54.00  -43.55       -4.44480       -4.41341
   66.00  -43.55       -2.41811       -3.68747
   78.00  -43.55       -0.94937       -2.40849
   90.00  -43.55       -0.20617       -1.18471
  102.00  -43.55        0.01348       -0.41708
  114.00  -43.55        0.03844       -0.15804
  126.00  -43.55        0.10395       -0.21543
  138.00  -43.55        0.27506       -0.35082
  150.00  -43.55        0.49946       -0.41097
  162.00  -43.55        0.69569       -0.35176
  174.00  -43.55        0.81303       -0.20552
 -174.00  -37.74        0.90941       -0.01945
 -162.00  -37.74        0.83979        0.16921
 -150.00  -37.74        0.74418        0.32733
 -138.00  -37.74        0.62883        0.45801
 -126.00  -37.74        0.49661        0.55576
 -114.00  -37.74        0.36196        0.62857
 -102.00  -37.74        0.24620        0.73834
  -90.00  -37.74        0.13188        1.03032
  -78.00  -37.74       -0.10490        1.69595
  -66.00  -37.74       -0.71845        2.83550
  -54.00  -37.74       -1.97499        4.25161
  -42.00  -37.74       -3.87751        5.36942
  -30.00  -37.74       -5.91908        5.48922
  -18.00  -37.74       -7.25622        4.35710
   -6.00  -37.74       -7.39734        2.48441
    6.00  -37.74       -6.76109        0.67328
   18.00  -37.74       -6.18397       -0.80618
   30.00  -37.74       -5.84706       -2.18589
   42.00  -37.74       -5.17636       -3.39823
   54.00  -37.74       -3.81637       -3.90536
   66.00  -37.74       -2.15856       -3.40426
   78.00  -37.74       -0.85012       -2.24925
   90.00  -37.74       -0.18028       -1.11691
  102.00  -37.74        0.01940       -0.45424
  114.00  -37.74        0.07454       -0.29491
  126.00  -37.74        0.20046       -0.40601
  138.00  -37.74        0.42675       -0.53479
  150.00  -37.74        0.67314       -0.54355
  162.00  -37.74        0.85175       -0.42120
  174.00  -37.74        0.92553       -0.22575
 -174.00  -31.94        0.86954       -0.01109
 -162.00  -31.94        0.77830        0.15967
 -150.00  -31.94        0.68242        0.30242
 -138.00  -31.94        0.57400        0.41897
 -126.00  -31.94        0.43880        0.49107
 -114.00  -31.94        0.28690        0.49711
 -102.00  -31.94        0.15843        0.47069
  -90.00  -31.94        0.07462        0.55831
  -78.00  -31.94       -0.05300        1.00329
  -66.00  -31.94       -0.47622        1.99039
  -54.00  -31.94       -1.49722        3.37465
  -42.00  -31.94       -3.11631        4.50642
  -30.00  -31.94       -4.67665        4.52768
  -18.00  -31.94       -5.05579        3.17372
   -6.00  -31.94       -3.75677        1.32387
    6.00  -31.94       -1.86014        0.19819
   18.00  -31.94       -1.12254       -0.14904
   30.00  -31.94       -1.87795       -0.72529
   42.00  -31.94       -2.76247       -1.88055
   54.00  -31.94       -2.61447       -2.78297
   66.00  -31.94       -1.62956       -2.68817
   78.00  -31.94       -0.64638       -1.81040
   90.00  -31.94       -0.12674       -0.87733
  102.00  -31.94        0.02192       -0.38752
  114.00  -31.94        0.09521       -0.35673
  126.00  -31.94        0.26839       -0.52688
  138.00  -31.94        0.52922       -0.64655
  150.00  -31.94        0.77272       -0.60797
  162.00  -31.94        0.91235       -0.43777
  174.00  -31.94        0.93177       -0.21734
 -174.00  -26.13        0.73451       -0.00320
 -162.00  -26.13        0.63950        0.13378
 -150.00  -26.13        0.56615        0.25209
 -138.00  -26.13        0.49084        0.35693
 -126.00  -26.13        0.37313        0.41481
 -114.00  -26.13        0.21489        0.36869
 -102.00  -26.13        0.07330        0.21349
  -90.00  -26.13        0.01210        0.08424
  -78.00  -26.13       -0.01089        0.27146
  -66.00  -26.13       -0.23417        1.05904
  -54.00  -26.13       -0.99305        2.37711
  -42.00  -26.13       -2.29590        3.50627
  -30.00  -26.13       -3.29055        3.36054
  -18.00  -26.13       -2.44011        1.61679
   -6.00  -26.13        0.88845       -0.33163
    6.00  -26.13        4.75108       -0.54607
   18.00  -26.13        5.94716        0.81107
   30.00  -26.13        3.77561        1.52085
   42.00  -26.13        0.73223        0.52206
   54.00  -26.13       -0.83885       -0.93946
   66.00  -26.13       -0.83795       -1.46463
   78.00  -26.13       -0.34201       -1.03427
   90.00  -26.13       -0.05242       -0.42519
  102.00  -26.13        0.01364       -0.18270
  114.00  -26.13        0.09003       -0.31507
  126.00  -26.13        0.29450       -0.55522
  138.00  -26.13        0.56855       -0.67143
  150.00  -26.13        0.78712       -0.59852
  162.00  -26.13        0.87238       -0.40248
  174.00  -26.13        0.83222       -0.18409
 -174.00  -20.32        0.51983        0.00205
 -162.00  -20.32        0.44033        0.09441
 -150.00  -20.32        0.41648        0.18391
 -138.00  -20.32        0.39349        0.28387
 -126.00  -20.32        0.31035        0.34020
 -114.00  -20.32        0.15394        0.25917
 -102.00  -20.32       -0.00378       -0.01043
  -90.00  -20.32       -0.05538       -0.35559
  -78.00  -20.32        0.01030       -0.44421
  -66.00  -20.32       -0.02453        0.12328
  -54.00  -20.32       -0.53662        1.38809
  -42.00  -20.32       -1.57313        2.57306
  -30.00  -20.32       -2.08864        2.27780
  -18.00  -20.32        0.03198       -0.02278
   -6.00  -20.32        5.83920       -2.33256
    6.00  -20.32       12.44078       -1.55724
   18.00  -20.32       14.58069        2.06684
   30.00  -20.32       10.81821        4.59866
   42.00  -20.32        5.10775        3.86391
   54.00  -20.32        1.39696        1.66806
   66.00  -20.32        0.16004        0.30161
   78.00  -20.32        0.03094        0.10304
   90.00  -20.32        0.02489        0.25669
  102.00  -20.32       -0.01699        0.17265
  114.00  -20.32        0.04983       -0.16095
  126.00  -20.32        0.27114       -0.48619
  138.00  -20.32        0.54025       -0.61115
  150.00  -20.32        0.71786       -0.52274
  162.00  -20.32        0.74029       -0.32562
  174.00  -20.32        0.64494       -0.13271
 -174.00  -14.52        0.26338        0.00368
 -162.00  -14.52        0.21762        0.04654
 -150.00  -14.52        0.25529        0.11177
 -138.00  -14.52        0.30041        0.21319
 -126.00  -14.52        0.26180        0.28133
 -114.00  -14.52        0.11145        0.18225
 -102.00  -14.52       -0.06824       -0.18406
  -90.00  -14.52       -0.12734       -0.73434
  -78.00  -14.52        0.00199       -1.09922
  -66.00  -14.52        0.12733       -0.74546
  -54.00  -14.52       -0.18707        0.53457
  -42.00  -14.52       -1.09182        1.94633
  -30.00  -14.52       -1.42612        1.68596
  -18.00  -14.52        1.63159       -1.24970
   -6.00  -14.52        9.96949       -4.32147
    6.00  -14.52       19.96475       -2.75494
   18.00  -14.52       23.72913        3.54556
   30.00  -14.52       18.50758        8.42112
   42.00  -14.52        9.91382        8.07271
   54.00  -14.52        3.84841        4.98349
   66.00  -14.52        1.24567        2.57951
   78.00  -14.52        0.41276        1.57995
   90.00  -14.52        0.07615        1.15169
  102.00  -14.52       -0.08412        0.66361
  114.00  -14.52       -0.03148        0.09298
  126.00  -14.52        0.19755       -0.33357
  138.00  -14.52        0.44974       -0.48269
  150.00  -14.52        0.57789       -0.39938
  162.00  -14.52        0.53782       -0.22309
  174.00  -14.52        0.39604       -0.07482
 -174.00   -8.71       -0.00484       -0.00015
 -162.00   -8.71       -0.00282       -0.00035
 -150.00   -8.71        0.10975        0.04790
 -138.00   -8.71        0.23098        0.15936
 -126.00   -8.71        0.23878        0.24973
 -114.00   -8.71        0.09292        0.14661
 -102.00   -8.71       -0.11727       -0.29979
  -90.00   -8.71       -0.20355       -1.04013
  -78.00   -8.71       -0.04078       -1.67079
  -66.00   -8.71        0.20754       -1.50413
  -54.00   -8.71        0.02838       -0.09247
  -42.00   -8.71       -0.93219        1.85184
  -30.00   -8.71       -1.57740        2.06167
  -18.00   -8.71        1.58599       -1.33929
   -6.00   -8.71       11.82477       -5.65544
    6.00   -8.71       25.46302       -3.93242
   18.00   -8.71       31.67225        5.07591
   30.00   -8.71       25.59212       12.68729
   42.00   -8.71       14.40682       12.86900
   54.00   -8.71        6.14720        8.81671
   66.00   -8.71        2.24117        5.24854
   78.00   -8.71        0.72155        3.31915
   90.00   -8.71        0.06462        2.20205
  102.00   -8.71       -0.20060        1.24690
  114.00   -8.71       -0.15442        0.41288
  126.00   -8.71        0.08118       -0.12768
  138.00   -8.71        0.31224       -0.31500
  150.00   -8.71        0.39107       -0.25422
  162.00   -8.71        0.29755       -0.11448
  174.00   -8.71        0.12159       -0.02108
 -174.00   -2.90       -0.23774       -0.00795
 -162.00   -2.90       -0.17874       -0.03903
 -150.00   -2.90        0.01084        0.00396
 -138.00   -2.90        0.20088        0.13539
 -126.00   -2.90        0.25114        0.25248
 -114.00   -2.90        0.10115        0.15306
 -102.00   -2.90       -0.15135       -0.36204
  -90.00   -2.90       -0.28560       -1.28010
  -78.00   -2.90       -0.12092       -2.16625
  -66.00   -2.90        0.21457       -2.15774
  -54.00   -2.90        0.12266       -0.47604
  -42.00   -2.90       -1.05995        2.42045
  -30.00   -2.90       -2.60237        3.85639
  -18.00   -2.90       -0.63069        0.60062
   -6.00   -2.90        9.93675       -5.35841
    6.00   -2.90       26.62344       -4.69498
   18.00   -2.90       36.06388        6.34089
   30.00   -2.90       30.37354       16.78577
   42.00   -2.90       17.62775       17.70410
   54.00   -2.90        7.83062       12.80281
   66.00   -2.90        2.93820        8.09098
   78.00   -2.90        0.86444        5.17967
   90.00   -2.90       -0.04483        3.30985
  102.00   -2.90       -0.37259        1.85392
  114.00   -2.90       -0.31115        0.74742
  126.00   -2.90       -0.06137        0.08947
  138.00   -2.90        0.15258       -0.14364
  150.00   -2.90        0.19142       -0.11542
  162.00   -2.90        0.05726       -0.02046
  174.00   -2.90       -0.13237        0.02027
 -174.00    2.90       -0.39552       -0.01727
 -162.00    2.90       -0.27782       -0.06063
 -150.00    2.90       -0.02161       -0.00846
 -138.00    2.90        0.22696        0.14709
 -126.00    2.90        0.30269        0.29156
 -114.00    2.90        0.13507        0.19305
 -102.00    2.90       -0.17577       -0.38904
  -90.00    2.90       -0.37990       -1.48217
  -78.00    2.90       -0.24396       -2.62722
  -66.00    2.90        0.15211       -2.77345
  -54.00    2.90        0.14378       -0.71438
  -42.00    2.90       -1.30780        3.59063
  -30.00    2.90       -4.19526        7.30678
  -18.00    2.90       -4.90579        5.43974
   -6.00    2.90        3.45249       -2.16268
    6.00    2.90       21.33475       -4.41494
   18.00    2.90       34.40690        6.84530
   30.00    2.90       30.99606       19.70448
   42.00    2.90       18.58878       21.71924
   54.00    2.90        8.44786       16.40475
   66.00    2.90        3.13925       10.79423
   78.00    2.90        0.76090        6.96402
   90.00    2.90       -0.27335        4.34609
  102.00    2.90       -0.59385        2.39831
  114.00    2.90       -0.48318        1.03560
  126.00    2.90       -0.20399        0.27177
  138.00    2.90        0.00471       -0.00417
  150.00    2.90        0.01824       -0.00993
  162.00    2.90       -0.13696        0.04390
  174.00    2.90       -0.32505        0.04201
 -174.00    8.71       -0.44156       -0.02401
 -162.00    8.71       -0.27183       -0.05879
 -150.00    8.71        0.03626        0.01435
 -138.00    8.71        0.31704        0.19626
 -126.00    8.71        0.39211        0.35995
 -114.00    8.71        0.18596        0.24953
 -102.00    8.71       -0.20246       -0.41214
  -90.00    8.71       -0.50122       -1.69397
  -78.00    8.71       -0.42573       -3.12813
  -66.00    8.71        0.01294       -3.48312
  -54.00    8.71        0.14432       -1.04915
  -42.00    8.71       -1.41037        5.00380
  -30.00    8.71       -5.62712       12.16508
  -18.00    8.71      -10.06178       13.61265
   -6.00    8.71       -6.80615        5.16909
    6.00    8.71        9.05243       -2.28778
   18.00    8.71       25.22745        5.93875
   30.00    8.71       26.23309       20.07960
   42.00    8.71       16.64337       23.80792
   54.00    8.71        7.71657       18.97614
   66.00    8.71        2.72009       12.98575
   78.00    8.71        0.37206        8.44457
   90.00    8.71       -0.61601        5.16803
  102.00    8.71       -0.84125        2.78993
  114.00    8.71       -0.64061        1.21830
  126.00    8.71       -0.31208        0.37799
  138.00    8.71       -0.09253        0.07366
  150.00    8.71       -0.08602        0.04301
  162.00    8.71       -0.24020        0.06917
  174.00    8.71       -0.40929        0.04408
 -174.00   14.52       -0.34311       -0.02237
 -162.00   14.52       -0.13698       -0.02991
 -150.00   14.52        0.19113        0.07336
 -138.00   14.52        0.46748        0.27742
 -126.00   14.52        0.51106        0.44210
 -114.00   14.52        0.23599        0.29692
 -102.00   14.52       -0.25348       -0.47188
  -90.00   14.52       -0.67626       -1.97705
  -78.00   14.52       -0.70116       -3.76686
  -66.00   14.52       -0.24391       -4.46949
  -54.00   14.52        0.12260       -1.85880
  -42.00   14.52       -1.12824        5.93604
  -30.00   14.52       -5.90609       17.40443
  -18.00   14.52      -13.69639       24.42425
   -6.00   14.52      -17.29960       17.07358
    6.00   14.52       -7.22165        2.37697
   18.00   14.52       10.00944        2.99470
   30.00   14.52       16.65940       16.53010
   42.00   14.52       12.02035       22.92181
   54.00   14.52        5.69472       19.91871
   66.00   14.52        1.69648       14.31754
   78.00   14.52       -0.27516        9.40725
   90.00   14.52       -1.03375        5.64705
  102.00   14.52       -1.07398        2.95430
  114.00   14.52       -0.74450        1.25140
  126.00   14.52       -0.34745        0.38033
  138.00   14.52       -0.10116        0.07237
  150.00   14.52       -0.07990        0.03635
  162.00   14.52       -0.21589        0.05380
  174.00   14.52       -0.35165        0.02997
 -174.00   20.32       -0.09480       -0.00723
 -162.00   20.32        0.12310        0.02679
 -150.00   20.32        0.43565        0.16213
 -138.00   20.32        0.66795        0.37527
 -126.00   20.32        0.63561        0.51779
 -114.00   20.32        0.25912        0.30240
 -102.00   20.32       -0.36298       -0.61260
  -90.00   20.32       -0.94710       -2.39570
  -78.00   20.32       -1.13121       -4.64511
  -66.00   20.32       -0.71594       -5.92941
  -54.00   20.32       -0.05189       -3.59677
  -42.00   20.32       -0.47070        5.34925
  -30.00   20.32       -4.28238       21.05148
  -18.00   20.32      -12.89470       35.28466
   -6.00   20.32      -21.77121       31.84939
    6.00   20.32      -19.44142        9.41246
   18.00   20.32       -4.82720       -2.09420
   30.00   20.32        5.78662        8.56901
   42.00   20.32        6.17683       18.67633
   54.00   20.32        2.88185       18.97117
   66.00   20.32        0.25137       14.58892
   78.00   20.32       -1.08111        9.71321
   90.00   20.32       -1.45581        5.70489
  102.00   20.32       -1.23977        2.85386
  114.00   20.32       -0.75469        1.11829
  126.00   20.32       -0.27730        0.27194
  138.00   20.32        0.01040       -0.00686
  150.00   20.32        0.06322       -0.02519
  162.00   20.32       -0.03576        0.00784
  174.00   20.32       -0.13432        0.00806
 -174.00   26.13        0.29719        0.02620
 -162.00   26.13        0.49542        0.10632
 -150.00   26.13        0.74830        0.26710
 -138.00   26.13        0.88408        0.47144
 -126.00   26.13        0.73206        0.55957
 -114.00   26.13        0.21675        0.23310
 -102.00   26.13       -0.57450       -0.87628
  -90.00   26.13       -1.37099       -3.00176
  -78.00   26.13       -1.80359       -5.83826
  -66.00   26.13       -1.56689       -8.01084
  -54.00   26.13       -0.69600       -6.65599
  -42.00   26.13        0.05470        2.14643
  -30.00   26.13       -1.09322       20.47060
  -18.00   26.13       -6.27226       41.49329
   -6.00   26.13      -14.38976       44.39747
    6.00   26.13      -17.18674       16.77850
   18.00   26.13       -9.27889       -8.15958
   30.00   26.13       -0.61231       -1.99414
   42.00   26.13        1.42110       12.16430
   54.00   26.13        0.06276       16.53512
   66.00   26.13       -1.31939       13.87850
   78.00   26.13       -1.89930        9.36523
   90.00   26.13       -1.79870        5.34851
  102.00   26.13       -1.29051        2.50590
  114.00   26.13       -0.64382        0.83879
  126.00   26.13       -0.08419        0.07305
  138.00   26.13        0.25386       -0.14425
  150.00   26.13        0.35035       -0.12225
  162.00   26.13        0.29855       -0.05291
  174.00   26.13        0.24133       -0.00887
 -174.00   31.94        0.78365        0.07917
 -162.00   31.94        0.92691        0.20008
 -150.00   31.94        1.07388        0.37138
 -138.00   31.94        1.06836        0.54046
 -126.00   31.94        0.75500        0.53848
 -114.00   31.94        0.06020        0.06055
 -102.00   31.94       -0.93762       -1.29166
  -90.00   31.94       -2.01158       -3.81814
  -78.00   31.94       -2.82049       -7.35872
  -66.00   31.94       -3.00547      -10.72997
  -54.00   31.94       -2.29573      -11.16407
  -42.00   31.94       -0.65655       -4.32810
  -30.00   31.94        1.51059       13.41122
  -18.00   31.94        3.20469       37.70727
   -6.00   31.94        3.32595       47.06276
    6.00   31.94        2.35848       20.37647
   18.00   31.94        1.84541      -12.35459
   30.00   31.94        0.99862      -10.35145
   42.00   31.94       -0.74583        6.30661
   54.00   31.94       -2.19773       13.79430
   66.00   31.94       -2.76365       12.61055
   78.00   31.94       -2.60210        8.54710
   90.00   31.94       -2.00287        4.68978
  102.00   31.94       -1.20668        1.99060
  114.00   31.94       -0.41392        0.47252
  126.00   31.94        0.22022       -0.16969
  138.00   31.94        0.60819       -0.30393
  150.00   31.94        0.75782       -0.22423
  162.00   31.94        0.75557       -0.10632
  174.00   31.94        0.73122       -0.00966
 -174.00   37.74        1.28746        0.14819
 -162.00   37.74        1.34211        0.29309
 -150.00   37.74        1.34539        0.45094
 -138.00   37.74        1.15819        0.55545
 -126.00   37.74        0.64436        0.43110
 -114.00   37.74       -0.25774       -0.23605
 -102.00   37.74       -1.50078       -1.86259
  -90.00   37.74       -2.92140       -4.82170
  -78.00   37.74       -4.26562       -9.12180
  -66.00   37.74       -5.21601      -13.88994
  -54.00   37.74       -5.35069      -16.76489
  -42.00   37.74       -4.00021      -13.66024
  -30.00   37.74       -0.08761       -0.29501
  -18.00   37.74        7.50927       21.62793
   -6.00   37.74       17.65441       34.63465
    6.00   37.74       23.38422       16.62210
   18.00   37.74       17.48065      -11.51711
   30.00   37.74        5.82180      -10.87010
   42.00   37.74       -1.74112        4.64286
   54.00   37.74       -4.15895       12.30311
   66.00   37.74       -4.07096       11.44834
   78.00   37.74       -3.16556        7.59637
   90.00   37.74       -2.07684        3.93376
  102.00   37.74       -1.02282        1.44226
  114.00   37.74       -0.11192        0.11163
  126.00   37.74        0.58010       -0.39266
  138.00   37.74        1.01465       -0.43788
  150.00   37.74        1.21602       -0.29888
  162.00   37.74        1.26504       -0.13002
  174.00   37.74        1.26315        0.01574
 -174.00   43.55        1.69647        0.22292
 -162.00   43.55        1.63719        0.36595
 -150.00   43.55        1.46800        0.48232
 -138.00   43.55        1.07424        0.49372
 -126.00   43.55        0.34649        0.21775
 -114.00   43.55       -0.77788       -0.65881
 -102.00   43.55       -2.29111       -2.56287
  -90.00   43.55       -4.11670       -5.92908
  -78.00   43.55       -6.15034      -10.92678
  -66.00   43.55       -8.23735      -17.04048
  -54.00   43.55      -10.06357      -22.50646
  -42.00   43.55      -10.82700      -23.98222
  -30.00   43.55       -8.79387      -17.42473
  -18.00   43.55       -1.49937       -2.33509
   -6.00   43.55       11.03965       10.95859
    6.00   43.55       20.25524        6.87198
   18.00   43.55       15.24789       -5.27174
   30.00   43.55        2.28291       -2.27229
   42.00   43.55       -5.57959        8.55345
   54.00   43.55       -6.91602       12.99728
   66.00   43.55       -5.53446       10.97415
   78.00   43.55       -3.71554        6.88686
   90.00   43.55       -2.12343        3.32381
  102.00   43.55       -0.84004        1.01898
  114.00   43.55        0.16168       -0.14110
  126.00   43.55        0.89360       -0.52857
  138.00   43.55        1.36892       -0.50109
  150.00   43.55        1.61809       -0.31674
  162.00   43.55        1.70868       -0.11144
  174.00   43.55        1.71816        0.06781
 -174.00   49.35        1.87268        0.28333
 -162.00   49.35        1.68992        0.39464
 -150.00   49.35        1.34637        0.44070
 -138.00   49.35        0.75325        0.33400
 -126.00   49.35       -0.17928       -0.10739
 -114.00   49.35       -1.51601       -1.18807
 -102.00   49.35       -3.29037       -3.33301
  -90.00   49.35       -5.54290       -6.99674
  -78.00   49.35       -8.35029      -12.46852
  -66.00   49.35      -11.82179      -19.52687
  -54.00   49.35      -15.97807      -26.98487
  -42.00   49.35      -20.40855      -32.33256
  -30.00   49.35      -23.75095      -32.09518
  -18.00   49.35      -23.58833      -24.10640
   -6.00   49.35      -18.54387      -11.68139
    6.00   49.35      -12.54359       -2.52781
   18.00   49.35      -12.02302        2.88895
   30.00   49.35      -14.79961        9.93610
   42.00   49.35      -14.61987       15.45855
   54.00   49.35      -11.32293       15.31670
   66.00   49.35       -7.50165       11.30370
   78.00   49.35       -4.46300        6.64978
   90.00   49.35       -2.31297        3.05085
  102.00   49.35       -0.80833        0.85193
  114.00   49.35        0.26624       -0.20438
  126.00   49.35        1.02708       -0.52621
  138.00   49.35        1.53197       -0.46730
  150.00   49.35        1.82398       -0.26580
  162.00   49.35        1.94792       -0.05007
  174.00   49.35        1.95423        0.13473
 -174.00   55.16        1.69708        0.30012
 -162.00   55.16        1.40380        0.35060
 -150.00   55.16        0.91098        0.30328
 -138.00   55.16        0.15343        0.06689
 -126.00   55.16       -0.93813       -0.53450
 -114.00   55.16       -2.43103       -1.78720
 -102.00   55.16       -4.41427       -4.08057
  -90.00   55.16       -7.03879       -7.84311
  -78.00   55.16      -10.55796      -13.39497
  -66.00   55.16      -15.35189      -20.65902
  -54.00   55.16      -21.81532      -28.81392
  -42.00   55.16      -30.06677      -35.92252
  -30.00   55.16      -39.41011      -38.96155
  -18.00   55.16      -47.82537      -34.83655
   -6.00   55.16      -52.40512      -22.83054
    6.00   55.16      -51.36700       -6.41078
   18.00   55.16      -45.38918        8.79932
   30.00   55.16      -36.18656       18.42304
   42.00   55.16      -25.82476       20.75678
   54.00   55.16      -16.63870       17.46348
   66.00   55.16       -9.90110       11.95411
   78.00   55.16       -5.51179        6.83467
   90.00   55.16       -2.78347        3.16319
  102.00   55.16       -1.06393        0.98999
  114.00   55.16        0.07097       -0.04913
  126.00   55.16        0.84944       -0.37581
  138.00   55.16        1.37194       -0.33890
  150.00   55.16        1.68999       -0.16306
  162.00   55.16        1.83703        0.03005
  174.00   55.16        1.83618        0.18932
 -174.00   60.97        1.09457        0.23335
 -162.00   60.97        0.72857        0.20358
 -150.00   60.97        0.14593        0.05232
 -138.00   60.97       -0.69694       -0.31075
 -126.00   60.97       -1.85519       -1.04661
 -114.00   60.97       -3.40834       -2.40172
 -102.00   60.97       -5.48867       -4.69972
  -90.00   60.97       -8.32351       -8.29070
  -78.00   60.97      -12.28973      -13.41338
  -66.00   60.97      -17.91734      -19.97471
  -54.00   60.97      -25.77990      -27.27162
  -42.00   60.97      -36.20580      -33.66964
  -30.00   60.97      -48.70701      -36.57701
  -18.00   60.97      -61.26063      -33.07540
   -6.00   60.97      -70.08322      -21.74748
    6.00   60.97      -71.06966       -4.99966
   18.00   60.97      -62.83498       10.99274
   30.00   60.97      -48.43083       20.35337
   42.00   60.97      -33.09368       21.71302
   54.00   60.97      -20.58949       17.79336
   66.00   60.97      -11.98758       12.16770
   78.00   60.97       -6.65104        7.13261
   90.00   60.97       -3.49700        3.53573
  102.00   60.97       -1.62489        1.37170
  114.00   60.97       -0.46203        0.28432
  126.00   60.97        0.30469       -0.11859
  138.00   60.97        0.82034       -0.15835
  150.00   60.97        1.14090       -0.05174
  162.00   60.97        1.28987        0.08176
  174.00   60.97        1.27578        0.18538
 -174.00   66.77        0.14037        0.03783
 -162.00   66.77       -0.24103       -0.08027
 -150.00   66.77       -0.82714       -0.33220
 -138.00   66.77       -1.64957       -0.80052
 -126.00   66.77       -2.75815       -1.61843
 -114.00   66.77       -4.23864       -2.97600
 -102.00   66.77       -6.24272       -5.10558
  -90.00   66.77       -9.02885       -8.22395
  -78.00   66.77      -12.98753      -12.41785
  -66.00   66.77      -18.60772      -17.48785
  -54.00   66.77      -26.34939      -22.74468
  -42.00   66.77      -36.34597      -26.83609
  -30.00   66.77      -47.91727      -27.85121
  -18.00   66.77      -59.07411      -23.91920
   -6.00   66.77      -66.54106      -14.47312
    6.00   66.77      -67.05770       -1.56866
   18.00   66.77      -59.66745       10.45521
   30.00   66.77      -46.85370       17.62057
   42.00   66.77      -32.88864       18.87795
   54.00   66.77      -21.09806       15.97537
   66.00   66.77      -12.69140       11.46734
   78.00   66.77       -7.33495        7.18492
   90.00   66.77       -4.14538        3.94267
  102.00   66.77       -2.28834        1.85701
  114.00   66.77       -1.18216        0.70227
  126.00   66.77       -0.48815        0.17327
  138.00   66.77       -0.03505        0.00481
  150.00   66.77        0.24555        0.00247
  162.00   66.77        0.37091        0.04565
  174.00   66.77        0.33913        0.06943
 -174.00   72.58       -0.86277       -0.32882
 -162.00   72.58       -1.20246       -0.53487
 -150.00   72.58       -1.70686       -0.87194
 -138.00   72.58       -2.40381       -1.40825
 -126.00   72.58       -3.34174       -2.23978
 -114.00   72.58       -4.60759       -3.48629
 -102.00   72.58       -6.34909       -5.26727
  -90.00   72.58       -8.79032       -7.65072
  -78.00   72.58      -12.22100      -10.57680
  -66.00   72.58      -16.93987      -13.76308
  -54.00   72.58      -23.12526      -16.61115
  -42.00   72.58      -30.61250      -18.19625
  -30.00   72.58      -38.63586      -17.45863
  -18.00   72.58      -45.70418      -13.64745
   -6.00   72.58      -49.86411       -6.92141
    6.00   72.58      -49.50878        1.28519
   18.00   72.58      -44.37596        8.67774
   30.00   72.58      -35.88383       13.27421
   42.00   72.58      -26.36716       14.43073
   54.00   72.58      -17.85318       12.87774
   66.00   72.58      -11.35615        9.95346
   78.00   72.58       -6.95171        6.83352
   90.00   72.58       -4.21612        4.20962
  102.00   72.58       -2.61074        2.32294
  114.00   72.58       -1.68839        1.12599
  126.00   72.58       -1.15280        0.44910
  138.00   72.58       -0.83707        0.10891
  150.00   72.58       -0.66316       -0.04686
  162.00   72.58       -0.60654       -0.12805
  174.00   72.58       -0.66914       -0.20633
 -174.00   78.39       -1.24932       -0.88815
 -162.00   78.39       -1.52968       -1.19690
 -150.00   78.39       -1.91710       -1.61091
 -138.00   78.39       -2.44387       -2.17761
 -126.00   78.39       -3.16115       -2.94700
 -114.00   78.39       -4.14743       -3.96197
 -102.00   78.39       -5.51298       -5.23800
  -90.00   78.39       -7.39325       -6.73295
  -78.00   78.39       -9.92308       -8.31196
  -66.00   78.39      -13.18462       -9.71826
  -54.00   78.39      -17.12720      -10.57215
  -42.00   78.39      -21.47642      -10.43004
  -30.00   78.39      -25.68078       -8.92267
  -18.00   78.39      -28.96249       -5.94672
   -6.00   78.39      -30.51656       -1.82402
    6.00   78.39      -29.82007        2.69412
   18.00   78.39      -26.89987        6.65139
   30.00   78.39      -22.37023        9.25866
   42.00   78.39      -17.18565       10.19323
   54.00   78.39      -12.26316        9.64511
   66.00   78.39       -8.20330        8.12661
   78.00   78.39       -5.22160        6.21012
   90.00   78.39       -3.24189        4.34228
  102.00   78.39       -2.04241        2.77711
  114.00   78.39       -1.37701        1.59685
  126.00   78.39       -1.04345        0.77209
  138.00   78.39       -0.90421        0.22200
  150.00   78.39       -0.87992       -0.14492
  162.00   78.39       -0.93361       -0.41054
  174.00   78.39       -1.05511       -0.64088
 -174.00   84.19        0.10459       -1.60907
 -162.00   84.19       -0.20072       -2.10524
 -150.00   84.19       -0.58490       -2.63369
 -138.00   84.19       -1.07660       -3.21084
 -126.00   84.19       -1.71383       -3.83999
 -114.00   84.19       -2.54085       -4.50534
 -102.00   84.19       -3.60154       -5.16523
  -90.00   84.19       -4.92779       -5.74661
  -78.00   84.19       -6.52277       -6.14453
  -66.00   84.19       -8.34134       -6.23074
  -54.00   84.19      -10.27308       -5.87522
  -42.00   84.19      -12.13699       -4.98057
  -30.00   84.19      -13.69716       -3.52252
  -18.00   84.19      -14.70404       -1.58269
   -6.00   84.19      -14.95524        0.64370
    6.00   84.19      -14.35717        2.87712
   18.00   84.19      -12.96211        4.81656
   30.00   84.19      -10.96201        6.21547
   42.00   84.19       -8.63859        6.94110
   54.00   84.19       -6.28998        6.99482
   66.00   84.19       -4.16299        6.49016
   78.00   84.19       -2.41326        5.60389
   90.00   84.19       -1.09931        4.52269
  102.00   84.19       -0.20213        3.40307
  114.00   84.19        0.34385        2.35168
  126.00   84.19        0.62113        1.42388
  138.00   84.19        0.70784        0.63346
  150.00   84.19        0.66619       -0.03355
  162.00   84.19        0.53869       -0.60634
  174.00   84.19        0.34901       -1.11988
