OPTIMAL FLOW WITH TARGET RMS   1.30E+01     LMAX_U  25 LMAX_B  4
  1   0     1.39215E-04      0.00000E+00      5.48913E-04      0.00000E+00
  1   1    -1.00271E-03      4.93892E-04     -2.68822E-04     -9.87087E-04
  2   0     4.49518E-04      0.00000E+00      4.37840E-05      0.00000E+00
  2   1    -1.06771E-03     -1.65085E-04      3.26294E-04     -2.63910E-04
  2   2    -3.95974E-04      2.01873E-04     -4.20717E-04     -1.44302E-04
  3   0     8.63885E-04      0.00000E+00     -2.96150E-04      0.00000E+00
  3   1    -1.61611E-04     -1.10115E-04      2.16490E-04     -3.54351E-04
  3   2    -6.12974E-04     -1.28007E-04      2.15198E-05     -5.93321E-05
  3   3     7.89580E-05      4.15850E-06     -3.80363E-04      6.55707E-05
  4   0     3.36858E-04      0.00000E+00     -3.20053E-04      0.00000E+00
  4   1     2.64102E-04     -1.72935E-05     -1.41533E-04     -2.15006E-04
  4   2    -1.65220E-04      9.46162E-06      2.01149E-04     -2.74019E-04
  4   3    -3.52915E-06     -8.06726E-05     -8.09810E-05     -6.14935E-05
  4   4     1.95676E-04     -8.30472E-05     -2.79148E-04      4.36155E-05
  5   0     2.72734E-04      0.00000E+00     -5.11459E-05      0.00000E+00
  5   1    -1.18993E-05     -7.64188E-05     -2.83823E-04     -1.16660E-05
  5   2    -2.34355E-04      5.32895E-05      7.22279E-05     -1.37670E-04
  5   3     5.32642E-05      1.05600E-04      1.42633E-04     -1.84231E-04
  5   4     2.47611E-04     -1.57216E-05     -9.17058E-05     -7.68840E-05
  5   5     1.51695E-04     -9.14267E-05     -1.85415E-04      1.63227E-05
  6   0     3.24233E-04      0.00000E+00      8.36369E-05      0.00000E+00
  6   1     1.78259E-04     -6.34586E-05     -1.55303E-04      3.09865E-05
  6   2    -3.09289E-04     -7.11140E-05     -8.13672E-05     -1.56083E-05
  6   3    -1.71038E-04      7.17046E-05      1.08490E-04     -1.00190E-04
  6   4     1.62552E-04      1.22659E-04      7.07031E-05     -1.08659E-04
  6   5     2.16120E-04      1.84056E-05     -7.16990E-05     -4.70078E-05
  6   6     1.02016E-04     -5.16209E-05     -9.80040E-05     -9.08895E-06
  7   0     1.47997E-04      0.00000E+00      8.30521E-05      0.00000E+00
  7   1     3.57322E-04      4.08642E-06     -1.79045E-05      1.89249E-05
  7   2    -9.38686E-05     -8.06416E-05     -9.46224E-05      2.10693E-05
  7   3    -2.66855E-04     -5.48530E-05      8.67868E-06     -2.45710E-05
  7   4    -3.84436E-05      7.60804E-05      8.09650E-05     -6.23330E-05
  7   5     1.44538E-04      1.06406E-04      2.67816E-05     -5.44235E-05
  7   6     1.35972E-04      2.81321E-05     -4.45828E-05     -2.97356E-05
  7   7     6.12191E-05     -1.85250E-05     -4.44503E-05     -1.41453E-05
  8   0    -5.25333E-05      0.00000E+00      3.78912E-05      0.00000E+00
  8   1     2.80558E-04      3.28106E-05      3.75395E-05      5.13368E-06
  8   2     1.22401E-04     -1.12329E-05     -4.39336E-05      1.78585E-05
  8   3    -1.58715E-04     -8.33322E-05     -3.59766E-05      4.94644E-06
  8   4    -1.41866E-04     -2.84696E-05      3.11435E-05     -2.11259E-05
  8   5     1.87448E-05      7.18436E-05      4.73639E-05     -3.17378E-05
  8   6     9.32626E-05      7.92604E-05      7.11199E-06     -2.67910E-05
  8   7     7.44725E-05      2.62726E-05     -2.32248E-05     -1.92108E-05
  8   8     3.28022E-05     -2.64414E-06     -1.79307E-05     -1.06838E-05
  9   0    -1.25063E-04      0.00000E+00      3.81461E-06      0.00000E+00
  9   1     9.07131E-05      2.00794E-05      3.43039E-05     -7.02500E-07
  9   2     1.73496E-04      3.50928E-05     -2.27230E-06      8.08659E-06
  9   3    -8.76966E-06     -3.30445E-05     -3.07854E-05      8.88087E-06
  9   4    -1.16048E-04     -6.74009E-05     -5.26576E-06     -2.52935E-06
  9   5    -5.63159E-05     -3.56893E-06      2.73478E-05     -1.21529E-05
  9   6     2.61104E-05      5.88253E-05      2.38442E-05     -1.44143E-05
  9   7     5.08209E-05      5.33648E-05      7.55544E-07     -1.39944E-05
  9   8     3.70669E-05      2.00021E-05     -1.03927E-05     -1.17466E-05
  9   9     1.58988E-05      2.39503E-06     -6.46938E-06     -6.30828E-06
 10   0    -8.90479E-05      0.00000E+00     -8.21004E-06      0.00000E+00
 10   1    -4.16116E-05     -5.68143E-07      1.45820E-05     -1.65652E-06
 10   2     1.05475E-04      3.38910E-05      1.21658E-05      2.02055E-06
 10   3     6.74221E-05      1.60993E-05     -1.18303E-05      5.59989E-06
 10   4    -4.13916E-05     -4.18127E-05     -1.45524E-05      2.26147E-06
 10   5    -6.19121E-05     -4.24298E-05      5.54384E-06     -2.96664E-06
 10   6    -1.72501E-05      1.04560E-05      1.77277E-05     -5.21259E-06
 10   7     1.75990E-05      4.25166E-05      1.08577E-05     -6.44099E-06
 10   8     2.44053E-05      3.33028E-05     -3.75537E-07     -7.68282E-06
 10   9     1.68985E-05      1.33410E-05     -3.97155E-06     -6.62902E-06
 10  10     7.02889E-06      2.86584E-06     -2.03416E-06     -3.24841E-06
 11   0    -2.61341E-05      0.00000E+00     -7.14444E-06      0.00000E+00
 11   1    -7.25410E-05     -9.63424E-06      7.90956E-07     -1.06951E-06
 11   2     2.18000E-05      1.19539E-05      9.88330E-06     -2.87386E-07
 11   3     6.50258E-05      2.96030E-05      6.35151E-07      2.43064E-06
 11   4     1.26909E-05     -3.10449E-06     -9.55809E-06      2.22873E-06
 11   5    -3.28369E-05     -3.60617E-05     -4.47419E-06     -1.98533E-07
 11   6    -2.71779E-05     -2.07868E-05      6.80553E-06     -1.32492E-06
 11   7    -4.12795E-06      1.42739E-05      9.79270E-06     -1.68859E-06
 11   8     8.60041E-06      2.78133E-05      4.68619E-06     -3.06604E-06
 11   9     1.03087E-05      1.95112E-05     -1.54942E-07     -4.23066E-06
 11  10     6.99513E-06      8.05474E-06     -1.21485E-06     -3.45571E-06
 11  11     2.82984E-06      2.05687E-06     -5.03510E-07     -1.52318E-06
 12   0     1.20718E-05      0.00000E+00     -2.87499E-06      0.00000E+00
 12   1    -4.49150E-05     -7.67397E-06     -3.63564E-06     -4.24728E-07
 12   2    -2.20119E-05     -4.57824E-06      3.77400E-06     -7.07669E-07
 12   3     3.03549E-05      1.82367E-05      4.06693E-06      6.90438E-07
 12   4     2.81983E-05      1.64600E-05     -2.84938E-06      1.37162E-06
 12   5    -4.55095E-06     -1.23349E-05     -5.23153E-06      3.04548E-07
 12   6    -1.79626E-05     -2.43443E-05     -6.30605E-08     -3.82972E-07
 12   7    -1.05374E-05     -7.23700E-06      4.99131E-06     -6.90020E-08
 12   8    -1.24477E-06      1.24704E-05      4.88828E-06     -3.66169E-07
 12   9     2.95664E-06      1.67840E-05      2.02725E-06     -1.58382E-06
 12  10     3.64374E-06      1.08038E-05      1.21438E-07     -2.25102E-06
 12  11     2.55097E-06      4.48585E-06     -2.11504E-07     -1.67497E-06
 12  12     1.01929E-06      1.21250E-06     -5.19304E-08     -6.63394E-07
 13   0     1.94183E-05      0.00000E+00     -5.24171E-08      0.00000E+00
 13   1    -1.02663E-05     -2.40974E-06     -2.88867E-06     -6.50815E-08
 13   2    -2.62973E-05     -8.61388E-06     -9.07267E-08     -5.06876E-07
 13   3     1.53262E-06      3.21243E-06      2.85342E-06     -2.72489E-08
 13   4     1.97795E-05      1.56687E-05      6.91347E-07      6.96496E-07
 13   5     8.63521E-06      4.95115E-06     -2.70866E-06      3.46562E-07
 13   6    -5.77022E-06     -1.29167E-05     -2.12580E-06     -2.56324E-07
 13   7    -7.88551E-06     -1.36145E-05      1.15568E-06      4.51722E-09
 13   8    -4.06057E-06     -7.40364E-07      2.96939E-06      4.18653E-07
 13   9    -1.15574E-06      8.89968E-06      2.29191E-06     -1.22662E-08
 13  10     2.72008E-07      9.45831E-06      9.31755E-07     -8.50884E-07
 13  11     8.72769E-07      5.67353E-06      2.20702E-07     -1.13488E-06
 13  12     7.49167E-07      2.33132E-06      7.14463E-08     -7.58658E-07
 13  13     3.10902E-07      6.35619E-07      4.46536E-08     -2.70596E-07
 14   0     1.13341E-05      0.00000E+00      7.83746E-07      0.00000E+00
 14   1     7.68810E-06      9.87281E-07     -1.06426E-06      6.20438E-08
 14   2    -1.35845E-05     -5.27601E-06     -1.15695E-06     -2.33314E-07
 14   3    -9.62082E-06     -4.46279E-06      9.30906E-07     -2.19818E-07
 14   4     6.57294E-06      6.80546E-06      1.35017E-06      2.69695E-07
 14   5     9.19019E-06      9.52343E-06     -5.40355E-07      3.17146E-07
 14   6     1.46120E-06     -1.24602E-06     -1.65859E-06     -1.40544E-07
 14   7    -3.20104E-06     -9.59582E-06     -5.50372E-07     -1.94846E-07
 14   8    -2.97755E-06     -6.40730E-06      1.08790E-06      2.68445E-07
 14   9    -1.92974E-06      1.46690E-06      1.55947E-06      4.47594E-07
 14  10    -1.31994E-06      5.58094E-06      1.04424E-06      3.27422E-08
 14  11    -6.60246E-07      5.01256E-06      4.69063E-07     -4.49866E-07
 14  12    -8.43987E-08      2.82934E-06      2.01924E-07     -5.37081E-07
 14  13     1.12592E-07      1.13834E-06      1.05918E-07     -3.21494E-07
 14  14     6.53128E-08      3.05835E-07      4.43862E-08     -1.03390E-07
 15   0     2.26349E-06      0.00000E+00      5.84101E-07      0.00000E+00
 15   1     9.70139E-06      1.68191E-06      5.29799E-08      7.02133E-08
 15   2    -1.75924E-06     -1.06273E-06     -8.19836E-07     -5.20204E-08
 15   3    -8.37787E-06     -4.87604E-06     -1.37319E-07     -1.90512E-07
 15   4    -1.47562E-06     -2.81907E-07      8.04143E-07      3.22961E-08
 15   5     4.77054E-06      6.30881E-06      3.69353E-07      2.31352E-07
 15   6     3.27573E-06      4.17249E-06     -6.75150E-07      9.26676E-09
 15   7    -9.91366E-08     -3.12698E-06     -7.81119E-07     -2.22027E-07
 15   8    -1.13499E-06     -5.83076E-06      3.74198E-08     -1.99938E-08
 15   9    -1.09748E-06     -2.47386E-06      7.13243E-07      3.22194E-07
 15  10    -1.25745E-06      1.68218E-06      7.54015E-07      3.21986E-07
 15  11    -1.22784E-06      3.17266E-06      4.77418E-07      1.74832E-08
 15  12    -7.78976E-07      2.50536E-06      2.54050E-07     -2.25067E-07
 15  13    -2.99946E-07      1.33888E-06      1.43944E-07     -2.36891E-07
 15  14    -6.23814E-08      5.23743E-07      7.71195E-08     -1.26902E-07
 15  15    -4.69195E-09      1.36958E-07      2.77542E-08     -3.66876E-08
 16   0    -2.08880E-06      0.00000E+00      1.99450E-07      0.00000E+00
 16   1     5.03443E-06      9.81278E-07      3.43173E-07      4.02886E-08
 16   2     3.24796E-06      1.05657E-06     -2.65887E-07      2.62064E-08
 16   3    -3.44537E-06     -2.33147E-06     -3.67468E-07     -1.00889E-07
 16   4    -3.45778E-06     -2.75165E-06      2.07978E-07     -6.35655E-08
 16   5     8.31166E-07      1.76884E-06      4.29158E-07      1.16358E-07
 16   6     2.27170E-06      4.15498E-06     -4.75582E-08      9.27773E-08
 16   7     9.41272E-07      1.02625E-06     -4.61149E-07     -1.15970E-07
 16   8    -4.30224E-09     -2.82577E-06     -2.83110E-07     -1.43154E-07
 16   9    -1.80224E-07     -3.04196E-06      1.62494E-07      8.48886E-08
 16  10    -5.23455E-07     -6.90444E-07      3.91090E-07      2.61900E-07
 16  11    -9.49653E-07      1.24411E-06      3.45776E-07      1.92943E-07
 16  12    -9.61431E-07      1.65769E-06      2.24500E-07      5.63606E-09
 16  13    -6.15035E-07      1.17969E-06      1.41599E-07     -1.03764E-07
 16  14    -2.65910E-07      5.99169E-07      8.88361E-08     -9.63072E-08
 16  15    -8.00969E-08      2.26828E-07      4.51991E-08     -4.60184E-08
 16  16    -1.64130E-08      5.73246E-08      1.45767E-08     -1.18100E-08
 17   0    -2.39631E-06      0.00000E+00     -2.26992E-08      0.00000E+00
 17   1     6.76034E-07      1.81831E-07      2.33789E-07      1.22208E-08
 17   2     3.15371E-06      1.21503E-06      4.13527E-08      3.84134E-08
 17   3     8.14259E-08     -1.38125E-07     -2.29066E-07     -2.70376E-08
 17   4    -2.29265E-06     -2.14872E-06     -7.56933E-08     -7.01778E-08
 17   5    -9.14980E-07     -8.26931E-07      2.14240E-07      2.37938E-08
 17   6     8.05164E-07      2.01884E-06      1.52454E-07      9.09821E-08
 17   7     7.95316E-07      2.12067E-06     -1.40447E-07     -8.95659E-09
 17   8     3.11127E-07     -2.86441E-07     -2.38909E-07     -1.18373E-07
 17   9     2.32633E-07     -1.89603E-06     -6.58807E-08     -5.24969E-08
 17  10     8.08597E-08     -1.38509E-06      1.31396E-07      1.09759E-07
 17  11    -3.70270E-07     -4.33923E-08      1.90392E-07      1.75388E-07
 17  12    -7.06173E-07      7.51346E-07      1.54411E-07      1.03936E-07
 17  13    -6.65098E-07      7.98409E-07      1.09544E-07      2.40019E-09
 17  14    -4.09464E-07      5.20155E-07      7.81268E-08     -4.28348E-08
 17  15    -1.79876E-07      2.51650E-07      4.95941E-08     -3.52445E-08
 17  16    -5.80431E-08      9.18968E-08      2.35173E-08     -1.48138E-08
 17  17    -1.28911E-08      2.23404E-08      6.91279E-09     -3.24319E-09
 18   0    -1.16691E-06      0.00000E+00     -7.36237E-08      0.00000E+00
 18   1    -1.15074E-06     -1.96999E-07      7.11285E-08     -2.32163E-09
 18   2     1.38656E-06      5.91485E-07      1.06127E-07      2.39831E-08
 18   3     1.21130E-06      7.03783E-07     -6.20217E-08      9.51324E-09
 18   4    -6.82115E-07     -7.69240E-07     -1.14255E-07     -4.06412E-08
 18   5    -1.01298E-06     -1.31268E-06      3.76516E-08     -2.09927E-08
 18   6    -7.52703E-08      2.02121E-07      1.27107E-07      4.84753E-08
 18   7     3.49603E-07      1.46983E-06      1.93560E-08      3.87680E-08
 18   8     2.18016E-07      8.20522E-07     -1.10930E-07     -4.81603E-08
 18   9     2.27168E-07     -5.78022E-07     -9.92002E-08     -7.69041E-08
 18  10     2.92286E-07     -1.06399E-06      4.15295E-09      1.84169E-09
 18  11     6.98845E-08     -5.48990E-07      7.60953E-08      9.20952E-08
 18  12    -3.02491E-07      1.09699E-07      8.47264E-08      1.03938E-07
 18  13    -4.89611E-07      3.91820E-07      6.87923E-08      5.26695E-08
 18  14    -4.19216E-07      3.51719E-07      5.49552E-08      2.67566E-09
 18  15    -2.45556E-07      2.11734E-07      4.17077E-08     -1.49387E-08
 18  16    -1.06380E-07      9.76508E-08      2.56073E-08     -1.09347E-08
 18  17    -3.45953E-08      3.43034E-08      1.12618E-08     -3.83736E-09
 18  18    -7.70989E-09      7.98748E-09      3.04347E-09     -6.05574E-10
 19   0    -1.11727E-07      0.00000E+00     -4.68108E-08      0.00000E+00
 19   1    -1.11439E-06     -2.15577E-07     -1.55257E-08     -5.68788E-09
 19   2     3.85573E-08      4.81387E-08      6.51479E-08      7.72261E-09
 19   3     9.22650E-07      6.04093E-07      2.01914E-08      1.67420E-08
 19   4     2.13058E-07      1.26623E-07     -6.19204E-08     -1.13981E-08
 19   5    -5.12168E-07     -7.81619E-07     -3.22619E-08     -2.67991E-08
 19   6    -3.15771E-07     -5.45631E-07      5.22340E-08      9.61892E-09
 19   7     3.88020E-08      4.95153E-07      5.29276E-08      3.72859E-08
 19   8     6.33896E-08      8.30615E-07     -2.14103E-08      1.66866E-09
 19   9     8.01523E-08      1.88233E-07     -6.19237E-08     -4.72618E-08
 19  10     2.23139E-07     -4.70586E-07     -3.20803E-08     -3.66605E-08
 19  11     2.30334E-07     -5.20082E-07      1.52536E-08      2.20772E-08
 19  12     7.54235E-09     -1.85858E-07      3.59863E-08      6.32217E-08
 19  13    -2.35568E-07      9.58770E-08      3.51202E-08      5.66331E-08
 19  14    -3.14538E-07      1.77105E-07      3.11321E-08      2.60341E-08
 19  15    -2.45313E-07      1.38118E-07      2.77876E-08      3.17474E-09
 19  16    -1.36436E-07      7.70486E-08      2.13053E-08     -3.60626E-09
 19  17    -5.75812E-08      3.38247E-08      1.23760E-08     -2.31041E-09
 19  18    -1.84546E-08      1.13886E-08      5.04287E-09     -4.73062E-10
 19  19    -4.03380E-09      2.52275E-09      1.25827E-09      5.77157E-11
 20   0     2.95948E-07      0.00000E+00     -1.27435E-08      0.00000E+00
 20   1    -4.82641E-07     -1.00870E-07     -3.16719E-08     -3.87355E-09
 20   2    -4.23773E-07     -1.62186E-07      1.68285E-08     -1.25158E-09
 20   3     3.23208E-07      2.36229E-07      3.23253E-08      1.07622E-08
 20   4     3.89430E-07      3.62785E-07     -1.27733E-08      3.84331E-09
 20   5    -7.94126E-08     -1.80246E-07     -3.40987E-08     -1.56047E-08
 20   6    -2.27272E-07     -5.19115E-07      3.53328E-09     -8.65250E-09
 20   7    -7.15631E-08     -9.94801E-08      3.43766E-08      1.80563E-08
 20   8    -1.70554E-08      4.26210E-07      1.33797E-08      1.80702E-08
 20   9    -2.68995E-08      3.79497E-07     -2.24172E-08     -1.37069E-08
 20  10     7.62266E-08     -3.76464E-08     -2.72670E-08     -3.20651E-08
 20  11     1.89067E-07     -2.88019E-07     -6.84565E-09     -1.14985E-08
 20  12     1.39480E-07     -2.25039E-07      1.00360E-08      2.32562E-08
 20  13    -3.25984E-08     -5.24351E-08      1.41063E-08      3.82782E-08
 20  14    -1.67145E-07      5.08826E-08      1.37712E-08      2.91181E-08
 20  15    -1.88306E-07      6.61948E-08      1.43952E-08      1.29428E-08
 20  16    -1.34800E-07      4.49324E-08      1.38683E-08      3.02681E-09
 20  17    -7.12278E-08      2.29852E-08      1.03584E-08      2.27193E-10
 20  18    -2.91091E-08      9.52638E-09      5.63091E-09      2.14482E-10
 20  19    -9.09773E-09      3.04572E-09      2.12463E-09      3.04283E-10
 20  20    -1.93156E-09      6.29110E-10      4.89756E-10      1.45114E-10
 21   0     2.63378E-07      0.00000E+00      4.24005E-09      0.00000E+00
 21   1    -8.48639E-09     -6.03432E-09     -1.84764E-08     -1.32885E-09
 21   2    -3.39199E-07     -1.41918E-07     -6.48079E-09     -3.42705E-09
 21   3    -4.86844E-08     -1.78134E-08      1.76821E-08      3.40851E-09
 21   4     2.35321E-07      2.43828E-07      8.21600E-09      6.84475E-09
 21   5     1.01359E-07      1.20426E-07     -1.58536E-08     -4.04114E-09
 21   6    -8.06554E-08     -2.36331E-07     -1.17756E-08     -1.04035E-08
 21   7    -6.54677E-08     -2.53454E-07      1.12200E-08      2.40335E-09
 21   8    -2.79353E-08      7.27787E-08      1.58480E-08      1.43621E-08
 21   9    -5.36165E-08      2.65691E-07     -1.09487E-09      4.17536E-09
 21  10    -2.32198E-08      1.36172E-07     -1.34690E-08     -1.50797E-08
 21  11     8.21627E-08     -7.73683E-08     -9.46173E-09     -1.71948E-08
 21  12     1.33785E-07     -1.47117E-07     -1.42174E-10      1.22116E-10
 21  13     6.75235E-08     -8.70573E-08      3.97246E-09      1.74958E-08
 21  14    -4.39215E-08     -1.35709E-08      4.25019E-09      2.12122E-08
 21  15    -1.08306E-07      1.69572E-08      5.18010E-09      1.44246E-08
 21  16    -1.05748E-07      1.64738E-08      6.74258E-09      6.60620E-09
 21  17    -7.00198E-08      8.86105E-09      6.71455E-09      2.41641E-09
 21  18    -3.51886E-08      3.75763E-09      4.77518E-09      1.07431E-09
 21  19    -1.38764E-08      1.37270E-09      2.41421E-09      6.51342E-10
 21  20    -4.20393E-09      3.87228E-10      8.41724E-10      3.34997E-10
 21  21    -8.62372E-10      6.13397E-11      1.78568E-10      1.04685E-10
 22   0     1.05775E-07      0.00000E+00      6.74207E-09      0.00000E+00
 22   1     1.49461E-07      2.87020E-08     -4.26669E-09      1.49169E-10
 22   2    -1.23669E-07     -5.59639E-08     -9.52222E-09     -2.33370E-09
 22   3    -1.41775E-07     -9.22572E-08      3.59106E-09     -6.67626E-10
 22   4     5.78095E-08      7.05386E-08      9.56926E-09      4.28772E-09
 22   5     1.04502E-07      1.56009E-07     -2.01117E-09      1.77894E-09
 22   6     7.30302E-09     -1.57251E-08     -9.58856E-09     -5.62780E-09
 22   7    -2.88386E-08     -1.74416E-07     -1.00919E-09     -3.95178E-09
 22   8    -1.24276E-08     -8.51098E-08      8.33892E-09      5.80324E-09
 22   9    -3.37204E-08      9.69444E-08      5.02330E-09      7.80319E-09
 22  10    -5.08880E-08      1.33793E-07     -3.60454E-09     -2.31008E-09
 22  11     3.53257E-10      3.22341E-08     -5.91782E-09     -1.09750E-08
 22  12     7.19822E-08     -5.69240E-08     -2.37325E-09     -7.35503E-09
 22  13     8.11814E-08     -6.46308E-08      3.88796E-10      3.67327E-09
 22  14     2.45690E-08     -3.10050E-08      5.08535E-10      1.11159E-08
 22  15    -3.84688E-08     -6.35769E-09      5.79988E-10      1.10101E-08
 22  16    -6.47178E-08     -5.70776E-10      1.88548E-09      7.01045E-09
 22  17    -5.59618E-08     -1.98306E-09      3.13785E-09      3.47891E-09
 22  18    -3.44871E-08     -2.56012E-09      3.11036E-09      1.69390E-09
 22  19    -1.64955E-08     -1.70053E-09      2.07678E-09      9.47334E-10
 22  20    -6.26014E-09     -7.64348E-10      9.71233E-10      5.19547E-10
 22  21    -1.83065E-09     -2.58853E-10      3.11074E-10      2.20157E-10
 22  22    -3.61431E-10     -6.30426E-11      6.00412E-11      5.85002E-11
 23   0    -4.01452E-09      0.00000E+00      3.66068E-09      0.00000E+00
 23   1     1.16824E-07      2.40012E-08      2.23316E-09      5.27767E-10
 23   2     1.42857E-08      3.53318E-09     -5.03474E-09     -7.72087E-10
 23   3    -9.34228E-08     -6.55820E-08     -2.44744E-09     -1.59525E-09
 23   4    -3.04375E-08     -2.54229E-08      4.60928E-09      1.24502E-09
 23   5     4.92214E-08      8.32299E-08      2.96931E-09      2.70855E-09
 23   6     3.05350E-08      6.61639E-08     -3.75462E-09     -1.16816E-09
 23   7    -2.98708E-09     -5.68619E-08     -3.77911E-09     -3.93249E-09
 23   8     7.42805E-10     -9.51611E-08      2.00739E-09      8.55520E-11
 23   9    -7.41002E-09     -8.41431E-09      4.09945E-09      4.97434E-09
 23  10    -3.58289E-08      6.93798E-08      6.22833E-10      2.81189E-09
 23  11    -3.15157E-08      5.56665E-08     -2.38505E-09     -3.82362E-09
 23  12     1.52676E-08     -6.93914E-10     -1.83750E-09     -6.37985E-09
 23  13     5.23688E-08     -3.01273E-08     -3.29905E-10     -2.24523E-09
 23  14     4.29653E-08     -2.45471E-08     -2.59022E-10      3.64556E-09
 23  15     4.17902E-09     -1.14028E-08     -7.98710E-10      6.32066E-09
 23  16    -2.75079E-08     -6.42251E-09     -4.42321E-10      5.44469E-09
 23  17    -3.59386E-08     -6.79047E-09      6.56604E-10      3.39307E-09
 23  18    -2.79589E-08     -6.56005E-09      1.41530E-09      1.87172E-09
 23  19    -1.61044E-08     -4.58987E-09      1.36010E-09      1.07551E-09
 23  20    -7.32985E-09     -2.38649E-09      8.44255E-10      6.28868E-10
 23  21    -2.66972E-09     -9.55444E-10      3.62234E-10      3.18142E-10
 23  22    -7.50590E-10     -2.94358E-10      1.05073E-10      1.20462E-10
 23  23    -1.42039E-10     -6.27901E-11      1.79178E-11      2.88168E-11
 24   0    -3.69100E-08      0.00000E+00      7.05270E-10      0.00000E+00
 24   1     4.11266E-08      9.00639E-09      2.84835E-09      3.64850E-10
 24   2     5.04512E-08      2.09719E-08     -9.08345E-10      1.19275E-10
 24   3    -2.63599E-08     -2.04443E-08     -2.79800E-09     -1.04159E-09
 24   4    -4.18323E-08     -4.28749E-08      6.27366E-10     -3.63806E-10
 24   5     5.19857E-09      1.40478E-08      2.71539E-09      1.57567E-09
 24   6     2.13682E-08      5.77647E-08     -9.13036E-11      8.53924E-10
 24   7     5.88639E-09      1.20204E-08     -2.49753E-09     -1.86487E-09
 24   8     4.57982E-09     -4.96554E-08     -7.25964E-10     -1.74800E-09
 24   9     6.54071E-09     -3.96180E-08      1.78388E-09      1.54519E-09
 24  10    -1.21039E-08      1.40676E-08      1.38892E-09      2.97483E-09
 24  11    -2.83739E-08      3.77768E-08     -4.44405E-10      2.09098E-10
 24  12    -1.33155E-08      1.87943E-08     -9.30069E-10     -3.13949E-09
 24  13     1.85953E-08     -5.63863E-09     -2.42348E-10     -3.09941E-09
 24  14     3.29009E-08     -1.22754E-08     -6.98269E-11     -1.51390E-10
 24  15     1.98354E-08     -8.10750E-09     -6.63788E-10      2.57427E-09
 24  16    -3.03621E-09     -5.53215E-09     -9.88906E-10      3.30992E-09
 24  17    -1.72003E-08     -6.52099E-09     -5.34415E-10      2.60186E-09
 24  18    -1.86156E-08     -7.29846E-09      2.03489E-10      1.65184E-09
 24  19    -1.31673E-08     -6.03341E-09      6.00612E-10      1.01154E-09
 24  20    -7.10241E-09     -3.73669E-09      5.51390E-10      6.30787E-10
 24  21    -3.07071E-09     -1.79654E-09      3.14859E-10      3.63388E-10
 24  22    -1.06921E-09     -6.81815E-10      1.21788E-10      1.70895E-10
 24  23    -2.87512E-10     -2.00013E-10      3.08364E-11      5.93425E-11
 24  24    -5.18267E-11     -4.01931E-11      4.24356E-12      1.30584E-11
 25   0    -2.67401E-08      0.00000E+00     -5.47116E-10      0.00000E+00
 25   1    -5.98877E-09     -9.05697E-10      1.41872E-09      1.19993E-10
 25   2     3.38699E-08      1.49035E-08      7.91212E-10      3.30166E-10
 25   3     9.55196E-09      5.58170E-09     -1.32495E-09     -3.15632E-10
 25   4    -2.24860E-08     -2.49204E-08     -8.52824E-10     -6.70145E-10
 25   5    -1.14358E-08     -1.61915E-08      1.13505E-09      3.85825E-10
 25   6     7.10131E-09      2.39543E-08      9.69211E-10      1.03234E-09
 25   7     5.14863E-09      2.83176E-08     -8.01435E-10     -2.36642E-10
 25   8     2.90785E-09     -8.92197E-09     -1.06915E-09     -1.39837E-09
 25   9     8.16394E-09     -2.99822E-08      2.72252E-10     -3.04367E-10
 25  10     2.68385E-09     -1.12798E-08      9.02924E-10      1.51770E-09
 25  11    -1.34794E-08      1.39111E-08      2.24619E-10      1.32153E-09
 25  12    -1.77416E-08      1.67548E-08     -3.43828E-10     -6.85900E-10
 25  13    -2.31003E-09      4.90847E-09     -1.14160E-10     -1.97429E-09
 25  14     1.53769E-08     -3.12642E-09      1.39984E-10     -1.24798E-09
 25  15     1.82834E-08     -3.47622E-09     -1.93185E-10      4.35851E-10
 25  16     7.79723E-09     -2.54623E-09     -7.06458E-10      1.53159E-09
 25  17    -4.14382E-09     -3.83421E-09     -7.78926E-10      1.62395E-09
 25  18    -9.66791E-09     -5.60258E-09     -3.92647E-10      1.21643E-09
 25  19    -8.98339E-09     -5.71902E-09      3.93107E-11      8.11390E-10
 25  20    -5.80895E-09     -4.25642E-09      2.29535E-10      5.40153E-10
 25  21    -2.93020E-09     -2.43697E-09      2.00450E-10      3.46039E-10
 25  22    -1.19778E-09     -1.10743E-09      1.03228E-10      1.91728E-10
 25  23    -3.95942E-10     -4.02186E-10      3.43069E-11      8.41780E-11
 25  24    -1.00910E-10     -1.13166E-10      6.65855E-12      2.71109E-11
 25  25    -1.71190E-11     -2.17022E-11      4.00459E-13      5.53970E-12
