    0.00   84.19      134.85264        0.00000
   12.00   84.19      146.86524        0.00000
   24.00   84.19      158.90121        0.00000
   36.00   84.19      170.95435        0.00000
   48.00   84.19     -176.98456        0.00000
   60.00   84.19     -164.92616        0.00000
   72.00   84.19     -152.88060        0.00000
   84.00   84.19     -140.85578        0.00000
   96.00   84.19     -128.85594        0.00000
  108.00   84.19     -116.88096        0.00000
  120.00   84.19     -104.92648        0.00000
  132.00   84.19      -92.98464        0.00000
  144.00   84.19      -81.04543        0.00000
  156.00   84.19      -69.09842        0.00000
  168.00   84.19      -57.13448        0.00000
  180.00   84.19      -45.14736        0.00000
  192.00   84.19      -33.13476        0.00000
  204.00   84.19      -21.09879        0.00000
  216.00   84.19       -9.04565        0.00000
  228.00   84.19        3.01544        0.00000
  240.00   84.19       15.07384        0.00000
  252.00   84.19       27.11940        0.00000
  264.00   84.19       39.14422        0.00000
  276.00   84.19       51.14406        0.00000
  288.00   84.19       63.11904        0.00000
  300.00   84.19       75.07352        0.00000
  312.00   84.19       87.01536        0.00000
  324.00   84.19       98.95457        0.00000
  336.00   84.19      110.90158        0.00000
  348.00   84.19      122.86552        0.00000
    0.00   78.39      134.40753        0.00000
   12.00   78.39      146.45647        0.00000
   24.00   78.39      158.60048        0.00000
   36.00   78.39      170.81509        0.00000
   48.00   78.39     -176.93742        0.00000
   60.00   78.39     -164.70108        0.00000
   72.00   78.39     -152.51775        0.00000
   84.00   78.39     -140.41923        0.00000
   96.00   78.39     -128.42172        0.00000
  108.00   78.39     -116.52357        0.00000
  120.00   78.39     -104.70639        0.00000
  132.00   78.39      -92.93870        0.00000
  144.00   78.39      -81.18131        0.00000
  156.00   78.39      -69.39342        0.00000
  168.00   78.39      -57.53898        0.00000
  180.00   78.39      -45.59247        0.00000
  192.00   78.39      -33.54353        0.00000
  204.00   78.39      -21.39952        0.00000
  216.00   78.39       -9.18491        0.00000
  228.00   78.39        3.06258        0.00000
  240.00   78.39       15.29892        0.00000
  252.00   78.39       27.48225        0.00000
  264.00   78.39       39.58077        0.00000
  276.00   78.39       51.57828        0.00000
  288.00   78.39       63.47643        0.00000
  300.00   78.39       75.29361        0.00000
  312.00   78.39       87.06130        0.00000
  324.00   78.39       98.81869        0.00000
  336.00   78.39      110.60658        0.00000
  348.00   78.39      122.46102        0.00000
    0.00   72.58      133.65560        0.00000
   12.00   72.58      145.75996        0.00000
   24.00   72.58      158.08436        0.00000
   36.00   72.58      170.57500        0.00000
   48.00   72.58     -176.85609        0.00000
   60.00   72.58     -164.31376        0.00000
   72.00   72.58     -151.89708        0.00000
   84.00   72.58     -139.67852        0.00000
   96.00   72.58     -127.69135        0.00000
  108.00   72.58     -115.92709        0.00000
  120.00   72.58     -104.34110        0.00000
  132.00   72.58      -92.86265        0.00000
  144.00   72.58      -81.40644        0.00000
  156.00   72.58      -69.88425        0.00000
  168.00   72.58      -58.21660        0.00000
  180.00   72.58      -46.34440        0.00000
  192.00   72.58      -34.24004        0.00000
  204.00   72.58      -21.91564        0.00000
  216.00   72.58       -9.42500        0.00000
  228.00   72.58        3.14391        0.00000
  240.00   72.58       15.68624        0.00000
  252.00   72.58       28.10292        0.00000
  264.00   72.58       40.32148        0.00000
  276.00   72.58       52.30865        0.00000
  288.00   72.58       64.07291        0.00000
  300.00   72.58       75.65890        0.00000
  312.00   72.58       87.13735        0.00000
  324.00   72.58       98.59356        0.00000
  336.00   72.58      110.11575        0.00000
  348.00   72.58      121.78340        0.00000
    0.00   66.77      132.58170        0.00000
   12.00   66.77      144.75198        0.00000
   24.00   66.77      157.32889        0.00000
   36.00   66.77      170.22102        0.00000
   48.00   66.77     -176.73598        0.00000
   60.00   66.77     -163.74440        0.00000
   72.00   66.77     -150.99338        0.00000
   84.00   66.77     -138.61355        0.00000
   96.00   66.77     -126.65505        0.00000
  108.00   66.77     -115.09052        0.00000
  120.00   66.77     -103.83298        0.00000
  132.00   66.77      -92.75727        0.00000
  144.00   66.77      -81.71883        0.00000
  156.00   66.77      -70.56946        0.00000
  168.00   66.77      -59.17217        0.00000
  180.00   66.77      -47.41830        0.00000
  192.00   66.77      -35.24802        0.00000
  204.00   66.77      -22.67111        0.00000
  216.00   66.77       -9.77898        0.00000
  228.00   66.77        3.26402        0.00000
  240.00   66.77       16.25560        0.00000
  252.00   66.77       29.00662        0.00000
  264.00   66.77       41.38645        0.00000
  276.00   66.77       53.34495        0.00000
  288.00   66.77       64.90948        0.00000
  300.00   66.77       76.16702        0.00000
  312.00   66.77       87.24273        0.00000
  324.00   66.77       98.28117        0.00000
  336.00   66.77      109.43054        0.00000
  348.00   66.77      120.82783        0.00000
    0.00   60.97      131.16472        0.00000
   12.00   60.97      143.39745        0.00000
   24.00   60.97      156.29710        0.00000
   36.00   60.97      169.73244        0.00000
   48.00   60.97     -176.56983        0.00000
   60.00   60.97     -162.96198        0.00000
   72.00   60.97     -149.76851        0.00000
   84.00   60.97     -137.19541        0.00000
   96.00   60.97     -125.29971        0.00000
  108.00   60.97     -114.01306        0.00000
  120.00   60.97     -103.18548        0.00000
  132.00   60.97      -92.62360        0.00000
  144.00   60.97      -82.11566        0.00000
  156.00   60.97      -71.44669        0.00000
  168.00   60.97      -60.41177        0.00000
  180.00   60.97      -48.83528        0.00000
  192.00   60.97      -36.60255        0.00000
  204.00   60.97      -23.70290        0.00000
  216.00   60.97      -10.26756        0.00000
  228.00   60.97        3.43017        0.00000
  240.00   60.97       17.03802        0.00000
  252.00   60.97       30.23149        0.00000
  264.00   60.97       42.80459        0.00000
  276.00   60.97       54.70029        0.00000
  288.00   60.97       65.98694        0.00000
  300.00   60.97       76.81452        0.00000
  312.00   60.97       87.37640        0.00000
  324.00   60.97       97.88434        0.00000
  336.00   60.97      108.55331        0.00000
  348.00   60.97      119.58823        0.00000
    0.00   55.16      129.37790        0.00000
   12.00   55.16      141.64812        0.00000
   24.00   55.16      154.93491        0.00000
   36.00   55.16      169.07777        0.00000
   48.00   55.16     -176.34648        0.00000
   60.00   55.16     -161.92004        0.00000
   72.00   55.16     -148.16822        0.00000
   84.00   55.16     -135.38580        0.00000
   96.00   55.16     -123.60965        0.00000
  108.00   55.16     -112.69467        0.00000
  120.00   55.16     -102.40320        0.00000
  132.00   55.16      -92.46302        0.00000
  144.00   55.16      -82.59330        0.00000
  156.00   55.16      -72.51236        0.00000
  168.00   55.16      -61.94194        0.00000
  180.00   55.16      -50.62210        0.00000
  192.00   55.16      -38.35188        0.00000
  204.00   55.16      -25.06509        0.00000
  216.00   55.16      -10.92223        0.00000
  228.00   55.16        3.65352        0.00000
  240.00   55.16       18.07996        0.00000
  252.00   55.16       31.83178        0.00000
  264.00   55.16       44.61420        0.00000
  276.00   55.16       56.39035        0.00000
  288.00   55.16       67.30533        0.00000
  300.00   55.16       77.59680        0.00000
  312.00   55.16       87.53698        0.00000
  324.00   55.16       97.40670        0.00000
  336.00   55.16      107.48764        0.00000
  348.00   55.16      118.05806        0.00000
    0.00   49.35      127.18970        0.00000
   12.00   49.35      139.44037        0.00000
   24.00   49.35      153.16465        0.00000
   36.00   49.35      168.20929        0.00000
   48.00   49.35     -176.04883        0.00000
   60.00   49.35     -160.54975        0.00000
   72.00   49.35     -146.11763        0.00000
   84.00   49.35     -133.13678        0.00000
   96.00   49.35     -121.56782        0.00000
  108.00   49.35     -111.13683        0.00000
  120.00   49.35     -101.49210        0.00000
  132.00   49.35      -92.27716        0.00000
  144.00   49.35      -83.14732        0.00000
  156.00   49.35      -73.76127        0.00000
  168.00   49.35      -63.76854        0.00000
  180.00   49.35      -52.81030        0.00000
  192.00   49.35      -40.55963        0.00000
  204.00   49.35      -26.83535        0.00000
  216.00   49.35      -11.79071        0.00000
  228.00   49.35        3.95117        0.00000
  240.00   49.35       19.45025        0.00000
  252.00   49.35       33.88237        0.00000
  264.00   49.35       46.86322        0.00000
  276.00   49.35       58.43218        0.00000
  288.00   49.35       68.86317        0.00000
  300.00   49.35       78.50790        0.00000
  312.00   49.35       87.72284        0.00000
  324.00   49.35       96.85268        0.00000
  336.00   49.35      106.23873        0.00000
  348.00   49.35      116.23146        0.00000
    0.00   43.55      124.56556        0.00000
   12.00   43.55      136.69304        0.00000
   24.00   43.55      150.87525        0.00000
   36.00   43.55      167.05339        0.00000
   48.00   43.55     -175.65005        0.00000
   60.00   43.55     -158.74822        0.00000
   72.00   43.55     -143.51522        0.00000
   84.00   43.55     -130.39125        0.00000
   96.00   43.55     -119.15778        0.00000
  108.00   43.55     -109.34343        0.00000
  120.00   43.55     -100.45951        0.00000
  132.00   43.55      -92.06789        0.00000
  144.00   43.55      -83.77243        0.00000
  156.00   43.55      -75.18617        0.00000
  168.00   43.55      -65.89529        0.00000
  180.00   43.55      -55.43444        0.00000
  192.00   43.55      -43.30696        0.00000
  204.00   43.55      -29.12475        0.00000
  216.00   43.55      -12.94661        0.00000
  228.00   43.55        4.34995        0.00000
  240.00   43.55       21.25178        0.00000
  252.00   43.55       36.48478        0.00000
  264.00   43.55       49.60875        0.00000
  276.00   43.55       60.84222        0.00000
  288.00   43.55       70.65657        0.00000
  300.00   43.55       79.54049        0.00000
  312.00   43.55       87.93211        0.00000
  324.00   43.55       96.22757        0.00000
  336.00   43.55      104.81383        0.00000
  348.00   43.55      114.10471        0.00000
    0.00   37.74      121.47105        0.00000
   12.00   37.74      133.30632        0.00000
   24.00   37.74      147.90734        0.00000
   36.00   37.74      165.49271        0.00000
   48.00   37.74     -175.10634        0.00000
   60.00   37.74     -156.35862        0.00000
   72.00   37.74     -140.22554        0.00000
   84.00   37.74     -127.08519        0.00000
   96.00   37.74     -116.36640        0.00000
  108.00   37.74     -107.32184        0.00000
  120.00   37.74      -99.31434        0.00000
  132.00   37.74      -91.83737        0.00000
  144.00   37.74      -84.46259        0.00000
  156.00   37.74      -76.77732        0.00000
  168.00   37.74      -68.32187        0.00000
  180.00   37.74      -58.52895        0.00000
  192.00   37.74      -46.69368        0.00000
  204.00   37.74      -32.09266        0.00000
  216.00   37.74      -14.50729        0.00000
  228.00   37.74        4.89366        0.00000
  240.00   37.74       23.64138        0.00000
  252.00   37.74       39.77446        0.00000
  264.00   37.74       52.91481        0.00000
  276.00   37.74       63.63360        0.00000
  288.00   37.74       72.67816        0.00000
  300.00   37.74       80.68566        0.00000
  312.00   37.74       88.16263        0.00000
  324.00   37.74       95.53741        0.00000
  336.00   37.74      103.22268        0.00000
  348.00   37.74      111.67813        0.00000
    0.00   31.94      117.87723        0.00000
   12.00   31.94      129.16396        0.00000
   24.00   31.94      144.03197        0.00000
   36.00   31.94      163.33105        0.00000
   48.00   31.94     -174.34181        0.00000
   60.00   31.94     -153.13529        0.00000
   72.00   31.94     -136.07234        0.00000
   84.00   31.94     -123.15322        0.00000
   96.00   31.94     -113.18771        0.00000
  108.00   31.94     -105.08397        0.00000
  120.00   31.94      -98.06711        0.00000
  132.00   31.94      -91.58794        0.00000
  144.00   31.94      -85.21096        0.00000
  156.00   31.94      -78.52212        0.00000
  168.00   31.94      -71.04172        0.00000
  180.00   31.94      -62.12277        0.00000
  192.00   31.94      -50.83604        0.00000
  204.00   31.94      -35.96803        0.00000
  216.00   31.94      -16.66895        0.00000
  228.00   31.94        5.65819        0.00000
  240.00   31.94       26.86471        0.00000
  252.00   31.94       43.92766        0.00000
  264.00   31.94       56.84678        0.00000
  276.00   31.94       66.81229        0.00000
  288.00   31.94       74.91603        0.00000
  300.00   31.94       81.93289        0.00000
  312.00   31.94       88.41206        0.00000
  324.00   31.94       94.78904        0.00000
  336.00   31.94      101.47788        0.00000
  348.00   31.94      108.95828        0.00000
    0.00   26.13      113.76841        0.00000
   12.00   26.13      124.14306        0.00000
   24.00   26.13      138.92337        0.00000
   36.00   26.13      160.21926        0.00000
   48.00   26.13     -173.21360        0.00000
   60.00   26.13     -148.68240        0.00000
   72.00   26.13     -130.83758        0.00000
   84.00   26.13     -118.53918        0.00000
   96.00   26.13     -109.62746        0.00000
  108.00   26.13     -102.64722        0.00000
  120.00   26.13      -96.72997        0.00000
  132.00   26.13      -91.32216        0.00000
  144.00   26.13      -86.00999        0.00000
  156.00   26.13      -80.40478        0.00000
  168.00   26.13      -74.03972        0.00000
  180.00   26.13      -66.23159        0.00000
  192.00   26.13      -55.85694        0.00000
  204.00   26.13      -41.07663        0.00000
  216.00   26.13      -19.78074        0.00000
  228.00   26.13        6.78640        0.00000
  240.00   26.13       31.31760        0.00000
  252.00   26.13       49.16242        0.00000
  264.00   26.13       61.46082        0.00000
  276.00   26.13       70.37254        0.00000
  288.00   26.13       77.35278        0.00000
  300.00   26.13       83.27003        0.00000
  312.00   26.13       88.67784        0.00000
  324.00   26.13       93.99001        0.00000
  336.00   26.13       99.59522        0.00000
  348.00   26.13      105.96028        0.00000
    0.00   20.32      109.15238        0.00000
   12.00   20.32      118.13801        0.00000
   24.00   20.32      132.13757        0.00000
   36.00   20.32      155.48521        0.00000
   48.00   20.32     -171.41890        0.00000
   60.00   20.32     -142.34948        0.00000
   72.00   20.32     -124.27932        0.00000
   84.00   20.32     -113.21383        0.00000
   96.00   20.32     -105.70823        0.00000
  108.00   20.32     -100.03522        0.00000
  120.00   20.32      -95.31664        0.00000
  132.00   20.32      -91.04275        0.00000
  144.00   20.32      -86.85146        0.00000
  156.00   20.32      -82.40622        0.00000
  168.00   20.32      -77.29003        0.00000
  180.00   20.32      -70.84762        0.00000
  192.00   20.32      -61.86199        0.00000
  204.00   20.32      -47.86243        0.00000
  216.00   20.32      -24.51479        0.00000
  228.00   20.32        8.58110        0.00000
  240.00   20.32       37.65052        0.00000
  252.00   20.32       55.72068        0.00000
  264.00   20.32       66.78617        0.00000
  276.00   20.32       74.29177        0.00000
  288.00   20.32       79.96478        0.00000
  300.00   20.32       84.68336        0.00000
  312.00   20.32       88.95725        0.00000
  324.00   20.32       93.14854        0.00000
  336.00   20.32       97.59378        0.00000
  348.00   20.32      102.70997        0.00000
    0.00   14.52      104.07143        0.00000
   12.00   14.52      111.10514        0.00000
   24.00   14.52      123.14342        0.00000
   36.00   14.52      147.71168        0.00000
   48.00   14.52     -168.19042        0.00000
   60.00   14.52     -133.08975        0.00000
   72.00   14.52     -116.19411        0.00000
   84.00   14.52     -107.19887        0.00000
   96.00   14.52     -101.47371        0.00000
  108.00   14.52      -97.27806        0.00000
  120.00   14.52      -93.84234        0.00000
  132.00   14.52      -90.75260        0.00000
  144.00   14.52      -87.72658        0.00000
  156.00   14.52      -84.50412        0.00000
  168.00   14.52      -80.75473        0.00000
  180.00   14.52      -75.92857        0.00000
  192.00   14.52      -68.89486        0.00000
  204.00   14.52      -56.85658        0.00000
  216.00   14.52      -32.28832        0.00000
  228.00   14.52       11.80958        0.00000
  240.00   14.52       46.91025        0.00000
  252.00   14.52       63.80589        0.00000
  264.00   14.52       72.80113        0.00000
  276.00   14.52       78.52629        0.00000
  288.00   14.52       82.72194        0.00000
  300.00   14.52       86.15766        0.00000
  312.00   14.52       89.24740        0.00000
  324.00   14.52       92.27342        0.00000
  336.00   14.52       95.49588        0.00000
  348.00   14.52       99.24527        0.00000
    0.00    8.71       98.61075        0.00000
   12.00    8.71      103.12560        0.00000
   24.00    8.71      111.52838        0.00000
   36.00    8.71      133.71367        0.00000
   48.00    8.71     -160.90973        0.00000
   60.00    8.71     -119.47236        0.00000
   72.00    8.71     -106.55162        0.00000
   84.00    8.71     -100.59185        0.00000
   96.00    8.71      -96.99093        0.00000
  108.00    8.71      -94.41199        0.00000
  120.00    8.71      -92.32350        0.00000
  132.00    8.71      -90.45469        0.00000
  144.00    8.71      -88.62609        0.00000
  156.00    8.71      -86.67327        0.00000
  168.00    8.71      -84.38369        0.00000
  180.00    8.71      -81.38925        0.00000
  192.00    8.71      -76.87440        0.00000
  204.00    8.71      -68.47162        0.00000
  216.00    8.71      -46.28633        0.00000
  228.00    8.71       19.09027        0.00000
  240.00    8.71       60.52764        0.00000
  252.00    8.71       73.44838        0.00000
  264.00    8.71       79.40815        0.00000
  276.00    8.71       83.00907        0.00000
  288.00    8.71       85.58801        0.00000
  300.00    8.71       87.67650        0.00000
  312.00    8.71       89.54531        0.00000
  324.00    8.71       91.37391        0.00000
  336.00    8.71       93.32673        0.00000
  348.00    8.71       95.61631        0.00000
    0.00    2.90       92.89951        0.00000
   12.00    2.90       94.45964        0.00000
   24.00    2.90       97.51651        0.00000
   36.00    2.90      107.73356        0.00000
   48.00    2.90     -134.02237        0.00000
   60.00    2.90     -100.70406        0.00000
   72.00    2.90      -95.67681        0.00000
   84.00    2.90      -93.57899        0.00000
   96.00    2.90      -92.34866        0.00000
  108.00    2.90      -91.47831        0.00000
  120.00    2.90      -90.77754        0.00000
  132.00    2.90      -90.15209        0.00000
  144.00    2.90      -89.54038        0.00000
  156.00    2.90      -88.88617        0.00000
  168.00    2.90      -88.11611        0.00000
  180.00    2.90      -87.10049        0.00000
  192.00    2.90      -85.54036        0.00000
  204.00    2.90      -82.48349        0.00000
  216.00    2.90      -72.26644        0.00000
  228.00    2.90       45.97763        0.00000
  240.00    2.90       79.29594        0.00000
  252.00    2.90       84.32319        0.00000
  264.00    2.90       86.42101        0.00000
  276.00    2.90       87.65134        0.00000
  288.00    2.90       88.52169        0.00000
  300.00    2.90       89.22246        0.00000
  312.00    2.90       89.84791        0.00000
  324.00    2.90       90.45962        0.00000
  336.00    2.90       91.11383        0.00000
  348.00    2.90       91.88389        0.00000
    0.00   -2.90      -92.89951        0.00000
   12.00   -2.90      -94.45964        0.00000
   24.00   -2.90      -97.51651        0.00000
   36.00   -2.90     -107.73356        0.00000
   48.00   -2.90      134.02237        0.00000
   60.00   -2.90      100.70406        0.00000
   72.00   -2.90       95.67681        0.00000
   84.00   -2.90       93.57899        0.00000
   96.00   -2.90       92.34866        0.00000
  108.00   -2.90       91.47831        0.00000
  120.00   -2.90       90.77754        0.00000
  132.00   -2.90       90.15209        0.00000
  144.00   -2.90       89.54038        0.00000
  156.00   -2.90       88.88617        0.00000
  168.00   -2.90       88.11611        0.00000
  180.00   -2.90       87.10049        0.00000
  192.00   -2.90       85.54036        0.00000
  204.00   -2.90       82.48349        0.00000
  216.00   -2.90       72.26644        0.00000
  228.00   -2.90      -45.97763        0.00000
  240.00   -2.90      -79.29594        0.00000
  252.00   -2.90      -84.32319        0.00000
  264.00   -2.90      -86.42101        0.00000
  276.00   -2.90      -87.65134        0.00000
  288.00   -2.90      -88.52169        0.00000
  300.00   -2.90      -89.22246        0.00000
  312.00   -2.90      -89.84791        0.00000
  324.00   -2.90      -90.45962        0.00000
  336.00   -2.90      -91.11383        0.00000
  348.00   -2.90      -91.88389        0.00000
    0.00   -8.71      -98.61075        0.00000
   12.00   -8.71     -103.12560        0.00000
   24.00   -8.71     -111.52838        0.00000
   36.00   -8.71     -133.71367        0.00000
   48.00   -8.71      160.90973        0.00000
   60.00   -8.71      119.47236        0.00000
   72.00   -8.71      106.55162        0.00000
   84.00   -8.71      100.59185        0.00000
   96.00   -8.71       96.99093        0.00000
  108.00   -8.71       94.41199        0.00000
  120.00   -8.71       92.32350        0.00000
  132.00   -8.71       90.45469        0.00000
  144.00   -8.71       88.62609        0.00000
  156.00   -8.71       86.67327        0.00000
  168.00   -8.71       84.38369        0.00000
  180.00   -8.71       81.38925        0.00000
  192.00   -8.71       76.87440        0.00000
  204.00   -8.71       68.47162        0.00000
  216.00   -8.71       46.28633        0.00000
  228.00   -8.71      -19.09027        0.00000
  240.00   -8.71      -60.52764        0.00000
  252.00   -8.71      -73.44838        0.00000
  264.00   -8.71      -79.40815        0.00000
  276.00   -8.71      -83.00907        0.00000
  288.00   -8.71      -85.58801        0.00000
  300.00   -8.71      -87.67650        0.00000
  312.00   -8.71      -89.54531        0.00000
  324.00   -8.71      -91.37391        0.00000
  336.00   -8.71      -93.32673        0.00000
  348.00   -8.71      -95.61631        0.00000
    0.00  -14.52     -104.07143        0.00000
   12.00  -14.52     -111.10514        0.00000
   24.00  -14.52     -123.14342        0.00000
   36.00  -14.52     -147.71168        0.00000
   48.00  -14.52      168.19042        0.00000
   60.00  -14.52      133.08975        0.00000
   72.00  -14.52      116.19411        0.00000
   84.00  -14.52      107.19887        0.00000
   96.00  -14.52      101.47371        0.00000
  108.00  -14.52       97.27806        0.00000
  120.00  -14.52       93.84234        0.00000
  132.00  -14.52       90.75260        0.00000
  144.00  -14.52       87.72658        0.00000
  156.00  -14.52       84.50412        0.00000
  168.00  -14.52       80.75473        0.00000
  180.00  -14.52       75.92857        0.00000
  192.00  -14.52       68.89486        0.00000
  204.00  -14.52       56.85658        0.00000
  216.00  -14.52       32.28832        0.00000
  228.00  -14.52      -11.80958        0.00000
  240.00  -14.52      -46.91025        0.00000
  252.00  -14.52      -63.80589        0.00000
  264.00  -14.52      -72.80113        0.00000
  276.00  -14.52      -78.52629        0.00000
  288.00  -14.52      -82.72194        0.00000
  300.00  -14.52      -86.15766        0.00000
  312.00  -14.52      -89.24740        0.00000
  324.00  -14.52      -92.27342        0.00000
  336.00  -14.52      -95.49588        0.00000
  348.00  -14.52      -99.24527        0.00000
    0.00  -20.32     -109.15238        0.00000
   12.00  -20.32     -118.13801        0.00000
   24.00  -20.32     -132.13757        0.00000
   36.00  -20.32     -155.48521        0.00000
   48.00  -20.32      171.41890        0.00000
   60.00  -20.32      142.34948        0.00000
   72.00  -20.32      124.27932        0.00000
   84.00  -20.32      113.21383        0.00000
   96.00  -20.32      105.70823        0.00000
  108.00  -20.32      100.03522        0.00000
  120.00  -20.32       95.31664        0.00000
  132.00  -20.32       91.04275        0.00000
  144.00  -20.32       86.85146        0.00000
  156.00  -20.32       82.40622        0.00000
  168.00  -20.32       77.29003        0.00000
  180.00  -20.32       70.84762        0.00000
  192.00  -20.32       61.86199        0.00000
  204.00  -20.32       47.86243        0.00000
  216.00  -20.32       24.51479        0.00000
  228.00  -20.32       -8.58110        0.00000
  240.00  -20.32      -37.65052        0.00000
  252.00  -20.32      -55.72068        0.00000
  264.00  -20.32      -66.78617        0.00000
  276.00  -20.32      -74.29177        0.00000
  288.00  -20.32      -79.96478        0.00000
  300.00  -20.32      -84.68336        0.00000
  312.00  -20.32      -88.95725        0.00000
  324.00  -20.32      -93.14854        0.00000
  336.00  -20.32      -97.59378        0.00000
  348.00  -20.32     -102.70997        0.00000
    0.00  -26.13     -113.76841        0.00000
   12.00  -26.13     -124.14306        0.00000
   24.00  -26.13     -138.92337        0.00000
   36.00  -26.13     -160.21926        0.00000
   48.00  -26.13      173.21360        0.00000
   60.00  -26.13      148.68240        0.00000
   72.00  -26.13      130.83758        0.00000
   84.00  -26.13      118.53918        0.00000
   96.00  -26.13      109.62746        0.00000
  108.00  -26.13      102.64722        0.00000
  120.00  -26.13       96.72997        0.00000
  132.00  -26.13       91.32216        0.00000
  144.00  -26.13       86.00999        0.00000
  156.00  -26.13       80.40478        0.00000
  168.00  -26.13       74.03972        0.00000
  180.00  -26.13       66.23159        0.00000
  192.00  -26.13       55.85694        0.00000
  204.00  -26.13       41.07663        0.00000
  216.00  -26.13       19.78074        0.00000
  228.00  -26.13       -6.78640        0.00000
  240.00  -26.13      -31.31760        0.00000
  252.00  -26.13      -49.16242        0.00000
  264.00  -26.13      -61.46082        0.00000
  276.00  -26.13      -70.37254        0.00000
  288.00  -26.13      -77.35278        0.00000
  300.00  -26.13      -83.27003        0.00000
  312.00  -26.13      -88.67784        0.00000
  324.00  -26.13      -93.99001        0.00000
  336.00  -26.13      -99.59522        0.00000
  348.00  -26.13     -105.96028        0.00000
    0.00  -31.94     -117.87723        0.00000
   12.00  -31.94     -129.16396        0.00000
   24.00  -31.94     -144.03197        0.00000
   36.00  -31.94     -163.33105        0.00000
   48.00  -31.94      174.34181        0.00000
   60.00  -31.94      153.13529        0.00000
   72.00  -31.94      136.07234        0.00000
   84.00  -31.94      123.15322        0.00000
   96.00  -31.94      113.18771        0.00000
  108.00  -31.94      105.08397        0.00000
  120.00  -31.94       98.06711        0.00000
  132.00  -31.94       91.58794        0.00000
  144.00  -31.94       85.21096        0.00000
  156.00  -31.94       78.52212        0.00000
  168.00  -31.94       71.04172        0.00000
  180.00  -31.94       62.12277        0.00000
  192.00  -31.94       50.83604        0.00000
  204.00  -31.94       35.96803        0.00000
  216.00  -31.94       16.66895        0.00000
  228.00  -31.94       -5.65819        0.00000
  240.00  -31.94      -26.86471        0.00000
  252.00  -31.94      -43.92766        0.00000
  264.00  -31.94      -56.84678        0.00000
  276.00  -31.94      -66.81229        0.00000
  288.00  -31.94      -74.91603        0.00000
  300.00  -31.94      -81.93289        0.00000
  312.00  -31.94      -88.41206        0.00000
  324.00  -31.94      -94.78904        0.00000
  336.00  -31.94     -101.47788        0.00000
  348.00  -31.94     -108.95828        0.00000
    0.00  -37.74     -121.47105        0.00000
   12.00  -37.74     -133.30632        0.00000
   24.00  -37.74     -147.90734        0.00000
   36.00  -37.74     -165.49271        0.00000
   48.00  -37.74      175.10634        0.00000
   60.00  -37.74      156.35862        0.00000
   72.00  -37.74      140.22554        0.00000
   84.00  -37.74      127.08519        0.00000
   96.00  -37.74      116.36640        0.00000
  108.00  -37.74      107.32184        0.00000
  120.00  -37.74       99.31434        0.00000
  132.00  -37.74       91.83737        0.00000
  144.00  -37.74       84.46259        0.00000
  156.00  -37.74       76.77732        0.00000
  168.00  -37.74       68.32187        0.00000
  180.00  -37.74       58.52895        0.00000
  192.00  -37.74       46.69368        0.00000
  204.00  -37.74       32.09266        0.00000
  216.00  -37.74       14.50729        0.00000
  228.00  -37.74       -4.89366        0.00000
  240.00  -37.74      -23.64138        0.00000
  252.00  -37.74      -39.77446        0.00000
  264.00  -37.74      -52.91481        0.00000
  276.00  -37.74      -63.63360        0.00000
  288.00  -37.74      -72.67816        0.00000
  300.00  -37.74      -80.68566        0.00000
  312.00  -37.74      -88.16263        0.00000
  324.00  -37.74      -95.53741        0.00000
  336.00  -37.74     -103.22268        0.00000
  348.00  -37.74     -111.67813        0.00000
    0.00  -43.55     -124.56556        0.00000
   12.00  -43.55     -136.69304        0.00000
   24.00  -43.55     -150.87525        0.00000
   36.00  -43.55     -167.05339        0.00000
   48.00  -43.55      175.65005        0.00000
   60.00  -43.55      158.74822        0.00000
   72.00  -43.55      143.51522        0.00000
   84.00  -43.55      130.39125        0.00000
   96.00  -43.55      119.15778        0.00000
  108.00  -43.55      109.34343        0.00000
  120.00  -43.55      100.45951        0.00000
  132.00  -43.55       92.06789        0.00000
  144.00  -43.55       83.77243        0.00000
  156.00  -43.55       75.18617        0.00000
  168.00  -43.55       65.89529        0.00000
  180.00  -43.55       55.43444        0.00000
  192.00  -43.55       43.30696        0.00000
  204.00  -43.55       29.12475        0.00000
  216.00  -43.55       12.94661        0.00000
  228.00  -43.55       -4.34995        0.00000
  240.00  -43.55      -21.25178        0.00000
  252.00  -43.55      -36.48478        0.00000
  264.00  -43.55      -49.60875        0.00000
  276.00  -43.55      -60.84222        0.00000
  288.00  -43.55      -70.65657        0.00000
  300.00  -43.55      -79.54049        0.00000
  312.00  -43.55      -87.93211        0.00000
  324.00  -43.55      -96.22757        0.00000
  336.00  -43.55     -104.81383        0.00000
  348.00  -43.55     -114.10471        0.00000
    0.00  -49.35     -127.18970        0.00000
   12.00  -49.35     -139.44037        0.00000
   24.00  -49.35     -153.16465        0.00000
   36.00  -49.35     -168.20929        0.00000
   48.00  -49.35      176.04883        0.00000
   60.00  -49.35      160.54975        0.00000
   72.00  -49.35      146.11763        0.00000
   84.00  -49.35      133.13678        0.00000
   96.00  -49.35      121.56782        0.00000
  108.00  -49.35      111.13683        0.00000
  120.00  -49.35      101.49210        0.00000
  132.00  -49.35       92.27716        0.00000
  144.00  -49.35       83.14732        0.00000
  156.00  -49.35       73.76127        0.00000
  168.00  -49.35       63.76854        0.00000
  180.00  -49.35       52.81030        0.00000
  192.00  -49.35       40.55963        0.00000
  204.00  -49.35       26.83535        0.00000
  216.00  -49.35       11.79071        0.00000
  228.00  -49.35       -3.95117        0.00000
  240.00  -49.35      -19.45025        0.00000
  252.00  -49.35      -33.88237        0.00000
  264.00  -49.35      -46.86322        0.00000
  276.00  -49.35      -58.43218        0.00000
  288.00  -49.35      -68.86317        0.00000
  300.00  -49.35      -78.50790        0.00000
  312.00  -49.35      -87.72284        0.00000
  324.00  -49.35      -96.85268        0.00000
  336.00  -49.35     -106.23873        0.00000
  348.00  -49.35     -116.23146        0.00000
    0.00  -55.16     -129.37790        0.00000
   12.00  -55.16     -141.64812        0.00000
   24.00  -55.16     -154.93491        0.00000
   36.00  -55.16     -169.07777        0.00000
   48.00  -55.16      176.34648        0.00000
   60.00  -55.16      161.92004        0.00000
   72.00  -55.16      148.16822        0.00000
   84.00  -55.16      135.38580        0.00000
   96.00  -55.16      123.60965        0.00000
  108.00  -55.16      112.69467        0.00000
  120.00  -55.16      102.40320        0.00000
  132.00  -55.16       92.46302        0.00000
  144.00  -55.16       82.59330        0.00000
  156.00  -55.16       72.51236        0.00000
  168.00  -55.16       61.94194        0.00000
  180.00  -55.16       50.62210        0.00000
  192.00  -55.16       38.35188        0.00000
  204.00  -55.16       25.06509        0.00000
  216.00  -55.16       10.92223        0.00000
  228.00  -55.16       -3.65352        0.00000
  240.00  -55.16      -18.07996        0.00000
  252.00  -55.16      -31.83178        0.00000
  264.00  -55.16      -44.61420        0.00000
  276.00  -55.16      -56.39035        0.00000
  288.00  -55.16      -67.30533        0.00000
  300.00  -55.16      -77.59680        0.00000
  312.00  -55.16      -87.53698        0.00000
  324.00  -55.16      -97.40670        0.00000
  336.00  -55.16     -107.48764        0.00000
  348.00  -55.16     -118.05806        0.00000
    0.00  -60.97     -131.16472        0.00000
   12.00  -60.97     -143.39745        0.00000
   24.00  -60.97     -156.29710        0.00000
   36.00  -60.97     -169.73244        0.00000
   48.00  -60.97      176.56983        0.00000
   60.00  -60.97      162.96198        0.00000
   72.00  -60.97      149.76851        0.00000
   84.00  -60.97      137.19541        0.00000
   96.00  -60.97      125.29971        0.00000
  108.00  -60.97      114.01306        0.00000
  120.00  -60.97      103.18548        0.00000
  132.00  -60.97       92.62360        0.00000
  144.00  -60.97       82.11566        0.00000
  156.00  -60.97       71.44669        0.00000
  168.00  -60.97       60.41177        0.00000
  180.00  -60.97       48.83528        0.00000
  192.00  -60.97       36.60255        0.00000
  204.00  -60.97       23.70290        0.00000
  216.00  -60.97       10.26756        0.00000
  228.00  -60.97       -3.43017        0.00000
  240.00  -60.97      -17.03802        0.00000
  252.00  -60.97      -30.23149        0.00000
  264.00  -60.97      -42.80459        0.00000
  276.00  -60.97      -54.70029        0.00000
  288.00  -60.97      -65.98694        0.00000
  300.00  -60.97      -76.81452        0.00000
  312.00  -60.97      -87.37640        0.00000
  324.00  -60.97      -97.88434        0.00000
  336.00  -60.97     -108.55331        0.00000
  348.00  -60.97     -119.58823        0.00000
    0.00  -66.77     -132.58170        0.00000
   12.00  -66.77     -144.75198        0.00000
   24.00  -66.77     -157.32889        0.00000
   36.00  -66.77     -170.22102        0.00000
   48.00  -66.77      176.73598        0.00000
   60.00  -66.77      163.74440        0.00000
   72.00  -66.77      150.99338        0.00000
   84.00  -66.77      138.61355        0.00000
   96.00  -66.77      126.65505        0.00000
  108.00  -66.77      115.09052        0.00000
  120.00  -66.77      103.83298        0.00000
  132.00  -66.77       92.75727        0.00000
  144.00  -66.77       81.71883        0.00000
  156.00  -66.77       70.56946        0.00000
  168.00  -66.77       59.17217        0.00000
  180.00  -66.77       47.41830        0.00000
  192.00  -66.77       35.24802        0.00000
  204.00  -66.77       22.67111        0.00000
  216.00  -66.77        9.77898        0.00000
  228.00  -66.77       -3.26402        0.00000
  240.00  -66.77      -16.25560        0.00000
  252.00  -66.77      -29.00662        0.00000
  264.00  -66.77      -41.38645        0.00000
  276.00  -66.77      -53.34495        0.00000
  288.00  -66.77      -64.90948        0.00000
  300.00  -66.77      -76.16702        0.00000
  312.00  -66.77      -87.24273        0.00000
  324.00  -66.77      -98.28117        0.00000
  336.00  -66.77     -109.43054        0.00000
  348.00  -66.77     -120.82783        0.00000
    0.00  -72.58     -133.65560        0.00000
   12.00  -72.58     -145.75996        0.00000
   24.00  -72.58     -158.08436        0.00000
   36.00  -72.58     -170.57500        0.00000
   48.00  -72.58      176.85609        0.00000
   60.00  -72.58      164.31376        0.00000
   72.00  -72.58      151.89708        0.00000
   84.00  -72.58      139.67852        0.00000
   96.00  -72.58      127.69135        0.00000
  108.00  -72.58      115.92709        0.00000
  120.00  -72.58      104.34110        0.00000
  132.00  -72.58       92.86265        0.00000
  144.00  -72.58       81.40644        0.00000
  156.00  -72.58       69.88425        0.00000
  168.00  -72.58       58.21660        0.00000
  180.00  -72.58       46.34440        0.00000
  192.00  -72.58       34.24004        0.00000
  204.00  -72.58       21.91564        0.00000
  216.00  -72.58        9.42500        0.00000
  228.00  -72.58       -3.14391        0.00000
  240.00  -72.58      -15.68624        0.00000
  252.00  -72.58      -28.10292        0.00000
  264.00  -72.58      -40.32148        0.00000
  276.00  -72.58      -52.30865        0.00000
  288.00  -72.58      -64.07291        0.00000
  300.00  -72.58      -75.65890        0.00000
  312.00  -72.58      -87.13735        0.00000
  324.00  -72.58      -98.59356        0.00000
  336.00  -72.58     -110.11575        0.00000
  348.00  -72.58     -121.78340        0.00000
    0.00  -78.39     -134.40753        0.00000
   12.00  -78.39     -146.45647        0.00000
   24.00  -78.39     -158.60048        0.00000
   36.00  -78.39     -170.81509        0.00000
   48.00  -78.39      176.93742        0.00000
   60.00  -78.39      164.70108        0.00000
   72.00  -78.39      152.51775        0.00000
   84.00  -78.39      140.41923        0.00000
   96.00  -78.39      128.42172        0.00000
  108.00  -78.39      116.52357        0.00000
  120.00  -78.39      104.70639        0.00000
  132.00  -78.39       92.93870        0.00000
  144.00  -78.39       81.18131        0.00000
  156.00  -78.39       69.39342        0.00000
  168.00  -78.39       57.53898        0.00000
  180.00  -78.39       45.59247        0.00000
  192.00  -78.39       33.54353        0.00000
  204.00  -78.39       21.39952        0.00000
  216.00  -78.39        9.18491        0.00000
  228.00  -78.39       -3.06258        0.00000
  240.00  -78.39      -15.29892        0.00000
  252.00  -78.39      -27.48225        0.00000
  264.00  -78.39      -39.58077        0.00000
  276.00  -78.39      -51.57828        0.00000
  288.00  -78.39      -63.47643        0.00000
  300.00  -78.39      -75.29361        0.00000
  312.00  -78.39      -87.06130        0.00000
  324.00  -78.39      -98.81869        0.00000
  336.00  -78.39     -110.60658        0.00000
  348.00  -78.39     -122.46102        0.00000
    0.00  -84.19     -134.85264        0.00000
   12.00  -84.19     -146.86524        0.00000
   24.00  -84.19     -158.90121        0.00000
   36.00  -84.19     -170.95435        0.00000
   48.00  -84.19      176.98456        0.00000
   60.00  -84.19      164.92616        0.00000
   72.00  -84.19      152.88060        0.00000
   84.00  -84.19      140.85578        0.00000
   96.00  -84.19      128.85594        0.00000
  108.00  -84.19      116.88096        0.00000
  120.00  -84.19      104.92648        0.00000
  132.00  -84.19       92.98464        0.00000
  144.00  -84.19       81.04543        0.00000
  156.00  -84.19       69.09842        0.00000
  168.00  -84.19       57.13448        0.00000
  180.00  -84.19       45.14736        0.00000
  192.00  -84.19       33.13476        0.00000
  204.00  -84.19       21.09879        0.00000
  216.00  -84.19        9.04565        0.00000
  228.00  -84.19       -3.01544        0.00000
  240.00  -84.19      -15.07384        0.00000
  252.00  -84.19      -27.11940        0.00000
  264.00  -84.19      -39.14422        0.00000
  276.00  -84.19      -51.14406        0.00000
  288.00  -84.19      -63.11904        0.00000
  300.00  -84.19      -75.07352        0.00000
  312.00  -84.19      -87.01536        0.00000
  324.00  -84.19      -98.95457        0.00000
  336.00  -84.19     -110.90158        0.00000
  348.00  -84.19     -122.86552        0.00000
