 -6.551684758952617E-024
 -9.422433515330783E-024
  2.430242431537006E-023
  2.483590469623896E-017
  2.108599491635031E-007
  2.108599491635020E-007
 -2.553745260125011E-025
 -1.433902347085025E-017
  6.534428654157660E-024
 -1.084657755818290E-023
  5.428076745643293E-024
 -1.385462436402803E-021
 -6.147706269662968E-022
  3.139049392361618E-024
  1.029909528712423E-025
  1.298934980877362E-024
 -1.476226286285894E-019
 -1.475817842639488E-019
  4.953468555110187E-025
 -1.363244303696681E-025
 -1.842526713532353E-021
 -4.774010856053934E-022
  1.468528437403841E-024
 -1.769712208526716E-024
  2.090527429433928E-023
  5.569601914602569E-023
  6.522831484478867E-023
 -6.746294688864542E-022
 -3.066147180751632E-022
 -1.664635147907038E-023
 -3.863247198763128E-023
 -2.606342332786867E-021
 -3.215948812202648E-022
  5.405988356174336E-024
 -1.211476590744027E-025
 -1.508667038102620E-023
 -1.860780846961552E-019
 -1.861426681007667E-019
  2.321865436459468E-023
 -1.454481938566150E-023
 -1.197702852922558E-021
 -3.392832235581678E-022
  1.326276021955723E-023
 -4.581681951088402E-023
 -2.801102081873726E-021
 -1.713263975883144E-022
 -1.295582461914607E-023
 -7.470765449178407E-024
 -6.080464522532364E-023
  1.023794018307223E-023
 -1.630668592394971E-022
 -4.828755626760479E-022
 -2.012277296260975E-022
  8.315783168773328E-024
 -7.516132792255573E-023
 -1.943379521882959E-021
 -2.557134252793768E-022
  2.372572692228621E-023
 -1.733808085569173E-024
 -3.509649731469489E-021
  1.024401259978973E-021
 -2.734040542078949E-024
  1.561031383261889E-023
  2.512480270762374E-023
 -3.995243628985864E-021
 -3.840149945052749E-021
 -1.210979551100409E-023
 -1.777007695070118E-024
 -9.076797492231265E-022
 -2.485968558864927E-022
  2.739530358079823E-023
  1.394521900644537E-023
 -2.294204339663019E-021
 -1.468098353538796E-022
  1.103615832487575E-023
  2.732482928105387E-024
 -3.295777968228692E-021
  2.258361874223777E-022
  3.238233800424813E-024
 -1.763236555727426E-024
 -5.427710989501957E-023
  4.911058388594480E-023
 -1.251509565527186E-022
 -3.676654484327798E-022
 -1.259881916116055E-022
  4.104168023967090E-023
 -5.694499304977649E-024
 -1.549658145323049E-021
 -2.124414356835246E-022
 -4.254804240540081E-024
  6.419538055178101E-025
 -3.039514535561629E-021
  9.166874730760169E-022
 -7.892233927393661E-024
  2.774557363532294E-023
 -4.950937382599618E-021
  9.803557736239737E-022
  8.993333004242742E-024
  4.308511966137099E-024
 -9.429556303945732E-025
  3.529775550274999E-019
  3.529988468790546E-019
 -5.517454830127929E-023
 -4.250339110074680E-023
 -7.359725943452143E-022
 -1.731245503363764E-022
 -2.057627904028486E-023
  2.553727025722795E-024
 -1.891721152750416E-021
 -9.586322942628738E-023
  3.288104222360401E-023
 -9.859499307061645E-025
 -2.992961238764377E-021
  1.689170949813279E-022
  1.017191634940392E-023
 -5.006522132562646E-024
 -6.060618373126574E-021
  1.033948312944134E-021
  1.191672419374410E-023
  1.135950041998133E-023
 -1.129446833359084E-022
  5.060217060222348E-022
 -6.928465446353904E-023
 -2.712011629820803E-022
 -1.376595289137176E-022
 -3.084135875182929E-023
  1.819315185146567E-023
 -1.312975876963182E-021
 -1.372579583388390E-022
 -4.906310628910699E-023
  2.367899856551278E-023
 -2.612982658462396E-021
  7.741190951385141E-022
 -5.066867834329203E-025
  2.584030510959018E-024
 -4.649115065707947E-021
  9.044439247422681E-022
  1.629527220294054E-023
 -4.607888892026293E-024
 -7.249647964782426E-021
  2.273331743648475E-021
 -1.146211874084587E-023
  1.928449899867229E-024
  5.734868061435195E-023
  5.987226327668117E-019
  5.982333171702723E-019
  8.294287354098707E-023
  6.202755724891972E-023
 -6.194630065836442E-022
 -8.630919741043128E-023
 -5.599255619148294E-023
  1.564725388886473E-024
 -1.610565124140336E-021
 -1.695975801900449E-022
  7.048534023059902E-024
 -3.845616109972863E-023
 -2.585605776842239E-021
  1.142595672238128E-022
 -2.300437331209136E-023
  1.607762188723100E-023
 -5.778714675437827E-021
  9.765254317905353E-022
  1.188719534034140E-024
 -2.443282490127868E-023
 -7.614170584194081E-021
  2.358941946206022E-021
 -3.587434726478007E-023
 -1.276284645203834E-023
 -9.030477227360812E-023
 -2.999757368355304E-022
 -2.339547311858300E-022
 -2.128695534539819E-022
 -1.445113833413433E-022
 -2.473955099931278E-024
  2.496449069614367E-023
 -1.055104345999261E-021
 -1.030273400252449E-022
  1.006356209245955E-023
  1.767245710647329E-023
 -2.225903286055141E-021
  6.314978417374514E-022
 -2.723170553660904E-023
  4.238629868151756E-024
 -4.075625889612045E-021
  7.889506371555909E-022
  3.835741252052019E-023
  7.848747836140262E-024
 -7.043423138804782E-021
  2.203889967259967E-021
 -2.967751489857769E-023
  3.260602670097860E-023
 -5.449029264185675E-021
  1.097199947702036E-021
 -7.589720120306022E-024
 -2.507151417785388E-023
 -1.956285878998196E-023
  4.248910618443472E-019
  4.239006355153194E-019
  1.811170371805296E-023
 -9.762392375769459E-023
 -5.431300913134841E-022
 -8.564072754409435E-023
 -1.434010901716862E-023
  8.308770815806304E-023
 -1.405099593851656E-021
 -3.861175005211326E-023
  2.400268110892859E-023
  2.751542997883948E-024
 -2.302630891263192E-021
  1.296707745640650E-022
 -2.920526877144699E-023
  4.357151265109393E-023
 -5.283223453112961E-021
  9.004722018339008E-022
 -7.699553629783905E-024
  2.674820720439052E-023
 -7.569762595353557E-021
  2.352147526867298E-021
  1.026535804024646E-023
 -6.987214398956676E-023
 -5.914519830037383E-021
  4.283487115531451E-021
 -4.201139653114103E-025
 -3.316253680109413E-023
 -1.614127851636038E-022
 -1.867896295354317E-022
  8.871453882913041E-023
 -1.475259580464757E-022
  1.460095347008540E-024
 -4.192179495269499E-023
 -3.378008209007678E-023
 -9.461092358753878E-022
 -1.100009626485735E-022
  2.201535199811222E-028
 -7.158198507402858E-023
 -1.994425297293245E-021
  5.127555580033224E-022
 -3.605199662291976E-024
  5.811123539782173E-023
 -3.726101772954537E-021
  7.689514818862391E-022
 -4.836885164179892E-024
 -1.444941012483763E-023
 -6.565260418589760E-021
  2.017061944553660E-021
  9.709300875607224E-024
  4.427032393147198E-024
 -5.509960017387723E-021
  1.135029388469134E-021
 -6.019631105345840E-023
 -2.696554298620643E-023
 -9.060791453402507E-021
  5.435251366015619E-021
  2.587833729648587E-023
 -4.941740631846103E-024
  1.335560808341134E-022
 -1.834249362833809E-019
 -1.833527598551321E-019
 -5.966663740552082E-023
  4.006991856633029E-022
 -5.411937563961007E-022
 -7.950050489734449E-023
  7.171680721235776E-023
  6.606380702966045E-023
 -1.203354415744483E-021
 -2.917895099764481E-023
  1.744987282690917E-023
 -2.084526022135146E-023
 -1.976780354584974E-021
  2.069744590645772E-022
  1.466479860165254E-023
 -3.095831110709268E-023
 -4.748113375875227E-021
  8.275652851635513E-022
 -1.935746555498902E-023
  4.089859945506542E-023
 -7.069966582996621E-021
  2.229062970915701E-021
 -4.014371304709708E-023
 -5.040480803422632E-023
 -6.104759678939510E-021
  4.376997163691266E-021
 -1.542835270276235E-023
 -1.797194684932344E-023
 -6.134490529356592E-021
  5.158828648121202E-021
  7.099317546683954E-024
  1.378940859433955E-024
  1.590538743910221E-022
 -3.275355406989537E-022
 -2.449518106025125E-022
 -3.125203667395026E-022
 -1.586298754428228E-022
  6.247047697333343E-023
 -1.509933349040590E-022
 -8.737103791668397E-022
 -5.610228246440015E-023
 -6.430336822544218E-023
 -3.274045495281076E-023
 -1.732581553081679E-021
  5.523012731947552E-022
  4.053045208277627E-023
  4.684671504931603E-025
 -3.366159142068031E-021
  6.527437471328532E-022
 -4.361237833574348E-023
  4.040982245104908E-023
 -6.005193469121959E-021
  1.844352362276278E-021
  4.536829914794436E-024
 -2.604848193883533E-023
 -5.256329288429713E-021
  1.019321000769031E-021
 -6.689912158584657E-023
 -3.262168234914550E-023
 -9.376213477868411E-021
  5.572112037768557E-021
  5.539330934945569E-023
  2.023459628520894E-023
 -6.632210400064204E-021
  2.779694003842415E-021
  1.815856154636073E-024
  3.094627213474328E-023
 -1.171585702565263E-022
 -8.633425841132194E-019
 -8.634744589284063E-019
 -1.827799086416465E-022
  5.218214694231257E-023
 -4.185571600177115E-022
 -1.160007925658380E-022
 -4.061970180679935E-023
 -3.990739588125540E-023
 -1.147478189266550E-021
  5.386566183845140E-023
  3.092051552598039E-023
  1.240397405708337E-023
 -1.799245905076253E-021
  8.978433203535488E-023
  5.098350494751114E-023
  2.561645372839428E-024
 -4.320022481269231E-021
  7.762682250468997E-022
 -6.331320880922225E-023
 -1.418091335380970E-023
 -6.552689414423101E-021
  2.003604886321554E-021
  5.293673375582988E-024
 -3.777122419521658E-023
 -5.858686982370689E-021
  4.274180241447185E-021
 -2.244901627639839E-023
 -7.073712130855002E-023
 -6.425299513101266E-021
  5.420303049170140E-021
 -1.446440007757831E-023
  4.613554973929419E-023
 -9.476169706009298E-021
  6.086559959093257E-021
  1.424417133373523E-023
 -7.140278015830148E-024
  2.757895383842336E-023
  6.740169012468505E-023
  3.339186229412629E-022
 -2.406160674681703E-022
 -5.847617673090760E-023
  9.953167997982849E-023
  6.653304288077885E-023
 -8.658469024312353E-022
 -7.757534382262232E-023
 -6.195553669632484E-023
  9.654967927702803E-023
 -1.567636075243567E-021
  4.346567891421073E-022
  3.562358678272949E-023
  2.799025600374228E-023
 -2.983005127448086E-021
  5.529507070848506E-022
 -6.999976850474171E-023
 -9.824229474418743E-024
 -5.426982944874732E-021
  1.698731409438200E-021
 -1.439435558379717E-024
  3.979972277287889E-023
 -4.832253103865997E-021
  1.000217032298010E-021
  8.742280550460487E-023
 -1.032174536105054E-022
 -8.957495394856043E-021
  5.399716015853497E-021
  6.074453035481201E-023
  5.861385670571741E-024
 -7.006168036386144E-021
  2.947847273566456E-021
 -7.932760978169337E-024
  2.114979473889091E-023
 -9.977519772835244E-021
  9.423855851315003E-021
 -2.755266772584464E-024
 -3.063356535776913E-024
  2.144871055926605E-022
 -1.097032253464110E-018
 -1.096783650973059E-018
  5.050000512264880E-024
 -4.903857570487287E-023
 -2.962413448351783E-022
 -1.416983745592617E-022
  4.856555287974934E-023
  1.221808451630000E-022
 -9.618980235415089E-022
 -5.773254680803440E-023
  1.182455838908357E-023
 -2.501833342769015E-023
 -1.630137195953919E-021
  1.231245135867229E-022
  7.221140875908928E-023
  5.591842702460930E-023
 -3.949945377590232E-021
  7.140606922171213E-022
  8.257635050130519E-023
  2.041817026608003E-023
 -6.080644351872349E-021
  1.869504026768704E-021
 -1.355853112649797E-023
  6.286670611204958E-023
 -5.399079332249121E-021
  3.899229515325662E-021
 -4.333397992422867E-024
 -1.056283733913847E-023
 -6.233332653879271E-021
  5.260971962674189E-021
 -2.159533265335950E-023
  5.460021876542565E-024
 -1.012992771322796E-020
  6.447858261622910E-021
 -3.998324277186294E-023
 -9.004284304775132E-023
 -6.582112423312225E-021
  1.239189751498120E-020
  9.574729282004704E-024
  1.687375768747888E-023
  3.006949607887539E-022
 -5.620092357910325E-022
  3.905971548953854E-022
 -2.990233955237530E-022
  3.280015295118590E-023
 -1.213227200570212E-022
  8.105280486684377E-024
 -7.318081096487627E-022
 -2.908394546908940E-023
 -1.325339999128690E-022
  5.817214263698829E-024
 -1.449345153919292E-021
  4.572727625014968E-022
  7.245855885142657E-023
  5.003492765480363E-023
 -2.768614847841707E-021
  5.215171183064092E-022
  2.319966844465302E-023
  2.810649319120179E-023
 -5.048747214092473E-021
  1.516051301375663E-021
 -3.882591368181457E-023
  3.796190640954781E-023
 -4.601772133325387E-021
  8.678206714976958E-022
 -5.308198049224121E-023
  3.939755379071317E-024
 -8.657900092459171E-021
  5.154251755091863E-021
  6.522529628814308E-023
 -3.060962832503003E-023
 -6.801913236555204E-021
  2.889329600537033E-021
 -7.462336061172607E-023
  3.551837406932459E-023
 -1.068809212545182E-020
  1.006741955608993E-020
 -3.255488145471969E-023
 -5.282016627099193E-023
 -3.084472522925616E-022
  7.657574606716624E-021
 -6.508024882903171E-024
  2.480721858641051E-023
 -1.039959848146658E-022
 -5.636744268650137E-019
 -5.644372723742409E-019
 -9.838764151439037E-023
  1.135223125691903E-022
 -2.563364113917114E-022
 -1.500095591511122E-022
  6.445389259006454E-023
 -1.479395525498841E-022
 -8.561834753282453E-022
  2.095108724331590E-023
 -5.320428888617264E-023
 -1.118251836005083E-023
 -1.511442057979857E-021
 -1.287116999549980E-023
 -8.522255031042385E-025
 -1.877619579862730E-023
 -3.716596415343538E-021
  6.424421421272658E-022
  1.584552882762014E-023
 -3.957480212958697E-023
 -5.582066109753608E-021
  1.710340542744904E-021
  1.879921801907417E-023
 -4.397854880426000E-023
 -4.972968590950494E-021
  3.651270232123607E-021
 -6.928426176468110E-023
 -6.232003502709512E-023
 -5.671046091912251E-021
  4.939953433399827E-021
  6.286320506384158E-023
 -1.213567905674878E-022
 -9.856922969813367E-021
  6.286294850067142E-021
 -9.932544227625762E-024
 -7.664579583706050E-023
 -7.086737716336476E-021
  1.328569379249591E-020
  7.865700477679999E-023
  1.552541814893908E-024
 -1.491286338560813E-020
  7.803726435550384E-021
 -3.987570407196559E-023
  4.332855312645657E-023
  3.710476982036105E-023
  1.215279449827023E-022
  2.880670666519536E-022
  1.574711221632606E-023
  1.443923582013381E-022
 -4.426700499492643E-023
  4.138932349632431E-023
 -6.057318495102482E-022
  5.030119007335452E-025
 -5.711190107796246E-023
 -3.524984043957033E-023
 -1.286053474491173E-021
  2.747265210939380E-022
 -2.171555112095633E-023
 -7.619072204553442E-023
 -2.496725248186653E-021
  5.152510525864126E-022
  3.002121655921741E-023
  6.232523182453985E-023
 -4.635486486106485E-021
  1.386746535347712E-021
 -1.230686547928360E-022
 -9.092308179570262E-024
 -4.261023035232744E-021
  9.286549034623212E-022
 -4.654936322420520E-023
 -8.373716082524273E-023
 -8.044160817025176E-021
  4.794697223430098E-021
 -6.626808188209086E-023
 -2.808150038026102E-023
 -6.400478938858932E-021
  2.810373589860363E-021
 -5.592799647791469E-024
  1.279503846798128E-023
 -1.049874253661630E-020
  1.003743423341980E-020
 -5.724938124184442E-023
 -1.245225741187202E-023
 -4.679346631118490E-022
  8.278900713687451E-021
 -9.649590847672576E-023
  8.048655127259017E-024
 -7.313813179598680E-021
  1.722433863424907E-020
 -9.467797328015591E-024
 -1.184930780406944E-023
 -2.513941238100285E-024
  5.460651735343970E-019
  5.440946613727101E-019
  8.544983302080155E-023
  1.293228591733463E-023
 -2.893258816147573E-022
 -1.664247926896284E-022
 -4.405518366719558E-023
 -3.495314139123897E-023
 -7.516935590825321E-022
  3.618172018329379E-023
  1.254803600363406E-023
  7.582783489233352E-024
 -1.422022388277989E-021
  1.755596658064667E-022
 -3.933254001067512E-024
 -6.502092141408085E-023
 -3.279355805326541E-021
  6.125088427678445E-022
  5.044799796111078E-023
  2.285361433697277E-023
 -5.212120106350155E-021
  1.541334508928782E-021
  2.466070243391932E-023
 -7.127155059992431E-023
 -4.729603718757429E-021
  3.468342636739377E-021
 -4.124204088142521E-023
  1.360804706966129E-024
 -5.634416875147915E-021
  4.722171480103608E-021
  8.948763836213800E-023
 -1.302689866370111E-022
 -9.654185025233531E-021
  6.156792884774954E-021
  1.046309191269333E-022
  2.503283641179732E-023
 -6.946579505323853E-021
  1.329400471371365E-020
  7.405587798955620E-023
 -8.418619586038639E-023
 -1.627491188528564E-020
  8.298734713222592E-021
 -8.806885442449411E-023
  8.406666133547304E-023
 -2.498344976483300E-021
  8.546816803459671E-021
  7.883829623451081E-024
 -3.995722157128137E-023
 -1.759320515409670E-022
  3.436441580073091E-023
  4.759030695608623E-023
 -4.471499580804567E-022
  3.051859188038057E-022
 -5.878421719032588E-023
 -1.611036083177651E-024
 -6.975142554592596E-022
 -9.175105565485128E-023
  2.522107123714344E-024
  2.833200395198735E-023
 -1.313275116603665E-021
  4.100255996540001E-022
  3.593316221035301E-023
 -5.562926693683271E-023
 -2.436501328488959E-021
  3.612985065317829E-022
 -9.369773471710717E-023
  9.233638922737068E-023
 -4.406300290436375E-021
  1.325864395717692E-021
 -4.660918871426189E-023
  2.875563768444217E-023
 -4.011266956612279E-021
  7.183020422055320E-022
 -8.623031391313148E-023
 -9.651156509549743E-024
 -7.527436775900974E-021
  4.445677122983333E-021
  2.809750804978451E-023
 -2.601967432288491E-023
 -6.021480722814568E-021
  2.620054044040757E-021
 -6.128054945429396E-023
 -4.355791709781444E-023
 -1.019027267232108E-020
  9.696908992835039E-021
 -5.440393709458171E-023
 -1.019161042022466E-022
 -3.061149706247214E-022
  8.350396657964849E-021
 -1.481187466841094E-022
  3.447040056655732E-023
 -8.032348618052919E-021
  1.896084455948411E-020
 -1.064116061356101E-022
  2.099734313352538E-023
 -1.086757515954347E-020
  1.479162462896599E-020
  4.709304876927333E-023
 -4.009410098291865E-023
