  3.637874314121591E-032
 -2.029000806848006E-007
  2.029000806848017E-007
 -1.784787196514267E-034
 -5.278414631506431E-024
 -2.427851436742579E-024
  3.604839246229601E-022
 -8.273382189173476E-022
 -3.017870013286483E-035
  8.249499087160161E-021
 -8.243021148831577E-021
  8.029127712074896E-024
 -6.239037117650460E-024
  2.156881215422748E-022
 -8.595066861112971E-022
  5.847123113102966E-035
 -2.635656593320871E-025
  2.098144401088804E-025
  2.991699413259799E-023
 -9.367336701910430E-023
 -2.021911068894114E-024
 -2.562875297231810E-024
  1.292597670191158E-022
 -1.030391708195290E-021
  5.960293276255882E-034
  7.216486787538288E-021
 -7.220443399450538E-021
  1.216115056561368E-024
 -1.253113435501882E-024
  3.935841671430014E-023
 -1.615900288886018E-022
 -5.846454265364101E-024
  6.066032873322877E-024
  4.052727997578869E-023
 -9.684586280534941E-022
  1.320318128574425E-034
  3.813227833909040E-024
  4.312586538314379E-024
  1.143379970861318E-023
 -2.382720455487674E-023
  1.057582011291566E-024
  4.938268502812294E-024
  3.169686520930889E-023
 -2.606189575204840E-022
 -1.306703215328331E-024
 -1.630279729044355E-024
 -3.314103771559336E-022
 -1.102783368788278E-021
 -1.122270411193916E-033
  2.779360226346997E-021
 -2.787366208085338E-021
 -7.934172330648605E-025
  6.792103858967100E-025
  1.558200516731725E-023
 -5.871849695188182E-023
 -1.912881240412502E-025
 -3.905065782598812E-024
  1.637325862529762E-023
 -2.990769784028070E-022
 -3.556181847024806E-024
  2.950318533309936E-024
 -5.701338855234823E-023
 -9.517953431099036E-022
  1.735275255558741E-034
  3.925938477932017E-024
 -3.486756017476975E-024
  7.980076235774160E-024
 -7.105938400317022E-024
  3.545753490776915E-024
 -5.210414183048287E-025
  1.360056456788708E-023
 -1.087769429572599E-022
  7.656967494414214E-025
  5.005656521019714E-024
 -1.167113028991255E-022
 -3.794122691393340E-022
  4.811518464905189E-024
  3.516784597808880E-024
 -2.615532847090132E-022
 -1.326831983895823E-021
 -1.441032931348216E-033
 -1.857243265646076E-021
  1.858701081641710E-021
 -3.183592253077942E-025
  2.616408098387512E-024
  9.804842550651430E-024
 -2.894237369875229E-023
  5.080389492040933E-024
  1.327404199370676E-024
  6.780010459287901E-024
 -1.347483606839574E-022
  1.434355199948256E-024
  1.071702112133168E-024
 -2.530025404758765E-023
 -3.521952304768829E-022
 -2.819660474083597E-024
  1.556370034901694E-024
 -2.627023458809761E-022
 -1.512804797727987E-021
  8.299142523564598E-035
  9.724482615399120E-025
 -3.111046096586803E-025
  2.910285101335459E-024
 -7.728172615178371E-024
 -3.088691488656784E-024
 -1.288308703960422E-024
  8.377210182829014E-024
 -5.606853640379939E-023
  2.466858962374418E-024
 -2.045875589762221E-024
 -5.278251792013077E-023
 -1.801533633740751E-022
  6.397328101239106E-024
  4.181937215524121E-024
 -1.054198337631880E-022
 -5.285766272990107E-022
  5.619510085001992E-024
  3.384454334350816E-024
 -5.426063729892485E-022
 -1.707236754627043E-021
 -1.369358518532511E-033
 -4.252032961518254E-021
  4.257681237810591E-021
  1.330779744444316E-024
 -4.645796329610383E-024
  1.868487146369747E-024
 -1.644734386841265E-023
  7.437664678069892E-025
  2.798163936541461E-024
  1.409067082193165E-024
 -7.240844766206707E-023
  1.202334824218533E-024
 -8.350953625664514E-026
 -1.130158297540340E-023
 -1.862793752253292E-022
  5.132925473236856E-025
 -4.376304600858625E-025
 -1.139088819500025E-022
 -6.414163452521384E-022
 -1.079507466202230E-023
  1.206197212836793E-023
 -5.237598340900054E-022
 -1.714845847613708E-021
 -3.395103775814659E-035
  2.330672234036113E-024
 -2.677217224875749E-024
  9.545731397251640E-025
 -6.488515277113658E-024
 -3.160369669084316E-024
  1.008185658418066E-024
  3.840119495387141E-024
 -3.344056906449905E-023
  1.881135570590096E-024
 -1.962450887137412E-024
 -3.545755075765375E-023
 -1.051937938901407E-022
  3.022510838782404E-024
 -3.783249623594077E-024
 -5.619040964491147E-023
 -2.931952551411615E-022
 -1.265968663396741E-024
 -4.725773839090286E-024
 -2.508094405334200E-022
 -7.638525840676420E-022
 -3.605873431896677E-024
  9.411263397660994E-025
 -2.457056003393488E-022
 -1.176571946433901E-021
  6.978824405743301E-034
 -3.548266035624911E-021
  3.541961974522029E-021
  1.434410257478044E-024
 -1.877248634326139E-025
  4.017490606397973E-024
 -1.038876547616992E-023
  1.516106846991371E-024
 -3.208967876276131E-025
 -9.391949477099318E-025
 -4.489915967698005E-023
  4.168324337856195E-024
  1.674262895786879E-024
 -8.170221776833072E-025
 -1.090830220026800E-022
 -4.083544306547571E-024
  5.682263005462905E-024
 -5.778365335090163E-023
 -3.674718924786468E-022
  5.540293862495623E-024
 -1.946688899937466E-024
 -2.414540614183058E-022
 -7.963934809259442E-022
 -2.463335246710153E-024
 -8.407235700941186E-024
 -8.859217543560632E-022
 -1.220597389214141E-021
 -9.808077552116281E-035
  3.016532512178993E-024
 -1.424390469693509E-024
  2.424588746778935E-024
  1.072954813919770E-024
  3.548878418089234E-024
 -2.117249332386788E-024
  8.616751615332805E-025
 -2.132116158334870E-023
 -2.649141742901719E-024
 -1.744559361659752E-024
 -2.044177914426503E-023
 -6.749117377087962E-023
  3.316997542257203E-024
  2.769300580623289E-024
 -3.110679710458166E-023
 -1.723911637705152E-022
 -1.970018484630598E-024
 -2.532572263314384E-024
 -1.426732982091186E-022
 -4.423953912023260E-022
  8.228332696568570E-024
 -2.070564751437243E-024
 -1.192933358671838E-022
 -5.604832349448274E-022
  2.366104866361393E-024
 -4.067478344274585E-024
 -1.075962667600449E-021
 -1.808634652538168E-021
  2.037062258973847E-033
 -7.925247910820131E-022
  7.904370293555555E-022
  1.344538757385980E-025
  1.883864047379190E-024
  1.471052460633787E-024
 -5.304155254905429E-024
  4.331472546608826E-024
  6.660989622185718E-025
  3.968881154610501E-025
 -3.126446145340570E-023
  2.497879158765665E-024
  1.375158758595298E-024
 -5.601610284020212E-024
 -7.032103095682045E-023
  1.377649523419993E-024
 -5.323168541893918E-024
 -3.991828390420961E-023
 -2.333988936437999E-022
 -5.621873059529298E-024
 -6.138428445518062E-025
 -1.470786431466713E-022
 -4.760365694059087E-022
 -8.360527087275231E-024
  7.637029643501871E-024
 -4.330464929079285E-022
 -6.003510854076092E-022
  4.610001803579253E-024
 -5.457682910652084E-024
 -9.822586443202956E-022
 -1.165316265974385E-021
 -7.544675042506243E-035
 -2.827737439468122E-024
  3.927509878112950E-024
  3.397277864090999E-025
  1.216165214994954E-024
  5.478857289283450E-025
 -3.196695905067189E-025
  1.839426945993462E-024
 -1.438158361242413E-023
  1.630035397808437E-024
 -1.666441653079714E-024
 -1.429437458260432E-023
 -4.377504683553219E-023
  7.293977729825755E-025
 -2.302208310953268E-024
 -2.413121766126598E-023
 -1.135481712633642E-022
 -4.795319759693992E-024
  3.189948824730596E-025
 -9.058378244406892E-023
 -2.890977253885262E-022
  2.712254265055905E-024
 -5.413794940521851E-025
 -6.769806873197482E-023
 -3.434461948732662E-022
  1.531346680586373E-024
 -4.247355006905861E-025
 -5.550200162178120E-022
 -9.073322815487544E-022
 -6.399715858641001E-024
  1.190879952270227E-024
 -5.104105112186470E-022
 -1.219238161472993E-021
 -1.810722007977059E-034
  1.904342598034076E-021
 -1.908775513067991E-021
 -4.969894487314178E-025
  1.320770258236091E-024
  2.470706475568077E-025
 -4.490926285140992E-024
  9.293889515411622E-025
  1.145115397249268E-024
  2.084632243061280E-024
 -1.881298447754638E-023
  1.387858401205643E-024
 -5.127500995039363E-025
 -1.226008228816467E-024
 -4.710506060198646E-023
 -3.470388856605643E-025
 -1.092521505129338E-024
 -2.542948498754753E-023
 -1.565087586599718E-022
  4.682004222414273E-024
 -3.459059210086364E-025
 -1.009264723665283E-022
 -3.176638372230215E-022
  1.082391358629621E-025
  6.225357812220828E-024
 -2.710255495568630E-022
 -3.755804767654905E-022
 -1.347150822413172E-024
  3.316093391317873E-024
 -5.079373745665702E-022
 -5.923027481685502E-022
 -1.726317018283719E-024
  6.813096013021367E-025
 -1.090379731857275E-021
 -1.689607090739070E-021
 -3.244210265581525E-034
 -1.843451002031912E-024
 -1.039832363272595E-024
  1.909397387020888E-024
  2.217623474330708E-024
  3.791201345703259E-025
  1.671094382291278E-024
  2.904205669721526E-024
 -9.696745723436221E-024
  9.994116245395830E-025
 -7.667581914666822E-025
 -9.660525244820445E-024
 -3.210313008574505E-023
  5.927920160238526E-025
  4.007113804015277E-025
 -1.555210457120470E-023
 -8.181188525771509E-023
  1.120516130029800E-024
  1.962898616247693E-024
 -6.501820270506544E-023
 -2.028630346812629E-022
 -7.820794578762012E-026
 -2.055088061015205E-024
 -4.546708944779582E-023
 -2.322073813747320E-022
  3.291034369114786E-024
 -4.385375839245534E-024
 -3.495726505273404E-022
 -5.844018213256984E-022
 -2.516318981563442E-024
  7.612505432844536E-024
 -2.652347106728523E-022
 -6.487168555984940E-022
 -5.027720121418106E-024
 -8.553333586424248E-024
 -1.633068652270740E-021
 -1.707372544392462E-021
 -7.242888031908237E-034
  3.051939643030536E-021
 -3.050549668274392E-021
 -3.929897956399181E-025
  2.251812340442231E-024
  1.605637859606044E-024
 -3.442933058507208E-024
 -7.974166257278035E-025
 -1.856031574775164E-024
  1.304620793768755E-025
 -1.267497174293863E-023
 -3.629864464937408E-025
 -3.432587664702636E-025
 -8.884204888392473E-025
 -3.202895100724715E-023
  1.219816898902705E-024
 -1.149411677651342E-024
 -2.018866744495326E-023
 -1.108954861872852E-022
  1.632675021040944E-024
  2.597071786619399E-024
 -6.654455395954747E-023
 -2.220536768421980E-022
  4.719707691486483E-024
  1.992489935593147E-024
 -1.882692198358924E-022
 -2.596773270169688E-022
  1.785487245382598E-024
 -5.912847426986950E-024
 -3.239778655745053E-022
 -3.872890610704786E-022
  3.027636740769884E-024
 -1.167217767633912E-024
 -5.756978678178225E-022
 -8.952053726201812E-022
 -1.514558479427991E-024
 -7.210922842031601E-024
 -2.065607651378215E-021
 -1.091309866948513E-021
 -4.904038773217167E-034
 -9.118373796390283E-025
 -4.819709685755492E-024
  1.334408444914814E-024
  1.347707240944745E-024
  1.429991790797252E-024
  1.359946901393705E-024
  8.903136977378882E-025
 -6.088745838107714E-024
 -3.374250776503956E-025
  1.968090331211903E-024
 -8.776314655424938E-024
 -2.384155910920132E-023
  1.844552391270714E-024
  2.868304439768066E-024
 -1.215326682745234E-023
 -5.784409169607578E-023
 -9.188083500235279E-025
 -1.642676354678055E-024
 -4.335779568674184E-023
 -1.397910590003059E-022
 -4.718491646073812E-026
  3.520339571046078E-024
 -3.242734508226109E-023
 -1.646684437976718E-022
  3.241964884948816E-024
  7.598521284145369E-024
 -2.436311254389815E-022
 -4.059010982735253E-022
  5.772259796196359E-024
 -6.091429760327104E-024
 -1.809938718636160E-022
 -4.171028423615679E-022
 -9.286694114111243E-024
  1.855620434527312E-024
 -8.751248388194319E-022
 -9.272170802803838E-022
  2.026580590687691E-024
  1.802664983791863E-024
 -1.268267278135541E-021
 -3.669328434781740E-023
 -3.628988690986517E-033
  2.242083915931579E-021
 -2.243890274571309E-021
 -1.221801445765944E-024
 -1.659374530447833E-024
  1.236690038880243E-024
 -1.827018036507797E-024
  4.391409195087148E-025
  6.925426822319259E-025
  2.163820166251096E-024
 -9.784686780339667E-024
  1.052312459550000E-024
  1.768095572356085E-024
 -2.008296131676587E-024
 -2.497750978724734E-023
  2.782238661500832E-024
 -3.108072745880747E-025
 -1.310481581761745E-023
 -8.105143793243811E-023
 -8.829614223156956E-026
 -4.242531520509641E-024
 -4.971990036537186E-023
 -1.551586876223895E-022
 -3.132409413449490E-024
  5.262711184832351E-024
 -1.334114041508878E-022
 -1.837149178374455E-022
  5.861008782014753E-025
  4.814104948422085E-024
 -2.267664711782085E-022
 -2.732414860565121E-022
 -4.345778050151168E-024
 -5.323854150800538E-024
 -3.878981701002920E-022
 -5.999709732985386E-022
  6.476223592528436E-024
 -2.510907541538793E-024
 -1.124644252858844E-021
 -6.006139068899526E-022
  3.178115756852785E-024
  9.203130445979846E-024
 -1.236281705062988E-021
 -2.383765078173589E-021
  1.508934999934751E-035
 -1.598515006253703E-024
  2.230453747264412E-024
  8.582770638604289E-025
 -4.484597035263966E-025
 -4.732960505369780E-025
 -8.738441913595602E-025
  2.921726663937041E-025
 -5.847795074805159E-024
 -7.782216610193306E-025
  5.508603853696109E-025
 -6.948211681680950E-024
 -1.662136069089643E-023
 -1.585306357114087E-024
  2.906584617071607E-026
 -5.976453368528759E-024
 -4.439005780077930E-023
 -4.871989195730449E-024
 -3.592636347317818E-024
 -3.635051344346487E-023
 -1.057124473595947E-022
 -9.925993005685883E-025
  1.385891646499419E-024
 -2.630997841311071E-023
 -1.228676170907146E-022
  9.693255515553570E-024
  3.380667388035750E-025
 -1.741704480504266E-022
 -2.964711020025665E-022
 -5.383460272702505E-024
 -1.101970074778124E-025
 -1.264061726263722E-022
 -2.940007909741347E-022
 -2.349107839142342E-024
  2.206295998068398E-024
 -5.866410458931648E-022
 -6.293579631273548E-022
  1.771531433220501E-025
 -4.667044501941740E-024
 -6.893072126736575E-022
 -1.284375577860700E-023
  1.035193107283697E-024
  7.752712380739956E-025
 -2.683480759561067E-021
 -1.130387576559742E-021
  2.195500434671818E-033
  1.330422244782613E-022
 -1.295798212985448E-022
  9.319758007156128E-026
 -3.418726406572444E-024
 -6.091480447638028E-026
 -1.221095579083205E-024
 -7.015211694413423E-025
 -1.028475596341973E-024
 -6.506102768507467E-025
 -1.058002704829603E-023
  2.981310954818723E-025
 -1.213047719749065E-024
 -2.616751788378520E-025
 -1.880558094164383E-023
  1.022522243969809E-024
  7.474514927758316E-025
 -1.174213129131037E-023
 -5.776445123522315E-023
 -1.046351854982986E-025
  3.212495011629337E-024
 -3.841305054270553E-023
 -1.224535962288433E-022
  8.368309460828452E-025
 -1.208212170912433E-024
 -1.034945996387200E-022
 -1.405982241024884E-022
 -2.188254056625178E-024
 -1.806908590079294E-025
 -1.672449289228547E-022
 -2.079799633372245E-022
  1.005386139440943E-023
 -3.465647342142744E-024
 -2.731496102019050E-022
 -4.264262306659885E-022
  2.648820404280703E-024
 -6.673609905376457E-024
 -7.663507283838535E-022
 -4.096298784399933E-022
  2.112091118645675E-025
 -8.632752908835826E-025
 -6.858018918816775E-022
 -1.333419760271537E-021
 -2.011144223010605E-024
 -7.254512149204259E-024
 -1.316241055604719E-021
 -3.675297783795334E-022
 -3.319657016160826E-034
 -1.703990727488971E-024
  2.154316103528141E-024
 -1.309893798958251E-024
 -6.631875322967532E-025
  1.370353434767610E-024
 -1.069118990331947E-024
  2.811235697249390E-024
 -1.990327882692443E-024
 -5.808292767571936E-025
 -1.638310210843960E-024
 -2.815676753844150E-024
 -1.275108615075566E-023
  3.869224792199690E-024
  1.043441668944391E-024
 -6.554908335074575E-024
 -3.256330249686651E-023
 -1.078884361336485E-024
  1.056788935319044E-024
 -2.622752380064453E-023
 -8.005222059261969E-023
 -6.583639059488547E-024
 -1.462821413236296E-024
 -1.879857370022360E-023
 -9.246055006128951E-023
 -2.684754378421970E-024
 -2.613185388131563E-024
 -1.352983684367510E-022
 -2.218711963260180E-022
  5.360052854822251E-024
 -3.619689242426747E-024
 -9.361268609249359E-023
 -2.261070608595069E-022
  4.348015257536892E-024
  1.119680510573885E-024
 -4.366395655631341E-022
 -4.604137176774624E-022
 -9.458114201647710E-024
 -2.014811696287923E-024
 -4.812149362450778E-022
 -1.722683213566969E-023
 -4.980325769251186E-024
  7.853497209134555E-024
 -1.506880505314637E-021
 -6.444002254291703E-022
  4.020303977531741E-024
  7.109047983295881E-024
 -2.187448627332476E-021
 -1.617226127094575E-021
 -8.299142536559369E-034
 -1.830867441843193E-021
  1.833111951782695E-021
 -1.111008224832425E-024
 -1.367537820530160E-024
  1.392686271505650E-024
 -1.446363613230461E-024
  1.832217790146466E-024
  1.076140899600586E-024
  9.776330268123930E-025
 -7.878734399373429E-024
 -1.419316820690133E-024
 -5.954746907421769E-025
  3.791719891615816E-025
 -1.346408402097060E-023
 -2.005578438397284E-024
 -3.466881958957181E-025
 -1.114709099107444E-023
 -4.480396084499343E-023
 -3.917549611711495E-024
 -1.388148148342087E-024
 -3.009636522454617E-023
 -9.593140401079596E-023
  2.225275892240682E-024
 -6.523949274287639E-024
 -7.654152892315750E-023
 -1.041036241084378E-022
 -1.712261716225480E-024
 -4.500679501842008E-024
 -1.317844218941304E-022
 -1.508508981362448E-022
 -4.880580644544344E-025
 -4.551327176392569E-026
 -2.096922314862777E-022
 -3.256807256306929E-022
  2.638331656844598E-024
 -9.309624003982575E-025
 -5.689303798054899E-022
 -2.961558866989975E-022
 -8.191871080231789E-024
  2.698982540264378E-024
 -4.862415597352012E-022
 -9.297558692581363E-022
 -7.038643683434999E-024
 -1.862315465039319E-024
 -7.434397831053226E-022
 -2.174751412574986E-022
  1.306257517264234E-023
 -1.201119301805280E-023
 -1.869287214446909E-021
  2.178386508280717E-021
