OPTIMAL FLOW WITH TARGET RMS   1.30E+01     LMAX_U  25 LMAX_B  1
  1   0    -8.24673E-20      0.00000E+00      4.57906E-28      0.00000E+00
  1   1    -1.18602E-19      3.05899E-19     -2.55394E-03      2.55394E-03
  2   0     1.73675E-13      0.00000E+00     -1.24808E-30      0.00000E+00
  2   1     1.47452E-03      1.47452E-03     -3.69114E-20     -1.69777E-20
  2   2    -1.78581E-21     -1.00271E-13      2.52082E-18     -5.78548E-18
  3   0     3.19862E-20      0.00000E+00     -1.47725E-31      0.00000E+00
  3   1    -5.30942E-20      2.65705E-20      4.03815E-17     -4.03498E-17
  3   2    -6.78187E-18     -3.00931E-18      3.93027E-20     -3.05402E-20
  3   3     1.53657E-20      5.04143E-22      1.05580E-18     -4.20730E-18
  4   0     4.90498E-21      0.00000E+00      2.20797E-31      0.00000E+00
  4   1    -5.57446E-16     -5.57292E-16     -9.95266E-22      7.92293E-22
  4   2     1.87051E-21     -5.14783E-22      1.12971E-19     -3.53726E-19
  4   3    -6.95767E-18     -1.80274E-18     -7.63506E-21     -9.67782E-21
  4   4     5.54540E-21     -6.68271E-21      4.88105E-19     -3.89092E-18
  5   0     6.43228E-20      0.00000E+00      1.83390E-30      0.00000E+00
  5   1     1.71369E-19      2.00699E-19      2.22042E-17     -2.22164E-17
  5   2    -2.07575E-18     -9.43414E-19      3.74183E-21     -3.85567E-21
  5   3    -5.12187E-20     -1.18867E-19      1.21101E-19     -4.97192E-19
  5   4    -8.01938E-18     -9.89506E-19     -1.79888E-20      1.86644E-20
  5   5     1.66335E-20     -3.72756E-22      1.24697E-19     -2.97982E-18
  6   0    -3.91855E-20      0.00000E+00      3.42934E-31      0.00000E+00
  6   1    -4.83311E-16     -4.83479E-16      9.90432E-21      1.12013E-20
  6   2     6.03072E-20     -3.77781E-20      2.96977E-20     -6.18878E-20
  6   3    -3.11086E-18     -8.81240E-19      2.74692E-21      1.28265E-20
  6   4     3.44481E-20     -1.19003E-19      8.23281E-20     -6.76921E-19
  6   5    -7.27546E-18     -4.44996E-19     -3.39398E-21     -4.23442E-21
  6   6    -3.36509E-20     -1.94043E-20     -8.60791E-19     -2.86432E-18
  7   0    -1.36671E-19      0.00000E+00     -2.52254E-30      0.00000E+00
  7   1     2.30120E-20     -3.66528E-19      6.24721E-18     -6.26520E-18
  7   2    -1.08537E-18     -4.52302E-19     -1.78337E-21      1.52667E-21
  7   3     1.86915E-20     -1.68941E-19      3.50239E-20     -1.31982E-19
  7   4    -4.36816E-18     -5.74771E-19     -4.29961E-22     -8.77747E-21
  7   5     5.33286E-20     -3.89710E-21      3.68024E-20     -6.72239E-19
  7   6    -7.88869E-18      2.30256E-18     -7.99328E-21      6.63147E-21
  7   7    -6.14534E-21      3.50875E-20     -1.28150E-19     -2.13936E-18
  8   0     4.97802E-20      0.00000E+00      3.43813E-31      0.00000E+00
  8   1    -7.91585E-18     -7.60856E-18      7.77853E-21     -6.90837E-21
  8   2    -2.39934E-20     -3.52082E-21      1.58111E-20     -1.40791E-20
  8   3    -1.79840E-18     -4.92549E-19      7.02526E-21     -1.03235E-21
  8   4     5.42788E-20      2.76299E-20      2.69470E-20     -2.15522E-19
  8   5    -4.54555E-18     -2.90877E-19      1.51709E-21      9.91780E-21
  8   6     2.18661E-20      5.41392E-21     -2.31242E-19     -7.51736E-19
  8   7    -6.52998E-18      4.47453E-19      9.53315E-21      6.96787E-21
  8   8     6.41597E-21     -3.49353E-21     -5.18220E-19     -2.62888E-18
  9   0    -9.61536E-20      0.00000E+00     -2.55283E-30      0.00000E+00
  9   1     8.70009E-20     -2.21709E-19     -3.29016E-18      3.29275E-18
  9   2    -6.51331E-19     -2.23192E-19     -5.63983E-22      4.63505E-21
  9   3     7.27066E-20     -1.00880E-20      1.73696E-20     -5.12723E-20
  9   4    -2.74527E-18     -3.76347E-19      9.00007E-21      2.35154E-21
  9   5    -7.53752E-21      1.13724E-21      1.20110E-20     -2.38711E-19
  9   6    -5.38460E-18      1.62394E-18      2.54101E-21      1.89855E-21
  9   7    -1.39813E-20      4.91522E-20     -4.48202E-20     -6.23925E-19
  9   8    -8.77074E-18      1.73673E-18     -4.99512E-21      2.75716E-21
  9   9     1.59320E-20      7.63266E-21     -4.65385E-19     -2.67998E-18
 10   0    -1.51062E-21      0.00000E+00      1.32953E-31      0.00000E+00
 10   1     5.65472E-16      5.65507E-16      1.55787E-21     -4.98392E-22
 10   2    -8.83900E-20     -6.80907E-20      4.66230E-21     -1.23806E-20
 10   3    -1.17903E-18     -2.77347E-19     -4.94810E-21     -2.06388E-21
 10   4    -3.29633E-20      4.09109E-21      1.34203E-20     -8.98222E-20
 10   5    -3.03055E-18     -1.53574E-19      3.95192E-21     -3.27751E-21
 10   6     5.26757E-20     -1.57950E-21     -8.45579E-20     -2.88607E-19
 10   7    -4.79474E-18      2.70606E-19      1.02486E-20      6.69949E-21
 10   8     1.62955E-20     -8.02048E-21     -1.68883E-19     -8.46783E-19
 10   9    -9.70915E-18      1.65639E-18      9.00249E-21      5.42192E-21
 10  10     1.90907E-20      1.81980E-20     -8.69259E-19     -2.73500E-18
 11   0    -1.65142E-19      0.00000E+00     -2.00221E-30      0.00000E+00
 11   1     7.39879E-19     -1.01304E-19     -6.21711E-18      6.22536E-18
 11   2    -3.96537E-19     -2.01279E-19      1.94580E-21     -6.79285E-21
 11   3    -4.50947E-20      2.66011E-20      2.73201E-21     -2.40485E-20
 11   4    -1.91977E-18     -2.00692E-19      1.08750E-21      4.09133E-21
 11   5    -7.17376E-20      3.46222E-20      2.06027E-21     -1.05872E-19
 11   6    -3.82057E-18      1.13188E-18      1.75799E-21     -1.22103E-22
 11   7    -7.40852E-22      3.77824E-21     -1.65246E-20     -2.72368E-19
 11   8    -6.79770E-18      1.32243E-18      7.50510E-22     -6.39881E-22
 11   9     2.38261E-20     -6.73742E-21     -1.66552E-19     -9.37846E-19
 11  10    -1.06001E-17      3.32395E-18     -1.57840E-20      1.76364E-20
 11  11    -1.67593E-20      2.81968E-21     -7.65815E-19     -2.50736E-18
 12   0     7.71217E-20      0.00000E+00     -4.56569E-32      0.00000E+00
 12   1     8.05154E-16      8.04496E-16      3.13426E-21     -3.60028E-21
 12   2     1.11540E-19      8.34138E-20      1.28370E-21     -8.72566E-21
 12   3    -8.33045E-19     -1.16067E-19     -4.25002E-21      1.35579E-21
 12   4    -7.52980E-20      2.10422E-21      5.16414E-21     -4.49704E-20
 12   5    -2.16587E-18     -2.28072E-19      2.52972E-21     -2.63908E-21
 12   6     9.47877E-21     -5.17153E-20     -4.76828E-20     -1.41463E-19
 12   7    -3.47709E-18      1.53655E-19      4.06463E-21     -5.08766E-21
 12   8    -3.09360E-20      2.16210E-20     -7.55641E-20     -3.94285E-19
 12   9    -7.77113E-18      1.31322E-18     -1.70246E-21     -6.35515E-21
 12  10     1.59857E-21     -3.28569E-20     -3.37285E-19     -1.02722E-18
 12  11    -1.02394E-17      3.17227E-18     -4.84913E-21      1.26561E-21
 12  12    -4.82433E-20     -1.71633E-20     -3.30421E-19     -1.58224E-18
 13   0    -1.12419E-19      0.00000E+00      8.68785E-31      0.00000E+00
 13   1    -3.73436E-19     -2.91247E-19     -4.41719E-18      4.40934E-18
 13   2    -2.64999E-19     -1.79900E-19      1.78568E-21     -2.33696E-22
 13   3    -3.07980E-21      3.10780E-20      5.00132E-21     -1.29328E-20
 13   4    -1.31349E-18     -1.28257E-19      1.88738E-21     -3.99480E-22
 13   5     1.25280E-20      2.20002E-20     -1.16919E-21     -5.58944E-20
 13   6    -2.77100E-18      7.86144E-19      5.18909E-21      2.08427E-21
 13   7    -3.39004E-20      5.27662E-21     -1.01710E-21     -1.35796E-19
 13   8    -5.07370E-18      9.82155E-19     -5.08355E-21      7.07378E-21
 13   9     4.77507E-20      9.77081E-21     -7.19341E-20     -4.57461E-19
 13  10    -8.76827E-18      2.74360E-18      6.89704E-21     -2.42341E-21
 13  11    -3.69452E-20      4.05908E-20     -3.00583E-19     -9.91420E-19
 13  12    -6.78343E-18      1.36589E-18     -3.06658E-21     -1.04661E-20
 13  13    -9.44835E-21     -3.12112E-20     -1.10287E-18     -1.51951E-18
 14   0    -2.26699E-20      0.00000E+00     -1.13658E-31      0.00000E+00
 14   1     4.92373E-16      4.91225E-16      3.49562E-21     -1.65061E-21
 14   2     2.09882E-20     -1.13129E-19      2.80966E-21      1.24336E-21
 14   3    -6.29391E-19     -9.92423E-20      4.11252E-21     -2.45351E-21
 14   4    -1.66176E-20      9.62838E-20      9.98527E-22     -2.47074E-20
 14   5    -1.62826E-18     -4.47441E-20     -3.06988E-21     -2.02163E-21
 14   6     2.78148E-20      3.18855E-21     -2.36884E-20     -7.82102E-20
 14   7    -2.66834E-18      1.50265E-19      3.84381E-21      3.20912E-21
 14   8    -3.38437E-20      5.04916E-20     -3.60472E-20     -1.99771E-19
 14   9    -6.12231E-18      1.04349E-18     -2.28290E-21     -2.93480E-21
 14  10    -8.92241E-21      3.09964E-20     -1.65333E-19     -5.12657E-19
 14  11    -8.77200E-18      2.72572E-18      9.53517E-21     -2.39941E-21
 14  12     1.18957E-20     -8.09693E-20     -1.38240E-19     -6.49500E-19
 14  13    -6.85387E-18      4.96380E-18      2.74189E-21     -4.71348E-21
 14  14    -4.86837E-22     -3.84295E-20     -1.24685E-18     -2.09588E-18
 15   0    -1.74955E-19      0.00000E+00      2.20797E-30      0.00000E+00
 15   1    -2.02461E-19      9.61575E-20     -8.59016E-19      8.56753E-19
 15   2    -1.59903E-19      1.58259E-21      1.45734E-22      2.04192E-21
 15   3    -4.54389E-20     -3.66141E-20      1.59447E-21     -5.74916E-21
 15   4    -1.02549E-18     -1.19230E-19      4.69487E-21      7.21983E-22
 15   5     2.38624E-25     -7.75875E-20      4.30186E-22     -3.38875E-20
 15   6    -2.16175E-18      5.55774E-19      2.70744E-21      1.49053E-21
 15   7    -3.90767E-21      6.29866E-20     -6.07157E-21     -7.62208E-20
 15   8    -4.03871E-18      8.33465E-19      1.49323E-21     -5.76977E-21
 15   9    -5.24269E-21     -1.56617E-20     -4.32673E-20     -2.52980E-19
 15  10    -7.11607E-18      2.18629E-18     -6.09353E-21     -6.65343E-22
 15  11     1.05239E-20      4.79845E-21     -1.59418E-19     -5.15975E-19
 15  12    -5.97223E-18      1.23026E-18     -9.06195E-21      8.27776E-21
 15  13    -6.52466E-20     -2.92279E-20     -4.69378E-19     -6.50719E-19
 15  14    -9.82097E-18      5.89125E-18      4.99677E-21     -5.91557E-21
 15  15     2.80495E-20     -5.35634E-21     -1.06467E-18     -1.26308E-18
 16   0     1.35971E-19      0.00000E+00     -7.68110E-32      0.00000E+00
 16   1    -1.86742E-16     -1.86668E-16     -2.87887E-21      3.99853E-21
 16   2    -6.07455E-20      4.07945E-19      3.45871E-22      1.23816E-21
 16   3    -5.50980E-19     -8.09380E-20      5.57793E-22     -3.25450E-22
 16   4     7.30136E-20      6.72584E-20      1.87269E-21     -1.46416E-20
 16   5    -1.22511E-18     -2.97066E-20      1.65951E-21     -1.69657E-21
 16   6     1.77654E-20     -2.12222E-20     -1.45528E-20     -4.45666E-20
 16   7    -2.01252E-18      2.10717E-19      7.42587E-22     -2.34384E-21
 16   8     1.49300E-20     -3.15181E-20     -2.45676E-20     -1.15601E-19
 16   9    -4.83397E-18      8.42529E-19     -4.88203E-21      3.24763E-22
 16  10    -1.97075E-20      4.16381E-20     -9.22217E-20     -2.94325E-19
 16  11    -7.19781E-18      2.26937E-18      2.76130E-21     -5.51169E-22
 16  12    -4.08696E-20     -5.13162E-20     -6.89222E-20     -3.49656E-19
 16  13    -6.21515E-18      4.45614E-18      1.55904E-21     -4.32416E-22
 16  14    -1.57073E-20     -1.82969E-20     -5.65056E-19     -9.23739E-19
 16  15    -6.24541E-18      5.25211E-18     -6.51544E-21      1.21241E-21
 16  16     7.22769E-21      1.40387E-21     -5.19640E-19     -1.24128E-18
 17   0     1.52661E-19      0.00000E+00     -1.73795E-31      0.00000E+00
 17   1    -3.14371E-19     -2.35107E-19      1.82780E-18     -1.83206E-18
 17   2    -2.99960E-19     -1.52254E-19     -4.77014E-22      1.26769E-21
 17   3     5.99597E-20     -1.44925E-19      2.37140E-22     -4.31043E-21
 17   4    -8.38594E-19     -5.38474E-20      8.92035E-22      1.09909E-21
 17   5    -6.17189E-20     -3.14245E-20      2.00085E-21     -1.80569E-20
 17   6    -1.66295E-18      5.30103E-19      1.33208E-21     -4.92142E-22
 17   7     3.89015E-20      4.49639E-22     -1.17673E-21     -4.52118E-20
 17   8    -3.23087E-18      6.26509E-19     -3.33091E-22     -1.04861E-21
 17   9    -4.18595E-20      3.87857E-20     -2.44074E-20     -1.50218E-19
 17  10    -5.76383E-18      1.77022E-18      4.49382E-21     -3.32003E-22
 17  11     4.35449E-21     -2.50015E-20     -9.68700E-20     -3.04896E-19
 17  12    -5.04507E-18      9.78352E-19      1.03889E-22      5.97515E-21
 17  13    -6.42103E-20     -3.13106E-20     -2.60132E-19     -3.60485E-19
 17  14    -8.99936E-18      5.34816E-18     -1.29301E-21      3.18281E-21
 17  15     5.31669E-20      1.94213E-20     -4.87522E-19     -5.68497E-19
 17  16    -6.36565E-18      2.66797E-18     -1.65693E-21      6.53926E-22
 17  17     1.74287E-21      2.97025E-20     -1.04656E-18     -1.62170E-18
 18   0    -1.06362E-19      0.00000E+00     -2.94525E-31      0.00000E+00
 18   1    -7.83784E-16     -7.83904E-16     -1.67357E-21     -9.44010E-22
 18   2    -1.65936E-19      4.73735E-20      1.73344E-21      2.01327E-21
 18   3    -3.79986E-19     -1.05311E-19      3.44184E-22      1.51710E-21
 18   4    -3.68765E-20     -3.62299E-20      2.63658E-21     -8.80318E-21
 18   5    -1.04174E-18      4.89019E-20      9.07314E-22     -6.96100E-22
 18   6     2.80711E-20      1.12609E-20     -8.77029E-21     -2.91448E-20
 18   7    -1.63344E-18      8.15106E-20      5.38165E-22      3.63785E-22
 18   8     4.62853E-20      2.32559E-21     -1.41190E-20     -7.42728E-20
 18   9    -3.92193E-18      7.04734E-19      1.01726E-21      1.78201E-21
 18  10    -5.74788E-20     -1.28741E-20     -5.90267E-20     -1.84169E-19
 18  11    -5.94885E-18      1.81897E-18     -7.10010E-23     -1.86571E-21
 18  12     4.80585E-21     -3.42905E-20     -4.12772E-20     -2.10809E-19
 18  13    -5.31880E-18      3.88031E-18      2.98776E-21     -3.98126E-21
 18  14    -2.03803E-20     -6.42186E-20     -3.17359E-19     -5.30548E-19
 18  15    -5.83320E-18      4.92081E-18     -2.28444E-21      6.91100E-21
 18  16    -1.31315E-20      4.18841E-20     -2.40793E-19     -5.88937E-19
 18  17    -8.60293E-18      5.52567E-18     -4.56441E-21     -7.76513E-21
 18  18     1.29315E-20     -6.48229E-21     -1.48258E-18     -1.55004E-18
 19   0     2.37518E-20      0.00000E+00     -6.23779E-31      0.00000E+00
 19   1     5.80483E-20      2.87580E-19      2.62842E-18     -2.62722E-18
 19   2    -2.07226E-19     -5.03614E-20     -3.38454E-22      1.93933E-21
 19   3     8.57196E-20      5.73002E-20      1.38282E-21     -2.96515E-21
 19   4    -7.45693E-19     -6.68102E-20     -6.86758E-22     -1.59847E-21
 19   5    -5.33579E-20      8.31514E-20      1.12358E-22     -1.09161E-20
 19   6    -1.35009E-18      3.74339E-19     -3.12615E-22     -2.95624E-22
 19   7     3.06801E-20      2.41060E-20     -7.65134E-22     -2.75843E-20
 19   8    -2.56905E-18      4.76217E-19      1.05054E-21     -9.89907E-22
 19   9    -6.02858E-20     -8.46091E-21     -1.73871E-20     -9.55064E-20
 19  10    -4.67388E-18      1.46300E-18      1.40611E-21      2.23667E-21
 19  11    -1.23968E-21      3.42767E-20     -5.73101E-20     -1.91239E-19
 19  12    -4.16168E-18      8.61416E-19      4.06475E-21      1.71599E-21
 19  13     7.52911E-20     -8.88939E-20     -1.62143E-19     -2.23642E-19
 19  14    -7.71446E-18      4.65039E-18      1.53771E-21     -5.09232E-21
 19  15     5.23150E-20      5.04800E-21     -2.79019E-19     -3.33545E-19
 19  16    -6.03392E-18      2.53877E-18      2.60749E-21     -1.00524E-21
 19  17    -6.83193E-21      1.82148E-20     -4.95808E-19     -7.70977E-19
 19  18    -8.59293E-18      8.11610E-18     -1.30438E-21     -6.21026E-21
 19  19    -2.37292E-21     -2.63825E-21     -1.77896E-18     -9.39868E-19
 20   0     1.75701E-19      0.00000E+00     -4.01723E-31      0.00000E+00
 20   1    -8.98652E-16     -8.98449E-16     -7.46947E-22     -3.94815E-21
 20   2     4.13679E-21     -4.01708E-20      1.09310E-21      1.10400E-21
 20   3    -2.42671E-19     -1.16075E-19      1.17140E-21      1.11402E-21
 20   4     3.97833E-20      1.00086E-19      7.29315E-22     -4.98770E-21
 20   5    -7.87955E-19     -4.72926E-20     -2.76407E-22      1.61219E-21
 20   6     9.68628E-21     -2.04942E-20     -7.18926E-21     -1.95302E-20
 20   7    -1.33535E-18      1.00860E-19      1.51100E-21      2.34962E-21
 20   8     5.91532E-20      4.58065E-20     -9.95555E-21     -4.73840E-20
 20   9    -3.23566E-18      5.84935E-19     -7.52657E-22     -1.34563E-21
 20  10     6.76438E-20      1.67259E-20     -3.55173E-20     -1.14512E-19
 20  11    -4.98106E-18      1.53144E-18     -3.86523E-23      2.88375E-21
 20  12    -1.11067E-20      5.14983E-20     -2.65634E-20     -1.34891E-19
 20  13    -4.42275E-18      3.19412E-18      2.65571E-21      6.22446E-21
 20  14    -3.54978E-21     -8.65272E-21     -1.99575E-19     -3.32501E-19
 20  15    -5.10614E-18      4.30961E-18      4.72844E-21     -4.98990E-21
 20  16    -1.76902E-20      4.47267E-21     -1.48264E-19     -3.41677E-19
 20  17    -8.29810E-18      5.28187E-18     -7.60735E-21      1.52006E-21
 20  18    -3.27529E-20     -7.37601E-20     -7.16873E-19     -7.59545E-19
 20  19    -5.39185E-18      1.01510E-17      1.66011E-21      1.47668E-21
 20  20     7.84330E-21      1.38224E-20     -1.03892E-18     -3.00579E-20
 21   0     2.34850E-19      0.00000E+00     -2.83433E-30      0.00000E+00
 21   1    -4.38943E-19      3.05066E-19      1.75112E-18     -1.75253E-18
 21   2    -2.33544E-19      2.56177E-20     -9.54256E-22     -1.29601E-21
 21   3    -9.47559E-20      6.33042E-21      9.65884E-22     -1.42694E-21
 21   4    -5.71559E-19     -2.27153E-20      3.42979E-22      5.40892E-22
 21   5    -1.03512E-19      4.54338E-21      1.68999E-21     -7.64207E-21
 21   6    -1.13197E-18      3.57141E-19      8.21881E-22      1.38092E-21
 21   7     5.65919E-20      3.90785E-20     -1.56853E-21     -1.95080E-20
 21   8    -2.16235E-18      4.07317E-19      2.17299E-21     -2.42748E-22
 21   9     1.81195E-20      2.19518E-20     -1.02352E-20     -6.33031E-20
 21  10    -3.94319E-18      1.18407E-18     -6.89614E-23     -3.31352E-21
 21  11    -3.03240E-20      2.96491E-20     -3.88324E-20     -1.21183E-19
 21  12    -3.59409E-18      6.77789E-19     -2.44649E-21      4.11030E-21
 21  13    -4.14583E-20      3.07704E-21     -1.04197E-19     -1.43486E-19
 21  14    -6.76203E-18      4.02559E-18      4.57759E-22      3.75993E-21
 21  15     5.09425E-20     -2.39068E-20     -1.77110E-19     -2.13408E-19
 21  16    -5.31246E-18      2.25663E-18     -3.39416E-21     -4.15806E-21
 21  17    -5.82826E-20      2.77407E-20     -3.02958E-19     -4.68592E-19
 21  18    -8.34765E-18      7.86289E-18      5.05808E-21     -1.96108E-21
 21  19    -2.54261E-20     -4.12538E-20     -8.78374E-19     -4.69094E-19
 21  20    -2.40905E-19      5.98075E-18      2.48218E-21      7.18786E-21
 21  21    -5.08292E-21      1.93750E-20     -9.65565E-19     -1.86178E-18
 22   0    -7.76098E-20      0.00000E+00      1.12608E-32      0.00000E+00
 22   1    -4.20657E-16     -4.21226E-16     -1.19293E-21      1.66454E-21
 22   2    -7.34244E-20      8.47190E-20      6.40512E-22     -3.34675E-22
 22   3    -1.91298E-19     -1.11949E-19     -3.53210E-22     -6.52129E-22
 22   4     4.81004E-20     -1.10404E-19      2.18042E-22     -4.36407E-21
 22   5    -6.38950E-19      1.56353E-20     -5.80768E-22      4.11094E-22
 22   6    -3.97051E-20     -8.34525E-21     -5.18529E-21     -1.24041E-20
 22   7    -1.12795E-18     -9.60545E-21     -1.18308E-21      2.16912E-23
 22   8    -6.35996E-22     -1.40122E-20     -4.46009E-21     -3.31273E-20
 22   9    -2.77361E-18      4.79439E-19     -3.63585E-21     -2.68110E-21
 22  10     1.18251E-20     -2.95337E-20     -2.71275E-20     -7.88907E-20
 22  11    -4.16576E-18      1.27639E-18     -7.40753E-22      1.03426E-21
 22  12     1.40294E-20     -3.28202E-20     -1.96345E-20     -9.16932E-20
 22  13    -3.71121E-18      2.72486E-18      7.23385E-21      2.52291E-22
 22  14    -5.17052E-20     -4.65080E-20     -1.29979E-19     -2.21249E-19
 22  15    -4.23217E-18      3.68657E-18     -4.01755E-21     -8.22374E-23
 22  16     4.69133E-20     -9.05657E-20     -9.43339E-20     -2.19406E-19
 22  17    -7.35599E-18      4.69131E-18     -1.75308E-21      1.64651E-21
 22  18    -7.41242E-21     -5.71990E-20     -4.37796E-19     -4.69675E-19
 22  19    -5.28867E-18      9.91480E-18      1.32205E-22     -3.48291E-21
 22  20     5.86999E-20      1.15863E-21     -5.14414E-19     -9.58499E-21
 22  21    -1.11291E-17      5.82374E-18      7.72540E-22      5.78567E-22
 22  22    -2.97583E-20      3.23351E-20     -2.00262E-18     -8.43582E-19
 23   0     2.65110E-20      0.00000E+00      1.56866E-30      0.00000E+00
 23   1     8.68306E-20      2.05821E-19      9.50574E-20     -9.25836E-20
 23   2     1.12512E-20      1.03167E-19      6.65888E-23     -2.44265E-21
 23   3    -3.16284E-20      2.95723E-20     -4.35231E-23     -8.72461E-22
 23   4    -4.32790E-19      3.59397E-22     -5.01230E-22     -7.34836E-22
 23   5    -4.08059E-20     -2.51857E-20     -4.64855E-22     -7.55933E-21
 23   6    -9.18873E-19      1.96290E-19      2.13012E-22     -8.66711E-22
 23   7    -1.55156E-20     -5.44376E-20     -1.86964E-22     -1.34364E-20
 23   8    -1.78389E-18      3.68142E-19      7.30583E-22      5.34047E-22
 23   9     2.14499E-20      4.45308E-20     -8.38964E-21     -4.12722E-20
 23  10    -3.31201E-18      9.90817E-19     -7.47609E-23      2.29530E-21
 23  11    -8.79314E-20     -6.49637E-21     -2.74458E-20     -8.74919E-20
 23  12    -3.04446E-18      6.63515E-19      5.97908E-22     -8.63256E-22
 23  13    -3.32591E-20     -5.98294E-20     -7.39459E-20     -1.00456E-19
 23  14    -5.74748E-18      3.42577E-18     -1.56349E-21     -1.29102E-22
 23  15    -4.73479E-20     -2.00640E-20     -1.19495E-19     -1.48600E-19
 23  16    -4.57308E-18      2.00799E-18      7.18339E-21     -2.47617E-21
 23  17    -3.99600E-21      9.14193E-21     -1.95163E-19     -3.04678E-19
 23  18    -7.50125E-18      7.17165E-18      1.89256E-21     -4.76823E-21
 23  19    -4.09041E-20     -8.89702E-21     -5.47550E-19     -2.92677E-19
 23  20    -3.34335E-19      5.91520E-18      1.50907E-22     -6.16802E-22
 23  21    -6.89454E-20      5.75069E-21     -4.89999E-19     -9.52716E-19
 23  22    -5.22565E-18      1.23066E-17     -1.43694E-21     -5.18328E-21
 23  23    -6.76465E-21     -8.46622E-21     -9.40442E-19     -2.62597E-19
 24   0    -1.72281E-21      0.00000E+00     -2.27497E-31      0.00000E+00
 24   1     3.74220E-16      3.72870E-16     -1.16775E-21      1.47636E-21
 24   2     5.85590E-20      8.86253E-21     -8.97674E-22     -4.54484E-22
 24   3    -1.98276E-19     -1.14051E-19      9.39107E-22     -7.32670E-22
 24   4    -3.01911E-20     -2.39535E-20      1.92655E-21     -1.36398E-21
 24   5    -5.15138E-19      2.47954E-20     -3.98044E-22     -1.12274E-21
 24   6     8.59921E-21      5.19650E-21     -1.92959E-21     -8.73836E-21
 24   7    -9.74516E-19      1.20312E-19      2.65159E-21      7.15074E-22
 24   8    -2.69547E-21     -4.45590E-20     -4.49210E-21     -2.23157E-20
 24   9    -2.24735E-18      4.19754E-19     -7.39363E-22      7.24221E-22
 24  10     3.45722E-20      1.56616E-20     -1.79738E-20     -5.48600E-20
 24  11    -3.57188E-18      1.05628E-18     -4.51179E-21     -1.00248E-21
 24  12     1.69001E-20     -4.88426E-20     -1.28827E-20     -6.33635E-20
 24  13    -3.24121E-18      2.37687E-18     -1.83987E-21     -1.79082E-21
 24  14    -2.82633E-20      9.32563E-22     -9.27204E-20     -1.52049E-19
 24  15    -3.86128E-18      3.23612E-18      3.67326E-21     -2.48058E-21
 24  16     6.13261E-20     -8.92737E-20     -6.41530E-20     -1.54952E-19
 24  17    -6.61604E-18      4.21927E-18      2.97971E-21      7.67320E-22
 24  18     7.17039E-20      1.71551E-20     -2.99230E-19     -3.15523E-19
 24  19    -4.76051E-18      9.11042E-18     -6.48167E-21     -1.38076E-21
 24  20     5.07507E-20     -5.76930E-20     -3.29778E-19     -1.18056E-20
 24  21    -1.11532E-17      5.68715E-18     -3.41303E-21      5.38202E-21
 24  22    -6.03538E-20      5.76111E-20     -1.03267E-18     -4.41609E-19
 24  23    -1.71212E-18      5.85716E-18      2.75513E-21      4.87185E-21
 24  24     5.40281E-21     -2.73828E-20     -1.49906E-18     -1.10829E-18
 25   0    -1.15835E-19      0.00000E+00     -5.46421E-31      0.00000E+00
 25   1     2.26258E-20      3.13338E-20     -1.20546E-18      1.20693E-18
 25   2    -2.94407E-19      2.00937E-19     -7.31496E-22     -9.00397E-22
 25   3    -3.87040E-20     -1.06072E-21      9.16955E-22     -9.52296E-22
 25   4    -4.59248E-19     -6.04096E-20      1.20635E-21      7.08539E-22
 25   5     1.66057E-21      1.86540E-20      6.43681E-22     -5.18742E-21
 25   6    -8.64670E-19      2.69964E-19     -9.34488E-22     -3.92065E-22
 25   7     2.36587E-20     -3.66267E-20      2.49650E-22     -8.86485E-21
 25   8    -1.60421E-18      2.37882E-19     -1.32049E-21     -2.28262E-22
 25   9    -6.16913E-20      6.07949E-20     -7.33932E-21     -2.94992E-20
 25  10    -2.90114E-18      8.72959E-19     -2.57934E-21     -9.13967E-22
 25  11    -3.06878E-20      1.89329E-20     -1.98157E-20     -6.31619E-20
 25  12    -2.64105E-18      4.72935E-19      1.46514E-21     -4.29541E-21
 25  13    -5.67747E-20     -6.35439E-21     -5.03955E-20     -6.85426E-20
 25  14    -4.95612E-18      2.92707E-18     -1.12737E-21     -2.96328E-21
 25  15     1.84996E-20     -1.71315E-20     -8.67678E-20     -9.93213E-20
 25  16    -3.96459E-18      1.72506E-18     -3.21341E-22     -2.99663E-23
 25  17    -4.03476E-20     -2.86788E-20     -1.38063E-19     -2.14431E-19
 25  18    -6.70935E-18      6.38451E-18      1.73710E-21     -6.12952E-22
 25  19    -3.58199E-20     -6.71023E-20     -3.74588E-19     -1.94991E-19
 25  20    -2.01548E-19      5.49796E-18     -5.39359E-21      1.77703E-21
 25  21    -9.75224E-20      2.26956E-20     -3.20145E-19     -6.12158E-19
 25  22    -5.28856E-18      1.24840E-17     -4.63429E-21     -1.22616E-21
 25  23    -7.00622E-20      1.38248E-20     -4.89486E-19     -1.43187E-19
 25  24    -7.15529E-18      9.73891E-18      8.60049E-21     -7.90826E-21
 25  25     3.10064E-20     -2.63982E-20     -1.23075E-18      1.43427E-18
