 -1.373518511846179E-007
  1.407005816738022E-007
 -2.383859036762293E-008
 -1.991239413014331E-007
  1.753660842125161E-007
 -1.304349889123232E-008
  1.346835571139010E-007
 -5.997222236175819E-008
 -2.198283078768939E-007
  2.257648903535303E-007
  1.326788944560081E-008
  2.046156973069067E-007
 -2.474129668177524E-008
  6.781540048816389E-008
 -2.418179386978471E-008
 -4.214589100638222E-007
  7.865635160857442E-008
  4.160828945239724E-008
  3.856733555049852E-007
 -8.320195236470609E-009
  1.511046189430882E-007
 -1.076893614169330E-008
  1.047434188279431E-008
  3.230860742118362E-008
 -3.458565850411557E-007
 -3.721424496408381E-007
  2.086851450825211E-008
  2.587785823987642E-007
  3.912427747361039E-009
  3.012102236062841E-007
 -5.892291128875311E-009
  1.313944145703573E-007
  8.938023281313629E-009
 -2.497240812720174E-008
  3.187404232002280E-008
  4.409329305827652E-008
 -4.296542716692469E-007
  2.884865527668656E-008
 -1.095342151279112E-007
 -4.101546299447206E-008
  1.937799180323607E-007
 -4.675582884134373E-008
  2.590459427537847E-007
  4.049091756741924E-008
  1.043857280153872E-007
 -9.704572226631276E-009
 -3.022030947782107E-008
 -1.753878761438009E-008
  2.895872091421157E-007
 -6.253909119033572E-008
  4.887704048575717E-008
 -2.839340366030553E-007
 -1.662599857530024E-008
 -9.704379617312536E-008
 -1.261117861474828E-007
  1.923817602152111E-007
 -1.678931934940269E-008
  2.278058355518033E-007
  4.889826846530557E-008
  4.811922037739121E-008
 -4.496733129829086E-008
 -3.428844192398820E-008
 -4.889439878638941E-008
  1.698425254355377E-007
  1.894192261678702E-007
  2.809696877493779E-008
 -7.580929628921473E-008
  1.485145369394139E-008
 -1.920794448233759E-007
 -6.225761921402583E-008
 -2.068104169197376E-008
 -8.284844681072634E-008
  1.466371673848973E-007
  4.658451532811552E-009
  1.479201421867645E-007
 -1.415788997093944E-008
  1.665902048684589E-008
 -5.291520403724225E-008
 -3.996310514352483E-008
 -6.382913807552772E-008
  6.582005173612565E-008
  1.057203182626544E-007
  1.124234919428811E-008
  5.705021980589142E-008
 -5.880448121302770E-008
 -9.307584351781184E-008
 -2.909629427271941E-008
 -5.467102290446590E-008
 -1.233630468244244E-008
  5.173389610702380E-008
 -1.582098857972364E-009
  7.918999349936132E-008
 -4.374358682282725E-008
  5.627228496181109E-008
 -3.770012069543843E-008
  2.892331999422689E-008
 -5.644450271203548E-008
 -2.225161386007327E-010
 -1.013375029859635E-007
  1.168825149822759E-007
  7.480641284719104E-008
  6.043641713963173E-008
  1.010053939883854E-009
  2.028768639179805E-008
 -5.541017315424280E-008
 -1.378362373977220E-007
 -3.222681549638697E-008
 -1.591706892193545E-008
  2.943581016006451E-008
  7.955291955074537E-008
  7.572881954870018E-008
  9.986559931346088E-009
  1.067954130861907E-008
 -1.994680315929940E-008
  1.313575439424635E-008
 -2.430042433320462E-008
  5.221608920601534E-008
 -5.127322900137465E-008
  4.857536435240062E-008
 -7.570135126693469E-008
  4.536509514524433E-008
  1.531572806774055E-007
  2.000984649287066E-008
  3.433112415789876E-008
  1.302110876829982E-007
 -6.568911024455264E-008
 -6.583912280285026E-008
 -3.694168979491771E-008
 -1.442214430993478E-007
  6.166087050657585E-009
  2.128170440174472E-008
  8.988353120520704E-008
  9.751882056350145E-008
  2.563095696995076E-008
  2.712757182550781E-008
 -2.924552515636432E-008
  5.553826542932916E-008
  2.673189749904882E-008
  2.611282786262809E-008
  4.465492063356553E-008
 -1.954493252108071E-008
  2.631254125079638E-008
  5.464441921896798E-009
 -3.194147218938685E-008
  2.811252586026839E-008
 -2.737874142025383E-008
  7.282739597026159E-008
  8.942230370094767E-008
  7.874957744439017E-009
  6.400693792614659E-008
 -5.353972381057667E-008
 -9.339230243957230E-008
 -2.778080375124206E-008
 -9.538885881706171E-008
  5.746134031303727E-008
  3.950421442230996E-008
  6.202067492492171E-008
  3.937074349267191E-008
 -2.112550075558428E-009
  6.198488834560395E-008
 -3.091220334651865E-008
  1.034877764615562E-007
  5.159723031922432E-008
  7.021267037323283E-008
  3.600058390222185E-008
  4.070535154120431E-008
 -1.402096240226044E-008
  3.080664555128870E-008
 -2.202717221740137E-009
  7.173165363824860E-009
 -3.411491721842298E-008
  2.312403501854569E-008
  2.890242656061847E-008
  4.805735769151003E-008
  4.377423478624456E-008
 -4.724700585897184E-008
 -1.808013381321269E-009
 -1.691767184387988E-008
 -2.658556838263950E-008
 -2.830406816495801E-009
 -3.280706805184382E-008
  4.165070951677989E-008
 -8.699878796979665E-009
  1.290895797282790E-008
  2.319098481637283E-008
 -2.983153298463796E-008
  5.288604608967874E-008
 -2.558215431007423E-009
  9.490720926522177E-008
  4.174180297390842E-008
  1.095776721846864E-007
  4.632720520225259E-008
  7.398835491339484E-008
  2.229055594195233E-009
  3.270516610949138E-008
 -5.341433459801362E-008
  1.815705329926069E-008
 -2.449156045951960E-008
  7.030733993576516E-008
  9.469855452426467E-008
  4.027600130134805E-008
  8.748650040160461E-009
 -4.684924041120053E-008
 -1.029415332177967E-007
  4.829782202157631E-009
  1.458338597685710E-008
 -1.632046061097002E-008
  5.639758259653200E-008
  1.086836020736027E-008
 -1.812128635343454E-008
 -1.321731774878918E-008
 -1.783178437842002E-008
 -1.989501644044431E-008
  1.846780552241952E-008
 -2.993430257108633E-008
  2.945751254821052E-008
 -1.109646981947235E-010
  7.209575681738129E-008
  2.308139249267407E-008
  1.073948862161345E-007
  5.044456087849340E-008
  7.268322874269259E-008
  2.346105187573282E-008
  4.241996261803172E-008
 -7.503369680914729E-008
 -5.181737087541835E-008
 -5.635387092976640E-008
  8.901356729246899E-008
  1.168044035496502E-007
  7.677425539245690E-008
  9.084600493433680E-008
 -4.265996978746273E-008
 -1.408146529443041E-007
 -1.991788934118111E-009
 -7.911889464833439E-008
 -2.287043259018038E-010
  8.332910542605968E-008
  5.066068815430456E-009
  4.796956598676121E-008
 -2.018475158043567E-008
 -2.047834573520450E-008
 -2.782978639788765E-008
 -4.931476767374876E-009
 -2.871999705085332E-008
  3.756948111580617E-009
 -2.205606126123422E-008
  1.696901865912945E-008
 -5.111257697451441E-009
  6.485153063906924E-008
  2.463089069127907E-008
  8.150662169622871E-008
  4.098258144185345E-008
  5.564780097535494E-008
  2.018298150228068E-008
  2.929869575037183E-008
 -3.858437699076673E-008
 -1.039110528888240E-007
 -7.602717981746351E-008
  3.883924478404512E-008
  5.933198443652789E-008
  9.947174109926662E-008
  1.489759933487105E-007
 -8.825589353082912E-009
 -6.381621438180519E-008
 -1.838636115660964E-008
 -1.402269592377005E-007
  3.028435278651991E-009
  1.685442259312460E-008
  1.097912868822757E-008
  7.952125271172702E-008
 -1.014554398695371E-008
  1.650157208866389E-008
 -2.778167164068030E-008
 -1.015108772873863E-008
 -2.782857699479616E-008
 -5.578102858043441E-009
 -2.421293881900061E-008
 -4.311461769171341E-009
 -1.746797919386530E-008
  2.098172111949694E-008
  1.365288174182735E-009
  5.269583930786820E-008
  2.338845981506378E-008
  5.375426241223403E-008
  2.603447082875219E-008
  3.381827695254510E-008
  1.147732569724473E-008
  1.493736965895258E-008
  1.039730215585930E-008
 -9.639700095712410E-008
 -6.571974071991882E-008
 -2.278445421689136E-008
 -9.868948386426627E-009
  8.029927616635147E-008
  1.325769514361917E-007
  2.740283875396409E-008
  2.886479310704461E-008
 -1.701707830778681E-008
 -1.178187776515682E-007
 -5.773049567800679E-009
 -5.285310606502337E-008
  1.151364735773928E-008
  5.281554925386120E-008
  2.306477361264355E-009
  4.436428243457650E-008
 -1.784334160769225E-008
  4.491529233945976E-009
 -2.448628332965733E-008
 -6.473058705890620E-009
 -2.191153157642244E-008
 -8.736255757534091E-009
 -1.861926941254960E-008
 -1.990507410935530E-010
 -9.454028380271832E-009
  2.275016273391542E-008
  6.652841653665788E-009
  3.705621214095255E-008
  1.710507142660288E-008
  3.142259751044277E-008
  1.415396721956173E-008
  1.755684075673179E-008
  5.490382142094459E-009
  6.589006007648645E-009
  3.741041936115619E-008
 -5.269648476027746E-008
 -3.916684451754324E-008
 -5.399564547283174E-008
 -4.745388900251829E-008
  3.854165138232260E-008
  7.486095935236455E-008
  4.215125031309250E-008
  7.449164172421525E-008
 -2.005026724480032E-009
 -5.442023215177342E-008
 -1.114458374132917E-008
 -7.623029343234581E-008
  4.883953616376917E-009
  6.229897398659058E-009
  8.181159213801441E-009
  4.248247102988032E-008
 -5.974818740797847E-009
  2.044672957523110E-008
 -1.715008322996357E-008
  1.911654859042186E-010
 -1.822166513412699E-008
 -7.002175687002645E-009
 -1.611732604185733E-008
 -6.391566973802180E-009
 -1.185929197866983E-008
  5.145716287869471E-009
 -2.552750925426595E-009
  1.924088714515572E-008
  7.327009340570458E-009
  2.300913880698272E-008
  1.047408625432568E-008
  1.661242220991667E-008
  6.952217881922710E-009
  8.213385446130423E-009
  2.392072130071060E-009
  2.678003764702630E-009
  3.793903821408723E-008
 -8.839019544104258E-009
 -1.386350459180449E-008
 -5.120808939849278E-008
 -5.039903468544791E-008
  1.683818743486395E-009
  1.948954059295878E-008
  3.487791381554849E-008
  7.112258386121376E-008
  1.197432914137291E-008
  7.435965101650607E-010
 -8.153027198245699E-009
 -5.924079974405614E-008
 -2.034863198804695E-009
 -2.548255516603189E-008
  6.929602487817863E-009
  2.183693050150105E-008
  1.788365099884700E-009
  2.488926619599778E-008
 -8.661814812797725E-009
  8.442310103919908E-009
 -1.320656800742627E-008
 -2.454867922735622E-009
 -1.283020036571196E-008
 -6.020521879876934E-009
 -1.071780355576147E-008
 -2.069446941876502E-009
 -5.900966038959437E-009
  7.125302443064405E-009
  9.515743816480235E-010
  1.357587849299440E-008
  5.604101496595074E-009
  1.292449109876766E-008
  5.698451324412655E-009
  8.112115168032444E-009
  3.184316055595337E-009
  3.577025438898904E-009
  9.836705506700917E-010
  1.033536601850990E-009
  2.408132108031285E-008
  1.604866752177175E-008
  1.599179073185165E-009
 -3.110522054131367E-008
 -3.475720598353771E-008
 -1.707903014940470E-008
 -1.253289044978323E-008
  1.796203380873070E-008
  4.408153683630757E-008
  1.694169155466637E-008
  2.736635341564973E-008
 -1.157582108365697E-009
 -2.824500278326173E-008
 -4.684770242505279E-009
 -3.314001801761366E-008
  2.722246376185311E-009
  5.717294338895758E-010
  4.183053896949575E-009
  1.830442479312838E-008
 -2.153267642323700E-009
  1.260270502034959E-008
 -7.801222799980491E-009
  2.446325322811343E-009
 -9.323635623916434E-009
 -3.296781786376753E-009
 -8.555378505284024E-009
 -3.582127966833742E-009
 -6.178603678390477E-009
  9.391251609974524E-010
 -2.094743002538993E-009
  6.367069705115645E-009
  1.884369912803762E-009
  8.414062211000296E-009
  3.552154666913200E-009
  6.704230921130947E-009
  2.854419562818227E-009
  3.723079344964678E-009
  1.386716676719025E-009
  1.479759424808354E-009
  3.890780351884198E-010
  3.850206306415289E-010
  8.833772216999903E-009
  2.149160222722818E-008
  7.198050907809424E-009
 -1.052571672044850E-008
 -1.640134718540053E-008
 -1.934409263706487E-008
 -2.168564445487471E-008
  2.996162252905253E-009
  1.657975634276140E-008
  1.380537895979249E-008
  2.947095289591526E-008
  4.390760371617801E-009
 -3.284460620375132E-009
 -3.355310284950529E-009
 -2.479764894838887E-008
 -6.248921266871809E-010
 -1.128151613370572E-008
  3.141854279586562E-009
  7.738109581593469E-009
  1.161163525694493E-009
  1.142204469588783E-008
 -3.331410373651954E-009
  5.545887628096162E-009
 -5.921839943546504E-009
 -2.756648483462905E-010
 -6.260189093936346E-009
 -2.654344870046139E-009
 -5.235400808729841E-009
 -1.312281457756875E-009
 -3.017575614752028E-009
  2.062931495920984E-009
 -2.639886785743653E-010
  4.583954857162034E-009
  1.642580984651023E-009
  4.735941999811123E-009
  2.001084948933910E-009
  3.263770935608764E-009
  1.345889663881897E-009
  1.627325311818839E-009
  5.814307523688751E-010
  5.890627634640303E-010
  1.496799655043775E-010
  1.398042409050064E-010
 -1.025934344031989E-009
  1.587757784409669E-008
  6.762089835844917E-009
  2.223028309309426E-009
 -3.542029737308389E-009
 -1.309336273532188E-008
 -1.766776231305393E-008
 -5.019296936287177E-009
 -6.686833605771527E-010
  7.370868169416978E-009
  1.974410923231005E-008
  6.236155654629270E-009
  8.956101315717955E-009
 -5.958407381174985E-010
 -1.198678121321906E-008
 -1.768905876846431E-009
 -1.323987505394427E-008
  1.170421154136143E-009
 -7.058941205980813E-010
  1.869552778390365E-009
  7.095176149562616E-009
 -5.412360826528439E-010
  6.072542319566703E-009
 -3.078349921022025E-009
  1.896709297279999E-009
 -4.139917318025216E-009
 -1.066846730377393E-009
 -3.960663453444741E-009
 -1.522592587393816E-009
 -2.878368385146046E-009
  3.791527587604508E-011
 -1.197702387742605E-009
  1.995322161245479E-009
  3.589187309320260E-010
  2.879361357788885E-009
  1.112987341896917E-009
  2.475164297282066E-009
  1.038776562876984E-009
  1.509653727781317E-009
  6.060625784379231E-010
  6.840842865013949E-010
  2.367269424124245E-010
  2.276197131909826E-010
  5.640083912747387E-011
  4.978727945618165E-011
 -4.714600451359420E-009
  7.643162116850751E-009
  4.155590305052296E-009
  6.638912706742104E-009
  2.484318746036216E-009
 -5.546434342548824E-009
 -9.805906282025897E-009
 -6.685913340447435E-009
 -7.215310050089337E-009
  1.740203486381225E-009
  8.673805942393099E-009
  5.104493299444135E-009
  1.088747617486502E-008
  1.485249309015774E-009
 -2.070250410276246E-009
 -1.274968215866873E-009
 -9.547829353761902E-009
 -2.086043123340364E-010
 -4.729416000115682E-009
  1.268476959285342E-009
  2.496917766303110E-009
  6.430982276536385E-010
  4.669828804630740E-009
 -1.116731014481721E-009
  2.786578786286994E-009
 -2.382437298415234E-009
  2.864545420644131E-010
 -2.721652782034703E-009
 -9.334162891939101E-010
 -2.322953894791685E-009
 -5.958263046853996E-010
 -1.402417573745194E-009
  5.579582283915827E-010
 -3.275156197112446E-010
  1.482549320657216E-009
  4.310177339045680E-010
  1.642469153650184E-009
  6.579705203367365E-010
  1.219827544773921E-009
  5.076548915044347E-010
  6.697124519768355E-010
  2.632370914814061E-010
  2.785955867912578E-010
  9.415469621134871E-011
  8.589310405028273E-011
  2.091427168561415E-011
  1.746064510786524E-011
 -4.414828108503988E-009
  1.496438728295398E-009
  1.704356832665845E-009
  5.888901067224025E-009
  3.730079411196008E-009
 -3.852753232712711E-010
 -3.355111716281177E-009
 -4.912308653204753E-009
 -7.084610019784808E-009
 -1.378625399962781E-009
  1.207618090820249E-009
  2.811787611742684E-009
  7.749157409875992E-009
  2.176382812926622E-009
  2.837527942284183E-009
 -2.634770307285332E-010
 -4.605020242608180E-009
 -6.481407892862316E-010
 -5.050190711047599E-009
  4.418083155247985E-010
 -6.151575618854187E-010
  7.803748852608727E-010
  2.560057325219662E-009
 -5.922397454015082E-011
  2.575313500816557E-009
 -1.109264424103041E-009
  1.050962666994027E-009
 -1.674877374543401E-009
 -2.309812261281636E-010
 -1.678215316106012E-009
 -5.483221312999924E-010
 -1.249435210688355E-009
 -6.784644106835330E-011
 -5.919455788438241E-010
  6.033548060892354E-010
  6.995239476928259E-012
  9.505155859161429E-010
  3.266238764453417E-010
  8.712618691292978E-010
  3.557504054039610E-010
  5.732206547531350E-010
  2.368217472615243E-010
  2.869850432066432E-010
  1.110612953866115E-010
  1.105211810556456E-010
  3.674291264154964E-011
  3.178933596098401E-011
  7.656958305872122E-012
  6.047442609956136E-012
 -2.630849467845720E-009
 -1.444798478912838E-009
  2.213747987350854E-010
  3.356019766827775E-009
  2.777559802153675E-009
  1.802348637147715E-009
  1.819395809337672E-010
 -2.362594762836852E-009
 -4.449265138281076E-009
 -2.202427825190927E-009
 -2.058962013560435E-009
  7.970137103152884E-010
  3.726485443803477E-009
  1.804225447170849E-009
  3.814572906467078E-009
  4.849990910611015E-010
 -9.174185690009036E-010
 -4.672774733065071E-010
 -3.506219695500024E-009
 -8.272751321850280E-011
 -1.896282788329642E-009
  4.810087378977089E-010
  7.400566654888339E-010
  3.157821905237065E-010
  1.769367254437389E-009
 -3.335040851567208E-010
  1.227065601730071E-009
 -8.888115117093043E-010
  2.720171964835837E-010
 -1.094352368855809E-009
 -2.712501480469807E-010
 -9.646486583976068E-010
 -2.260253811342342E-010
 -6.112840333187212E-010
  1.431318284028531E-010
 -2.026393359857134E-010
  4.669772262169894E-010
  9.342989491424812E-011
  5.518857064933277E-010
  2.059739819949516E-010
  4.365007757072718E-010
  1.803650016934656E-010
  2.589775814405395E-010
  1.064661226432112E-010
  1.194499005732784E-010
  4.575264534397005E-011
  4.288752372853365E-011
  1.411414380556688E-011
  1.157581575114431E-011
  2.774277296981705E-012
  2.072610749157805E-012
