  360.00   71.63       10.64845       -0.00000
  233.09  -19.50      -11.20317       -0.00000
   13.30  -42.58      -17.73733        0.00000
  239.27  -56.17      -16.46587        0.00000
   73.49  -41.71      -17.68386       -0.00000
  235.78  -47.93      -17.70774        0.00000
  327.63  -50.95      -17.41876        0.00000
  107.65  -27.98      -14.74941        0.00000
  251.94   64.23       13.93800        0.00000
   33.05   53.58       17.00863       -0.00000
  345.49   56.09       16.48289        0.00000
  158.82  -58.53      -15.85264       -0.00000
  332.77  -55.44      -16.63093       -0.00000
  326.94  -15.99       -9.42980        0.00000
   53.17   49.27       17.60319       -0.00000
    1.95  -33.81      -16.46117       -0.00000
  352.92   41.32       17.65437        0.00000
    1.89  -30.49      -15.56601       -0.00000
  281.53  -18.58      -10.75126        0.00000
  165.95    2.29        1.41844       -0.00000
   57.88   71.65       10.63753        0.00000
    3.82   -9.88       -6.01668       -0.00000
   83.86    6.34        3.90526        0.00000
  104.58  -36.09      -16.94689        0.00000
  202.07   35.63       16.85651        0.00000
   96.80  -19.36      -11.13359        0.00000
  100.05   35.24       16.77868       -0.00000
  249.03   28.30       14.85965        0.00000
   89.17   -5.72       -3.52794        0.00000
  130.78  -15.19       -9.00253       -0.00000
  181.88    3.36        2.08305        0.00000
  315.89   -4.00       -2.47872        0.00000
  290.10  -69.36      -11.74425        0.00000
  147.88   74.74        9.03862        0.00000
  246.84   -6.12       -3.77375       -0.00000
  116.54   75.07        8.86372       -0.00000
  264.36    4.49        2.77696        0.00000
   58.52   32.83       16.21781       -0.00000
  135.53   65.38       13.48359        0.00000
  171.64  -38.27      -17.31203       -0.00000
  240.56  -51.61      -17.32853        0.00000
  106.99  -29.48      -15.25087        0.00000
  266.73  -20.04      -11.45907        0.00000
  124.21  -60.56      -15.23847       -0.00000
   10.35   -0.11       -0.06780        0.00000
  205.27   21.45       12.11974       -0.00000
  142.67   41.50       17.66808        0.00000
   26.48   -4.08       -2.52598        0.00000
  166.40   -7.45       -4.58001        0.00000
  226.90    1.36        0.84771        0.00000
  290.65  -11.86       -7.16248        0.00000
  129.94    2.55        1.58053       -0.00000
   91.23  -18.76      -10.84212       -0.00000
    9.05  -51.13      -17.39557       -0.00000
   77.80  -72.85      -10.03000       -0.00000
  128.14   22.65       12.65161       -0.00000
  274.43   25.66       13.89650       -0.00000
   21.82   34.04       16.51386       -0.00000
  116.52   -5.52       -3.40865       -0.00000
  267.65   40.97       17.62513       -0.00000
   56.22  -47.19      -17.74888       -0.00000
  195.84  -12.46       -7.49982       -0.00000
  133.19   38.31       17.31712        0.00000
  327.40  -24.42      -13.40275       -0.00000
  267.60   24.24       13.32931       -0.00000
  223.59   43.66       17.78152       -0.00000
   47.38  -67.65      -12.52295        0.00000
  291.94  -20.14      -11.50807       -0.00000
  287.46  -66.98      -12.81186        0.00000
  143.41  -28.25      -14.84320       -0.00000
   27.60   17.09        9.99814        0.00000
    7.95  -33.16      -16.30111       -0.00000
  155.06   39.49       17.47267       -0.00000
  132.24  -38.21      -17.30388        0.00000
  304.30  -11.41       -6.90372        0.00000
  122.87   14.25        8.49363        0.00000
   65.70   -5.14       -3.17916        0.00000
    6.40  -59.10      -15.68915       -0.00000
   67.63   63.11       14.36025       -0.00000
  287.55  -15.23       -9.02155        0.00000
  322.20   42.26       17.71980       -0.00000
  173.32   35.57       16.84479       -0.00000
  263.75   59.44       15.58773       -0.00000
  352.67  -37.64      -17.21668        0.00000
  165.09  -61.90      -14.79311       -0.00000
  101.04   -4.64       -2.87111       -0.00000
   80.96   66.04       13.21396       -0.00000
  269.47  -13.28       -7.96194        0.00000
  231.30   33.80       16.45784       -0.00000
   32.03   36.36       16.99728        0.00000
   16.11  -47.03      -17.75639        0.00000
  110.37   31.53       15.86822        0.00000
  223.67  -54.30      -16.87156       -0.00000
  219.80   -4.95       -3.05869       -0.00000
   98.63  -53.68      -16.98963        0.00000
  241.02   43.82       17.78585        0.00000
   61.09  -13.67       -8.17272       -0.00000
   73.98   63.94       14.04986       -0.00000
   93.93  -11.75       -7.09675       -0.00000
   19.37   35.72       16.87554       -0.00000
   39.59    2.46        1.52605        0.00000
  237.91  -49.60      -17.57248        0.00000
  127.76   -0.43       -0.26911        0.00000
  138.26   -6.87       -4.22565        0.00000
  246.53  -47.83      -17.71439       -0.00000
  284.54   47.40       17.73849        0.00000
  266.61  -21.97      -12.35157        0.00000
  273.36  -44.25      -17.79487       -0.00000
  116.90   43.08       17.76118       -0.00000
  234.67  -13.20       -7.91534       -0.00000
  209.93  -36.19      -16.96552        0.00000
  215.49   -5.12       -3.16397       -0.00000
  236.72  -32.40      -16.10586       -0.00000
  286.98  -31.52      -15.86595       -0.00000
  167.24    5.25        3.24538        0.00000
  288.37  -30.34      -15.52078       -0.00000
  254.55   36.53       17.02790       -0.00000
  131.74   19.90       11.39665       -0.00000
   84.70    8.41        5.15133        0.00000
  333.79  -21.55      -12.16203        0.00000
   10.53  -38.62      -17.36124        0.00000
  302.68   36.82       17.08077       -0.00000
  200.74  -51.64      -17.32440       -0.00000
   74.69  -60.15      -15.36813       -0.00000
  345.09   32.51       16.13562       -0.00000
  193.28   23.46       13.00032        0.00000
  211.99   -7.98       -4.89550        0.00000
   43.20  -50.74      -17.44520        0.00000
  107.59   23.94       13.20306       -0.00000
  174.45   -8.03       -4.92229       -0.00000
  192.97  -15.64       -9.24061       -0.00000
  147.91  -16.73       -9.81384       -0.00000
  233.98   -6.53       -4.02079        0.00000
   83.73  -19.21      -11.06052       -0.00000
  358.64    8.37        5.12885       -0.00000
   11.93   59.91       15.44467       -0.00000
   95.24   18.93       10.92680        0.00000
  336.01  -41.15      -17.64077       -0.00000
  210.87   62.94       14.42260        0.00000
   34.86   23.19       12.88510       -0.00000
  317.21   11.46        6.93009       -0.00000
   18.61   10.58        6.42684       -0.00000
  144.67  -28.54      -14.94318        0.00000
    7.96   32.77       16.20289       -0.00000
  228.94   22.61       12.63562        0.00000
   12.74    3.01        1.86449       -0.00000
  212.04   35.39       16.80867        0.00000
   37.72   61.35       14.98024       -0.00000
   56.00   20.69       11.76843        0.00000
  234.31   27.40       14.54556       -0.00000
    9.33  -62.59      -14.54926       -0.00000
   45.46    2.97        1.84115       -0.00000
  217.04  -28.61      -14.96772       -0.00000
  169.15   -7.59       -4.65915        0.00000
  319.63   53.11       17.09192        0.00000
  195.63  -19.39      -11.15088        0.00000
  133.82   57.58       16.11259        0.00000
   48.98  -27.94      -14.73551        0.00000
   74.43   29.75       15.33680        0.00000
   37.70   56.21       16.45487       -0.00000
   82.20   66.02       13.22230        0.00000
  194.68   15.09        8.94976        0.00000
   39.95   23.48       13.00843        0.00000
  278.29   65.94       13.25543       -0.00000
   47.36  -32.94      -16.24554        0.00000
  145.15  -57.95      -16.01288       -0.00000
  336.80  -29.04      -15.11001        0.00000
  306.13   -5.32       -3.28378       -0.00000
  305.98   68.73       12.03338        0.00000
  239.78   50.72       17.44765        0.00000
  258.22    6.52        4.01516       -0.00000
  318.29   10.65        6.46394       -0.00000
  306.99   60.68       15.20175        0.00000
  284.83  -46.97      -17.75876        0.00000
  335.83    1.49        0.92297        0.00000
    9.95   11.38        6.88432        0.00000
  286.61  -56.87      -16.29378        0.00000
   39.02   -7.06       -4.34313        0.00000
  211.61  -28.85      -15.04605        0.00000
  322.79  -70.40      -11.25143       -0.00000
  301.19   10.72        6.50676       -0.00000
  183.87   14.80        8.79096        0.00000
   63.26   29.65       15.30554        0.00000
   18.67   -1.36       -0.84525       -0.00000
   95.72  -16.15       -9.51012       -0.00000
  348.49   45.94       17.79132        0.00000
   21.31   36.49       17.02218       -0.00000
   51.46   33.23       16.31896        0.00000
  146.66  -43.94      -17.78878       -0.00000
  159.80  -22.94      -12.78104       -0.00000
  267.71  -16.76       -9.83194        0.00000
   40.98  -59.79      -15.48206       -0.00000
  324.01  -40.19      -17.55108       -0.00000
   51.90    0.64        0.39500        0.00000
  110.69   -6.66       -4.10267        0.00000
   72.63  -20.10      -11.49021       -0.00000
  186.88  -38.06      -17.28128        0.00000
   67.39   32.27       16.07178       -0.00000
  323.51  -24.61      -13.47942       -0.00000
  159.77   17.57       10.24758       -0.00000
  232.24   34.81       16.68744       -0.00000
  266.49  -47.00      -17.75742       -0.00000
  280.53   38.83       17.38938        0.00000
  277.96   16.17        9.52298       -0.00000
   95.74   20.55       11.70019        0.00000
  108.58   11.17        6.76706        0.00000
  201.24   18.29       10.60733       -0.00000
   61.98  -31.64      -15.90061       -0.00000
  120.70  -49.22      -17.60785       -0.00000
   55.95  -77.24       -7.67107        0.00000
  124.17  -44.48      -17.79808       -0.00000
   34.78  -43.84      -17.78652        0.00000
  285.62  -16.50       -9.69680        0.00000
  310.68   37.92       17.26062        0.00000
   11.99   16.18        9.53009        0.00000
  301.93   75.07        8.86151       -0.00000
  180.87  -70.55      -11.17983       -0.00000
  130.97  -50.14      -17.51548        0.00000
   55.19  -14.63       -8.70135        0.00000
  338.55   20.13       11.50383       -0.00000
  251.37   48.80       17.64459        0.00000
   33.71   29.60       15.28887       -0.00000
  300.57   26.43       14.19124        0.00000
    4.82   -8.79       -5.37785       -0.00000
  161.03  -10.52       -6.39073       -0.00000
   84.39  -44.44      -17.79756        0.00000
  131.94   -8.65       -5.29567       -0.00000
  309.11  -51.17      -17.38958       -0.00000
  327.54  -67.80      -12.45620       -0.00000
  223.22  -68.40      -12.18634       -0.00000
  291.04  -15.27       -9.04310        0.00000
  197.31    4.85        2.99946        0.00000
   31.47  -11.14       -6.75113       -0.00000
  343.70   55.06       16.71554        0.00000
  181.67  -12.15       -7.32519        0.00000
  332.53    3.06        1.89534        0.00000
   60.74   49.60       17.57166       -0.00000
  342.67  -23.54      -13.03709       -0.00000
   34.32   21.66       12.21122       -0.00000
  338.82   53.31       17.05661       -0.00000
   13.55   57.13       16.22882       -0.00000
  225.84  -38.46      -17.33898       -0.00000
   35.09    5.35        3.30256        0.00000
   62.19   21.00       11.91190        0.00000
  259.80   17.73       10.32698        0.00000
  294.04   22.82       12.72804       -0.00000
  302.68  -45.15      -17.80073        0.00000
   47.95   -8.30       -5.08616        0.00000
  226.03   46.08       17.78826       -0.00000
    7.23   -1.93       -1.19563        0.00000
  168.02   46.14       17.78696       -0.00000
  190.91   23.71       13.10781       -0.00000
   40.94  -26.58      -14.24694        0.00000
   83.37   29.04       15.11077       -0.00000
  239.96  -23.38      -12.96965       -0.00000
  299.12   19.54       11.22185        0.00000
  122.72   -4.51       -2.79212        0.00000
  206.54  -41.30      -17.65279        0.00000
   28.52  -69.10      -11.86330        0.00000
  165.51  -28.04      -14.77234        0.00000
   13.48   -5.23       -3.23392       -0.00000
  284.74  -21.73      -12.24244        0.00000
  154.67  -27.88      -14.71648       -0.00000
  315.74   17.87       10.39567       -0.00000
   76.58    0.60        0.37454        0.00000
   62.06   54.97       16.73286       -0.00000
   51.41   22.07       12.39641       -0.00000
  220.02   11.93        7.20311       -0.00000
  221.32    4.97        3.07123       -0.00000
   79.52  -30.36      -15.52772       -0.00000
   18.07   16.12        9.49415       -0.00000
  354.20  -54.04      -16.92172        0.00000
  124.35  -20.22      -11.54444       -0.00000
  332.77   42.55       17.73587        0.00000
  146.70   13.15        7.88548       -0.00000
  154.26   -2.30       -1.42881        0.00000
  154.05  -72.78      -10.06903        0.00000
   83.88  -44.58      -17.79906        0.00000
  277.62  -67.41      -12.62623       -0.00000
  248.98   28.20       14.82787        0.00000
  164.59   32.67       16.17674        0.00000
  101.62  -68.49      -12.14278        0.00000
  141.00   -8.40       -5.14663        0.00000
  128.55  -35.04      -16.73568        0.00000
  281.60   -7.21       -4.43468        0.00000
  317.69  -61.06      -15.07697        0.00000
   68.97   26.34       14.15580       -0.00000
  165.76  -27.10      -14.43726        0.00000
  153.99    0.34        0.21381        0.00000
   39.09  -34.35      -16.58541       -0.00000
  321.70   -6.66       -4.10229        0.00000
  100.72   52.75       17.15432        0.00000
  338.72  -14.39       -8.57128        0.00000
  174.64  -14.51       -8.63725       -0.00000
   93.94   34.72       16.66744       -0.00000
  259.85   13.04        7.82676        0.00000
  358.13  -44.59      -17.79913       -0.00000
   57.21   52.45       17.20249       -0.00000
   64.56   10.28        6.24872        0.00000
  144.98  -17.20      -10.05868       -0.00000
  333.71   19.80       11.34640        0.00000
   15.96   -6.73       -4.14615       -0.00000
  127.84    8.27        5.06601        0.00000
   12.97   49.80       17.55192        0.00000
   79.79  -42.99      -17.75715       -0.00000
  131.56   -1.41       -0.87544       -0.00000
  101.47   44.56       17.79892       -0.00000
  354.75   14.23        8.48239        0.00000
  230.27  -31.94      -15.98263        0.00000
  304.33    0.33        0.20699       -0.00000
    9.72  -33.58      -16.40627        0.00000
  222.15  -49.98      -17.53231       -0.00000
   30.88  -76.43       -8.11746       -0.00000
  199.03  -29.88      -15.37769       -0.00000
  289.54  -26.27      -14.13051       -0.00000
  315.85    1.94        1.20413        0.00000
  234.66   -8.94       -5.46532        0.00000
  110.46  -12.45       -7.49536        0.00000
  169.69  -18.80      -10.85892        0.00000
  173.28  -11.29       -6.83693       -0.00000
  272.68   -7.32       -4.49664        0.00000
    5.43  -20.71      -11.77608       -0.00000
   73.72  -71.22      -10.85100       -0.00000
  186.27   -6.10       -3.76001        0.00000
   54.28   16.72        9.81095        0.00000
  176.09   -4.37       -2.70508       -0.00000
  247.48  -42.10      -17.70979        0.00000
  219.18   16.52        9.70717       -0.00000
  238.63  -23.48      -13.00836       -0.00000
   59.97  -27.75      -14.67145        0.00000
   94.48  -63.89      -14.06851        0.00000
  343.17   16.98        9.94388       -0.00000
  105.78  -43.74      -17.78386        0.00000
  141.84   32.08       16.02136       -0.00000
  316.35   36.54       17.02976       -0.00000
  258.18  -51.16      -17.39121        0.00000
   75.68   13.03        7.81976        0.00000
   20.97    5.48        3.38136        0.00000
    2.36  -10.05       -6.11596       -0.00000
  118.37   46.18       17.78587       -0.00000
   18.69   15.37        9.09858       -0.00000
   48.54  -44.51      -17.79833       -0.00000
  230.08   61.52       14.92332       -0.00000
  334.38  -57.23      -16.20327       -0.00000
  277.95   70.62       11.14660        0.00000
  340.46   69.60       11.63261        0.00000
  332.77    5.50        3.39913       -0.00000
  175.28   -8.49       -5.19617       -0.00000
  327.91  -14.13       -8.42846        0.00000
  164.65  -28.95      -15.07939        0.00000
  343.94   -9.50       -5.79366       -0.00000
  283.92  -40.47      -17.57887        0.00000
  221.18   -7.94       -4.86965       -0.00000
  220.72  -27.47      -14.56955       -0.00000
  256.89   75.87        8.42772       -0.00000
  105.88   46.21       17.78503        0.00000
  336.80   72.74       10.08904        0.00000
    2.12  -16.09       -9.48063       -0.00000
   84.10   65.01       13.63151        0.00000
  327.59  -53.95      -16.94013        0.00000
  241.57  -48.59      -17.66137       -0.00000
  183.49  -23.37      -12.96292        0.00000
   59.11   55.80       16.55009        0.00000
  213.71  -15.44       -9.13719        0.00000
  230.13  -10.03       -6.10616        0.00000
  246.76  -15.82       -9.33859        0.00000
  105.66  -16.52       -9.70387        0.00000
  345.37   48.32       17.68169        0.00000
  145.39    5.15        3.18516       -0.00000
   47.17   29.49       15.25508        0.00000
   76.87  -82.48       -4.61871       -0.00000
  299.43  -16.81       -9.85685       -0.00000
   82.94   21.62       12.19476        0.00000
  142.80   23.77       13.13258       -0.00000
  285.72  -66.42      -13.05152        0.00000
  148.29   62.45       14.60100       -0.00000
  201.53  -41.24      -17.64781        0.00000
  185.67  -55.67      -16.58059        0.00000
   11.99  -25.23      -13.72861        0.00000
  268.77   51.60       17.33030       -0.00000
  250.38  -13.08       -7.84671       -0.00000
  220.24  -32.02      -16.00582       -0.00000
  322.70   77.83        7.33934        0.00000
    4.39  -21.39      -12.09028       -0.00000
  357.88  -67.14      -12.74386       -0.00000
  244.03   22.45       12.56341        0.00000
  183.02   39.40       17.46215        0.00000
   12.01   40.62       17.59372        0.00000
  281.34   -4.85       -3.00158        0.00000
  171.99   -4.71       -2.91540       -0.00000
  174.82  -11.68       -7.05819       -0.00000
  286.16  -64.86      -13.69316        0.00000
  256.02   55.58       16.60068        0.00000
  275.55  -23.33      -12.94603       -0.00000
   76.51   37.23       17.14980       -0.00000
  257.38  -78.41       -7.00729       -0.00000
  122.37    0.12        0.07710        0.00000
  175.45  -22.24      -12.47403       -0.00000
  142.64   59.20       15.65786        0.00000
  214.09   68.58       12.10485        0.00000
   45.91   24.40       13.39338        0.00000
  155.70  -38.24      -17.30785       -0.00000
   19.52   40.83       17.61257        0.00000
   62.30   -4.48       -2.77225        0.00000
  352.53   18.12       10.52423        0.00000
  237.18  -38.08      -17.28366       -0.00000
  263.74  -21.13      -11.96908        0.00000
   23.19  -63.06      -14.37822        0.00000
   32.75  -39.62      -17.48826        0.00000
  315.15   10.76        6.53089       -0.00000
  296.82  -60.78      -15.16702       -0.00000
  226.37  -39.80      -17.50876       -0.00000
   89.50  -53.73      -16.98080        0.00000
  230.54   10.22        6.21560        0.00000
   87.57  -32.86      -16.22627        0.00000
  312.22    3.43        2.12416        0.00000
  118.33    5.06        3.12959       -0.00000
   11.72   60.36       15.30345       -0.00000
  238.93   30.41       15.54319       -0.00000
   88.25   26.18       14.09654        0.00000
    8.80   -7.30       -4.48651        0.00000
   12.47  -19.68      -11.28957        0.00000
  161.53   19.94       11.41391       -0.00000
  189.95   43.39       17.77295       -0.00000
  111.11   41.95       17.70050        0.00000
  197.64  -78.65       -6.87164        0.00000
  188.73   12.70        7.63683       -0.00000
    5.52  -40.09      -17.53999       -0.00000
   16.51   48.87       17.63850        0.00000
  216.42  -37.00      -17.11131        0.00000
  177.88  -34.28      -16.56816       -0.00000
  310.92   58.91       15.74410        0.00000
  225.92   16.30        9.58983        0.00000
   18.46   50.91       17.42393        0.00000
  292.07  -62.64      -14.53267        0.00000
  346.49   38.36       17.32542        0.00000
  263.94  -60.84      -15.14860       -0.00000
  161.50   11.35        6.87148       -0.00000
   13.44  -19.57      -11.23399        0.00000
  182.14  -22.29      -12.49509        0.00000
  244.04   -0.66       -0.41158        0.00000
  125.32    5.22        3.22387        0.00000
  299.23  -39.01      -17.41271       -0.00000
  349.30   -5.20       -3.21055        0.00000
  313.12   26.62       14.26264        0.00000
  302.75  -44.85      -17.80075        0.00000
   36.36   80.79        5.62485       -0.00000
  250.99   26.43       14.19023       -0.00000
  247.77  -49.37      -17.59466       -0.00000
  357.42  -16.51       -9.70205       -0.00000
   10.06  -53.95      -16.93878       -0.00000
   39.67   19.93       11.40664        0.00000
   47.04   64.66       13.77220       -0.00000
  335.19   62.56       14.56074        0.00000
  152.61   61.67       14.87194       -0.00000
   87.17   18.52       10.72291       -0.00000
   75.79   24.58       13.46619       -0.00000
  264.95  -50.19      -17.50962       -0.00000
  266.93  -41.80      -17.68982       -0.00000
  356.63  -36.70      -17.05900        0.00000
   57.04   -1.08       -0.67235       -0.00000
   45.88  -36.36      -16.99824       -0.00000
  135.14  -37.34      -17.16877       -0.00000
  168.00   13.75        8.21845        0.00000
  355.06   -1.70       -1.05827        0.00000
  280.31   57.39       16.16131        0.00000
  136.34   37.03       17.11577       -0.00000
   61.81   25.82       13.95812        0.00000
  242.84   17.48       10.20184        0.00000
  281.19   -0.68       -0.42521        0.00000
  319.27  -11.91       -7.18870       -0.00000
   40.12   62.35       14.63394       -0.00000
  117.01  -42.69      -17.74323       -0.00000
   18.14   33.20       16.31095       -0.00000
   74.66  -27.96      -14.74310       -0.00000
  144.46   64.22       13.94290        0.00000
  358.96   -7.37       -4.52627       -0.00000
  227.60   42.15       17.71295       -0.00000
  217.10  -32.37      -16.09795       -0.00000
   38.25  -19.08      -10.99640        0.00000
  204.83   61.56       14.90816        0.00000
  130.46  -14.59       -8.67973       -0.00000
  309.93   32.52       16.13917        0.00000
  301.40   70.57       11.16895        0.00000
  219.09  -22.18      -12.44531       -0.00000
  169.97  -21.30      -12.04906       -0.00000
  234.83   -2.59       -1.60571       -0.00000
   66.27   69.75       11.55924       -0.00000
   92.30   59.94       15.43474        0.00000
  271.37   12.02        7.25385        0.00000
   54.39   38.11       17.28904        0.00000
   12.09  -58.78      -15.77989       -0.00000
  123.28  -11.67       -7.05135        0.00000
   82.89  -19.15      -11.03064        0.00000
  268.34   -8.91       -5.44571       -0.00000
    9.39   23.69       13.09723        0.00000
   19.53    8.00        4.90862       -0.00000
   37.19  -24.19      -13.30609       -0.00000
  319.54  -28.94      -15.07508       -0.00000
  118.68   24.17       13.29954       -0.00000
  122.75   27.17       14.46181       -0.00000
  118.28   -7.38       -4.53481       -0.00000
  100.57  -15.50       -9.16837        0.00000
  324.20   11.98        7.23160        0.00000
  240.37   87.80        1.36501        0.00000
   92.81   72.88       10.01503        0.00000
  335.71    1.09        0.67520        0.00000
   82.95   29.40       15.22556       -0.00000
  179.54    9.91        6.03565       -0.00000
   94.87   37.90       17.25711       -0.00000
   10.01   68.96       11.92995       -0.00000
   79.74   55.89       16.53110       -0.00000
  133.60    5.34        3.30196       -0.00000
   67.93  -19.86      -11.37635       -0.00000
  287.30  -42.57      -17.73692        0.00000
   69.46   -9.03       -5.51733        0.00000
  216.74  -25.45      -13.81476       -0.00000
  102.45   55.08       16.71019        0.00000
   18.38  -29.81      -15.35764       -0.00000
  247.93   54.50       16.83079        0.00000
   92.87    8.66        5.30186        0.00000
   34.96   -0.13       -0.07968        0.00000
  163.04  -48.46      -17.67152        0.00000
   68.14   -9.14       -5.58520        0.00000
   94.74   -6.11       -3.76952        0.00000
  117.30   20.56       11.70628        0.00000
  262.06  -42.75      -17.74626        0.00000
   46.63   53.59       17.00726        0.00000
   75.13  -17.08       -9.99587        0.00000
  216.35   38.16       17.29614        0.00000
  145.51  -64.56      -13.80944        0.00000
   60.13   -2.48       -1.54204        0.00000
   46.88   15.14        8.97674       -0.00000
  104.54  -13.84       -8.26996        0.00000
  106.41  -61.00      -15.09676        0.00000
  320.42   16.31        9.59333       -0.00000
    2.45  -68.76      -12.02304       -0.00000
   85.50   25.07       13.66230       -0.00000
   27.19  -59.47      -15.57676        0.00000
   99.13   41.05       17.63244       -0.00000
  184.62  -10.81       -6.55770        0.00000
    6.08  -50.31      -17.49575       -0.00000
  147.38   44.45       17.79768       -0.00000
   49.96   23.02       12.81321       -0.00000
   40.37  -71.50      -10.71111        0.00000
  304.54  -13.33       -7.98768        0.00000
   36.84   42.44       17.72976        0.00000
  124.10    0.94        0.58499        0.00000
  143.56    6.65        4.09455       -0.00000
   47.95  -33.94      -16.49077        0.00000
  256.73  -62.15      -14.70613        0.00000
  354.16   38.79       17.38482        0.00000
  328.15   17.89       10.40643       -0.00000
  328.33    3.09        1.91726        0.00000
  146.47  -29.34      -15.20637        0.00000
  292.81  -27.15      -14.45725       -0.00000
   57.36   11.86        7.15959       -0.00000
   75.94   25.10       13.67765       -0.00000
  185.15  -63.92      -14.05902        0.00000
  308.31  -81.54       -5.17825        0.00000
  317.95  -14.36       -8.55446       -0.00000
  191.17   13.35        7.99710       -0.00000
  318.11   23.45       12.99862        0.00000
  286.53   31.82       15.95109       -0.00000
  212.75   28.26       14.84658        0.00000
  300.80   17.34       10.12732       -0.00000
   93.82   27.50       14.58198        0.00000
  180.77  -24.58      -13.46799        0.00000
    7.92   51.15       17.39267       -0.00000
  312.11    5.49        3.39339        0.00000
    5.97    6.19        3.81488       -0.00000
  144.74  -38.04      -17.27811        0.00000
  271.80  -20.53      -11.69450       -0.00000
  174.18   52.57       17.18292       -0.00000
  269.83  -30.11      -15.44934       -0.00000
  358.17    4.69        2.90080       -0.00000
  211.93  -52.97      -17.11733        0.00000
  174.68   62.75       14.49202        0.00000
   56.17  -69.57      -11.64595        0.00000
  245.48   15.32        9.07355        0.00000
  307.86   -6.15       -3.78925        0.00000
  231.26   85.79        2.60526        0.00000
  135.99  -27.54      -14.59771        0.00000
  244.67  -44.56      -17.79890       -0.00000
  321.51   50.80       17.43719        0.00000
  190.39  -27.91      -14.72707        0.00000
  100.52    0.32        0.19614        0.00000
  126.09   54.32       16.86694       -0.00000
  204.78   59.34       15.61744        0.00000
    5.82  -61.94      -14.77875       -0.00000
  161.95  -62.38      -14.62319       -0.00000
   55.78  -62.87      -14.44926        0.00000
  271.42  -88.20       -1.11616        0.00000
   42.39  -24.47      -13.42071        0.00000
   79.47   -5.71       -3.52404       -0.00000
  302.41  -71.26      -10.82977       -0.00000
  173.95   31.96       15.98852       -0.00000
  217.24  -37.73      -17.23082        0.00000
  315.69  -11.71       -7.07661       -0.00000
  191.90   72.03       10.44828        0.00000
  139.26   27.28       14.50196       -0.00000
  252.88   65.83       13.29962        0.00000
  245.43   22.10       12.41064        0.00000
   92.34  -43.83      -17.78626        0.00000
   50.03  -16.46       -9.67165       -0.00000
   92.15  -38.20      -17.30229        0.00000
   97.89  -66.77      -12.90559        0.00000
  300.58  -10.10       -6.14786       -0.00000
  244.40  -47.26      -17.74569       -0.00000
  134.87  -44.09      -17.79201        0.00000
  344.35  -43.31      -17.77009        0.00000
  314.16  -29.77      -15.34484        0.00000
  186.93    5.43        3.35348        0.00000
   86.22   17.96       10.44298       -0.00000
  344.34  -22.05      -12.38847       -0.00000
  239.52    0.94        0.58203        0.00000
  209.23   -1.01       -0.63016        0.00000
  311.66    6.92        4.25527        0.00000
   56.46   11.20        6.78516       -0.00000
  310.49   -5.09       -3.14907        0.00000
  303.98    0.99        0.61572       -0.00000
  170.41   26.90       14.36440       -0.00000
   27.95  -40.95      -17.62302       -0.00000
  261.18   58.43       15.88113       -0.00000
  319.90   16.09        9.48114       -0.00000
  344.11  -26.42      -14.18516       -0.00000
  284.70   -7.45       -4.57608       -0.00000
  251.67   72.92        9.99324        0.00000
  132.24   -3.25       -2.01353       -0.00000
  340.74  -31.02      -15.72197       -0.00000
  261.24  -10.40       -6.32053       -0.00000
  319.96   35.65       16.86153       -0.00000
   66.06   -9.26       -5.65476        0.00000
   12.71   82.52        4.59803       -0.00000
  296.60  -13.73       -8.20918       -0.00000
  168.94   11.74        7.09073        0.00000
  301.74   52.48       17.19764        0.00000
  257.37   35.71       16.87288       -0.00000
  178.59   21.05       11.93620        0.00000
  130.65    8.84        5.40529       -0.00000
  188.48   75.16        8.81586        0.00000
  310.78  -23.61      -13.06727       -0.00000
  314.66   46.81       17.76549       -0.00000
  329.56  -73.16       -9.87018        0.00000
  283.06  -11.39       -6.89354       -0.00000
  269.69   -5.63       -3.47454       -0.00000
  348.96  -43.57      -17.77879        0.00000
  127.26  -47.11      -17.75289       -0.00000
  292.49  -23.89      -13.18093       -0.00000
  318.61  -29.17      -15.15291        0.00000
   16.13    0.81        0.50216       -0.00000
  343.18  -40.85      -17.61426       -0.00000
  245.81    4.73        2.92637       -0.00000
   76.03   10.10        6.14484       -0.00000
   60.41  -38.27      -17.31141        0.00000
  322.79   51.77       17.30599        0.00000
  166.35   -6.97       -4.28588        0.00000
  340.60   51.66       17.32225       -0.00000
   45.02   18.43       10.67957        0.00000
  130.02   14.45        8.60176       -0.00000
  105.25   16.38        9.63220        0.00000
   49.89   52.97       17.11617        0.00000
  236.89  -67.56      -12.56209       -0.00000
  239.20   32.75       16.19881       -0.00000
  242.32   33.38       16.35641        0.00000
  263.70    3.04        1.88693        0.00000
   61.61  -34.00      -16.50594       -0.00000
   38.75  -33.21      -16.31510       -0.00000
  163.22   -4.45       -2.75521       -0.00000
   45.90   37.65       17.21820       -0.00000
  166.11  -49.24      -17.60676        0.00000
  268.95   21.37       12.08014       -0.00000
   68.53  -39.80      -17.50898       -0.00000
  129.21  -34.36      -16.58760        0.00000
  147.13  -25.54      -13.85078        0.00000
  316.42  -38.23      -17.30623       -0.00000
  351.69  -58.06      -15.98172        0.00000
  114.54  -51.02      -17.40934       -0.00000
   52.06   47.26       17.74558       -0.00000
   92.04   -4.12       -2.55418       -0.00000
  315.26  -56.17      -16.46379        0.00000
   51.57    1.36        0.84231        0.00000
    9.00   44.62       17.79939       -0.00000
  352.23   18.77       10.84604        0.00000
  266.74   -0.36       -0.22671        0.00000
  212.58   -3.96       -2.45377        0.00000
  160.59  -17.74      -10.33408       -0.00000
  119.82  -12.29       -7.40732       -0.00000
   55.57  -28.36      -14.88147       -0.00000
   90.61  -57.22      -16.20702        0.00000
  145.79   61.07       15.07172       -0.00000
    7.21  -15.12       -8.96414       -0.00000
   49.15   19.13       11.02378       -0.00000
  291.69   11.35        6.86995        0.00000
  291.49   49.58       17.57426       -0.00000
  148.23   68.66       12.06828        0.00000
  172.17   -1.89       -1.17194        0.00000
  304.09   65.23       13.54596        0.00000
  160.77  -27.15      -14.45658       -0.00000
   87.42   25.37       13.78454        0.00000
  312.29   59.14       15.67636        0.00000
   45.47   19.45       11.17833        0.00000
  359.17  -53.76      -16.97445       -0.00000
  147.31  -59.06      -15.69972       -0.00000
  330.44    2.67        1.65959        0.00000
  130.06  -69.42      -11.71443       -0.00000
   90.82   -0.33       -0.20748       -0.00000
   10.94  -31.87      -15.96486        0.00000
  241.22   -2.71       -1.68287        0.00000
  302.39    4.45        2.75384       -0.00000
  132.93    2.51        1.55948       -0.00000
  231.51   35.63       16.85676       -0.00000
  337.49  -35.24      -16.77724       -0.00000
  243.62  -29.54      -15.27002        0.00000
  320.90   -8.51       -5.20978       -0.00000
  335.68  -63.67      -14.15319        0.00000
  174.08   27.60       14.61726       -0.00000
  337.79  -10.26       -6.23860        0.00000
   92.90   49.69       17.56309       -0.00000
   59.85  -69.89      -11.49640       -0.00000
  142.21   60.03       15.40705        0.00000
    9.53  -52.83      -17.14055       -0.00000
  135.19    0.99        0.61325       -0.00000
  291.81   73.42        9.73595        0.00000
  315.49  -20.61      -11.72776        0.00000
   54.99   29.19       15.15947       -0.00000
  278.31  -36.93      -17.09930        0.00000
  303.44   -9.43       -5.75208       -0.00000
  230.24   26.85       14.34667        0.00000
   16.36  -63.60      -14.18018       -0.00000
  305.13   27.06       14.42330       -0.00000
   23.03  -20.94      -11.88483        0.00000
   66.67  -73.92       -9.47634       -0.00000
  227.10  -68.64      -12.07523       -0.00000
  293.39   27.59       14.61486       -0.00000
  263.21  -16.34       -9.61094        0.00000
  357.84  -10.33       -6.28013        0.00000
   69.29   40.99       17.62683       -0.00000
   58.52  -25.80      -13.95154        0.00000
   95.46   21.49       12.13480        0.00000
  222.43   26.45       14.19649       -0.00000
  154.20   51.64       17.32440       -0.00000
  322.81   65.24       13.53943       -0.00000
   99.71   34.52       16.62303       -0.00000
  351.27   55.08       16.70946        0.00000
   49.30   55.49       16.61981        0.00000
  253.69  -25.28      -13.74903       -0.00000
  219.45  -26.65      -14.27304       -0.00000
   97.53  -59.56      -15.55011        0.00000
  233.84   47.04       17.75570        0.00000
   85.60   18.35       10.64048       -0.00000
  193.37  -10.06       -6.12324       -0.00000
  306.28  -67.74      -12.48004        0.00000
   35.79   49.79       17.55243       -0.00000
   47.90   60.20       15.35505        0.00000
  184.75  -80.49       -5.80069        0.00000
  318.62   -2.42       -1.50319       -0.00000
  325.84   44.77       17.80039        0.00000
  322.98  -29.11      -15.13227       -0.00000
  119.96  -10.92       -6.62496       -0.00000
  328.18  -23.87      -13.17404       -0.00000
  248.86   49.18       17.61222       -0.00000
   15.74  -48.20      -17.69035        0.00000
  344.55   -5.85       -3.60995       -0.00000
   90.05  -32.65      -16.17322        0.00000
  336.97   50.43       17.48256       -0.00000
  238.99    9.43        5.75457        0.00000
  275.93  -19.95      -11.41914       -0.00000
  301.55  -46.45      -17.77804        0.00000
  201.01   58.12       15.96537       -0.00000
  173.46  -10.40       -6.31880       -0.00000
  299.95   15.33        9.07760       -0.00000
   39.85  -21.39      -12.08922        0.00000
  208.43   28.51       14.93140        0.00000
   66.05    7.67        4.71150        0.00000
    9.10  -27.57      -14.60646        0.00000
  240.61  -61.86      -14.80568        0.00000
  137.31   29.52       15.26370       -0.00000
  320.03  -78.25       -7.09934        0.00000
  220.94   28.08       14.78689       -0.00000
  109.77    5.46        3.37446        0.00000
  126.63    5.47        3.37915        0.00000
  329.99  -15.09       -8.94683       -0.00000
   46.45  -50.86      -17.43029        0.00000
   46.19  -21.63      -12.19789        0.00000
  209.05   48.14       17.69430        0.00000
   96.73  -70.40      -11.25281        0.00000
  194.18  -57.05      -16.25032       -0.00000
  160.61   -6.27       -3.86314       -0.00000
  124.13  -27.80      -14.68819       -0.00000
   99.09  -28.16      -14.81188       -0.00000
  309.51   28.56       14.94818       -0.00000
  325.85   26.34       14.15519       -0.00000
   77.45  -26.04      -14.04429       -0.00000
  151.41    7.56        4.64192        0.00000
   30.44   25.15       13.69727        0.00000
   47.46  -69.98      -11.45107        0.00000
  215.39  -19.71      -11.30183        0.00000
  264.71  -10.76       -6.53006       -0.00000
  240.43  -76.43       -8.11967       -0.00000
  203.46    9.12        5.57258        0.00000
  336.60    0.63        0.39360        0.00000
  297.70   40.64       17.59569       -0.00000
  332.07   24.22       13.32184        0.00000
  359.65  -21.04      -11.92751       -0.00000
  116.27   28.40       14.89637       -0.00000
   86.85   58.29       15.91826        0.00000
  352.78    3.46        2.14252        0.00000
    7.75    2.56        1.59133        0.00000
  104.36   18.68       10.80306        0.00000
  355.65   82.64        4.52210        0.00000
  359.23   37.30       17.16229       -0.00000
  233.83  -64.29      -13.91729       -0.00000
  250.22  -34.86      -16.69671       -0.00000
  153.21   80.91        5.55177       -0.00000
   98.38  -54.99      -16.72936        0.00000
  178.81  -43.58      -17.77917        0.00000
   73.16    7.86        4.82131       -0.00000
   14.01   17.91       10.41976        0.00000
  109.44  -24.00      -13.22709        0.00000
  301.48   46.77       17.76705        0.00000
  146.71   13.09        7.85579       -0.00000
  350.57    2.11        1.30981        0.00000
  319.22  -48.53      -17.66573       -0.00000
   54.36  -32.77      -16.20406        0.00000
   80.73  -13.77       -8.22847       -0.00000
  320.42  -50.06      -17.52401       -0.00000
  187.83   25.21       13.72006       -0.00000
  328.30   62.40       14.61840       -0.00000
   75.53  -33.34      -16.34763        0.00000
  310.02   16.02        9.44496        0.00000
  144.06   81.92        4.95442        0.00000
   81.27  -29.68      -15.31475       -0.00000
  333.70  -40.90      -17.61919        0.00000
  236.11    2.08        1.28867       -0.00000
  270.97   67.02       12.79603       -0.00000
  287.56    4.03        2.49342       -0.00000
  168.79   30.54       15.58184        0.00000
  205.41  -25.07      -13.66361       -0.00000
  328.98   31.83       15.95292        0.00000
  336.67    6.37        3.92481        0.00000
  127.26   -6.59       -4.05778        0.00000
  141.13   -5.61       -3.46595        0.00000
  137.05  -44.57      -17.79902        0.00000
  235.34   10.77        6.53318        0.00000
  271.36   16.63        9.76511       -0.00000
  110.59  -58.69      -15.80824       -0.00000
   15.44   -7.63       -4.68588       -0.00000
  202.01  -32.63      -16.16617       -0.00000
  296.14  -44.75      -17.80028       -0.00000
   27.10   38.79       17.38434       -0.00000
   75.11  -60.09      -15.38829       -0.00000
  293.48  -34.95      -16.71781       -0.00000
  231.52  -53.95      -16.94000       -0.00000
   31.24  -28.26      -14.84832        0.00000
  261.71    7.58        4.65631       -0.00000
  265.25   32.48       16.12741        0.00000
   73.83   30.75       15.64317        0.00000
  328.64   -5.00       -3.08885       -0.00000
  308.16    5.64        3.47940        0.00000
  257.51  -40.55      -17.58635        0.00000
  116.77   33.12       16.29299       -0.00000
  304.27  -12.12       -7.31109        0.00000
  322.10   60.57       15.23453       -0.00000
  327.03   -6.88       -4.23345        0.00000
   87.32   19.94       11.41355       -0.00000
  171.86  -46.04      -17.78919       -0.00000
    6.04  -70.83      -11.04479       -0.00000
  125.45   34.05       16.51702        0.00000
  346.16  -12.98       -7.79233       -0.00000
   62.97   68.35       12.20836       -0.00000
  198.18  -61.16      -15.04336       -0.00000
   59.87  -23.51      -13.02116        0.00000
  185.85   48.03       17.70183        0.00000
  297.60  -35.70      -16.87118       -0.00000
  138.92   64.87       13.68658        0.00000
  167.57  -25.38      -13.78866        0.00000
   88.25    7.21        4.43212        0.00000
  219.11   24.43       13.40563       -0.00000
  172.21   -6.14       -3.78880       -0.00000
  314.04  -19.78      -11.33487       -0.00000
  104.33  -14.29       -8.51334        0.00000
   69.15   19.20       11.05841       -0.00000
  188.51  -56.56      -16.37236       -0.00000
  331.32   40.96       17.62446        0.00000
  177.95   11.18        6.77067       -0.00000
   54.07   30.64       15.61117       -0.00000
  188.88   62.24       14.67422       -0.00000
  319.87    6.67        4.10478       -0.00000
  193.39  -63.00      -14.40035       -0.00000
  209.60   31.89       15.96883        0.00000
  349.13   23.66       13.08673        0.00000
  133.31   33.98       16.50015        0.00000
  261.89   54.75       16.77992       -0.00000
   28.06   54.54       16.82320       -0.00000
  210.94  -15.23       -9.02500        0.00000
  215.31  -30.05      -15.43095        0.00000
  290.55  -65.55      -13.41300        0.00000
  338.38   52.17       17.24603       -0.00000
  259.23    6.74        4.15041       -0.00000
   26.94   29.16       15.14704        0.00000
  273.82  -10.54       -6.40222        0.00000
   45.96  -30.42      -15.54376        0.00000
  173.94  -47.61      -17.72725       -0.00000
  114.06   -3.47       -2.14974        0.00000
  312.81   27.84       14.70326        0.00000
  351.14  -24.21      -13.31712        0.00000
  209.67   33.78       16.45369        0.00000
  331.39  -26.17      -14.09110        0.00000
    1.51  -77.43       -7.55966       -0.00000
  258.28  -10.29       -6.25453        0.00000
  153.46   66.61       12.97314        0.00000
  287.25  -23.46      -13.00184       -0.00000
  157.23    9.44        5.75880       -0.00000
  320.53  -25.28      -13.74616       -0.00000
  159.93   43.24       17.76747        0.00000
  339.08  -21.50      -12.14082       -0.00000
   43.65   11.53        6.97277       -0.00000
   11.34   39.65       17.49173        0.00000
  280.88   73.22        9.83855        0.00000
  130.88    7.65        4.69782       -0.00000
  264.20   52.93       17.12343       -0.00000
  240.66  -53.86      -16.95576        0.00000
   78.17  -31.37      -15.82378        0.00000
   64.01   -7.84       -4.81396        0.00000
  256.30  -19.31      -11.10957       -0.00000
  179.33  -55.17      -16.69199        0.00000
   18.56   -3.44       -2.13321       -0.00000
   38.46  -78.27       -7.08912       -0.00000
  147.87   43.48       17.77601       -0.00000
  132.21   14.08        8.40249       -0.00000
  327.62   19.31       11.11210       -0.00000
  150.37   55.71       16.57039       -0.00000
  157.58   -9.59       -5.84755       -0.00000
   88.35  -28.27      -14.85022        0.00000
   85.87  -15.85       -9.35145       -0.00000
   86.43    9.44        5.76253        0.00000
  337.99  -28.77      -15.02024       -0.00000
   94.32   42.60       17.73872       -0.00000
   83.99  -18.72      -10.82018       -0.00000
  304.23  -35.65      -16.86079       -0.00000
  284.51  -82.78       -4.43620        0.00000
  231.40  -57.23      -16.20245       -0.00000
  225.64  -15.38       -9.10564        0.00000
  267.10  -17.67      -10.29430        0.00000
  103.11   25.37       13.78330       -0.00000
  322.05  -54.02      -16.92615        0.00000
  349.73  -39.49      -17.47297        0.00000
  335.09   -8.44       -5.16940       -0.00000
  104.42    4.51        2.79157       -0.00000
   21.41   44.88       17.80082       -0.00000
   73.21    3.30        2.04552       -0.00000
  186.28   12.88        7.73731        0.00000
  209.98   16.20        9.53656        0.00000
  347.68   42.98       17.75688        0.00000
  124.40    9.06        5.53453        0.00000
  117.53   15.23        9.02620       -0.00000
   50.45   21.66       12.21126       -0.00000
  120.39  -54.37      -16.85809       -0.00000
  280.36  -10.64       -6.46138       -0.00000
   43.80  -26.20      -14.10256        0.00000
  173.80  -24.93      -13.60957       -0.00000
  216.62   43.04       17.75918       -0.00000
  180.91  -69.50      -11.67701       -0.00000
   18.85  -32.80      -16.21006       -0.00000
  248.02   12.67        7.61767       -0.00000
  191.87  -20.64      -11.74296       -0.00000
  226.21   20.83       11.83143        0.00000
  144.64    1.53        0.94940       -0.00000
  323.00  -39.74      -17.50166       -0.00000
   83.88    2.99        1.85245        0.00000
   60.58  -12.72       -7.64689       -0.00000
  115.73  -63.61      -14.17377       -0.00000
  337.17  -39.50      -17.47335       -0.00000
  160.19  -72.76      -10.07704       -0.00000
  122.26  -62.83      -14.46472       -0.00000
   51.90  -26.11      -14.07016       -0.00000
  307.14   46.68       17.77036        0.00000
  319.14   -7.42       -4.56119       -0.00000
  272.74   57.04       16.25306       -0.00000
  245.20    8.41        5.14895       -0.00000
    7.61   -6.24       -3.84965        0.00000
  336.51    6.08        3.75265        0.00000
   47.46   24.77       13.54462        0.00000
   32.92    3.47        2.15275       -0.00000
  208.98  -13.77       -8.22814       -0.00000
  117.63   50.56       17.46697       -0.00000
   12.75   -3.07       -1.90270       -0.00000
  275.34  -42.58      -17.73766       -0.00000
   70.69   44.89       17.80085       -0.00000
  183.95   26.97       14.39028        0.00000
  242.61   34.50       16.61964        0.00000
    4.95   -8.51       -5.21073       -0.00000
   94.63  -62.02      -14.75206        0.00000
  348.88  -25.55      -13.85368        0.00000
    4.01  -43.35      -17.77147       -0.00000
  263.12   43.01       17.75787        0.00000
   91.78    4.66        2.88316        0.00000
  172.53   13.86        8.27968       -0.00000
  279.56   31.92       15.97754        0.00000
