OPTIMAL FLOW WITH TARGET RMS   1.30E+01     LMAX_U  25 LMAX_B  1
  1   0     7.83124E-20      0.00000E+00      0.00000E+00      0.00000E+00
  1   1     9.55997E-18     -3.31482E-19      8.15102E-37      2.17361E-35
  2   0    -3.40526E-03      0.00000E+00      0.00000E+00      0.00000E+00
  2   1    -4.50822E-35      2.01260E-37      1.05132E-19      2.89795E-18
  2   2     8.26799E-18     -6.26785E-19     -2.10065E-36      3.22016E-36
  3   0     0.00000E+00      0.00000E+00      0.00000E+00      0.00000E+00
  3   1     1.06865E-17     -3.88572E-19      3.52205E-37     -1.69058E-35
  3   2    -7.55127E-35     -8.24159E-36      2.47251E-19      3.21806E-18
  3   3     7.14174E-18     -1.24070E-18      5.71782E-36      1.60693E-35
  4   0     1.02207E-15      0.00000E+00      0.00000E+00      0.00000E+00
  4   1    -5.56443E-35      1.73888E-36      1.35185E-20      3.71883E-19
  4   2     1.31620E-17     -9.74952E-19     -8.83028E-37      2.91263E-35
  4   3    -1.14006E-34     -2.17089E-35      5.12727E-19      2.87958E-18
  4   4     5.84715E-18     -1.05307E-18      8.03958E-37      1.85342E-35
  5   0     2.04192E-19      0.00000E+00      0.00000E+00      0.00000E+00
  5   1     5.41776E-18     -2.31324E-19      1.32831E-37     -4.25061E-36
  5   2     5.61080E-34      9.20965E-36      5.27270E-20      7.73890E-19
  5   3     1.33698E-17     -2.29765E-18     -3.98494E-37      2.94443E-36
  5   4    -1.25670E-34     -4.53841E-37      4.37849E-19      2.37143E-18
  5   5     6.09550E-18     -6.27790E-19     -6.30755E-37     -1.39394E-35
  6   0    -1.88900E-15      0.00000E+00      0.00000E+00      0.00000E+00
  6   1     6.88930E-34      2.03330E-35      3.23599E-21      1.15241E-19
  6   2     8.65057E-18     -7.39877E-19     -2.74720E-36      2.18281E-35
  6   3    -7.17635E-36     -4.93374E-36      1.75544E-19      9.71800E-19
  6   4     1.19657E-17     -2.06313E-18     -6.96727E-37     -5.35353E-35
  6   5    -6.19311E-35     -7.75277E-36      2.64298E-19      2.44590E-18
  6   6     5.81132E-18     -1.29833E-18     -1.48767E-36     -1.59661E-35
  7   0     7.45833E-20      0.00000E+00      0.00000E+00      0.00000E+00
  7   1     4.34064E-18     -2.54968E-19     -2.26417E-37     -7.24535E-36
  7   2    -2.15291E-34     -4.24371E-35      2.23143E-20      2.89340E-19
  7   3     1.06596E-17     -1.84814E-18      4.44748E-37      3.09221E-35
  7   4    -6.36556E-35      1.66093E-35      1.75529E-19      9.98513E-19
  7   5     1.38459E-17     -1.38908E-18     -2.94393E-38      1.90004E-35
  7   6    -7.63495E-35      1.94533E-35      4.85584E-19      2.29555E-18
  7   7     6.22828E-18     -6.77641E-19      5.21875E-37     -1.26584E-36
  8   0    -4.10701E-15      0.00000E+00      0.00000E+00      0.00000E+00
  8   1     3.50353E-34     -2.18971E-35      1.03457E-21      4.78704E-20
  8   2     7.56601E-18     -5.59365E-19      5.70236E-37      2.28094E-35
  8   3    -8.35738E-34      1.19065E-34      7.62445E-20      4.47182E-19
  8   4     1.07919E-17     -2.01578E-18      2.32549E-37      5.16777E-36
  8   5    -5.98135E-34     -1.81228E-35      1.27520E-19      1.18741E-18
  8   6     1.39116E-17     -2.97658E-18      7.91297E-36     -9.93247E-36
  8   7    -1.51914E-37      2.50228E-35      2.75084E-19      2.38007E-18
  8   8     4.30373E-18     -1.47442E-18      7.11404E-36      2.81193E-35
  9   0     1.17565E-19      0.00000E+00      0.00000E+00      0.00000E+00
  9   1     3.10084E-18     -2.05331E-19      0.00000E+00     -6.52619E-36
  9   2    -3.39362E-34     -3.09994E-35      9.60302E-21      1.48450E-19
  9   3     8.78271E-18     -1.62660E-18     -2.82971E-36      1.98845E-35
  9   4    -7.48472E-35      4.02278E-35      8.45183E-20      4.98713E-19
  9   5     1.31525E-17     -1.24245E-18      2.78829E-38      2.58259E-35
  9   6    -6.09410E-34     -4.10988E-35      2.65070E-19      1.22477E-18
  9   7     1.54610E-17     -1.65690E-18     -1.89451E-36     -6.84900E-35
  9   8    -2.66981E-35     -3.95928E-35      5.47089E-19      1.58263E-18
  9   9     2.40804E-18     -2.05612E-18     -3.49610E-37      7.33354E-36
 10   0    -3.44493E-15      0.00000E+00      0.00000E+00      0.00000E+00
 10   1    -1.88853E-34     -2.36067E-35      9.37795E-22      2.60448E-20
 10   2     6.25862E-18     -4.09407E-19     -5.53282E-37     -4.79511E-36
 10   3    -5.25249E-34     -3.46723E-35      4.21183E-20      2.34940E-19
 10   4     8.85874E-18     -1.67125E-18      2.82116E-36     -1.30943E-35
 10   5    -8.74185E-35      6.13826E-35      7.55550E-20      6.36431E-19
 10   6     1.38902E-17     -2.99472E-18      3.71648E-36      1.60248E-35
 10   7    -1.16537E-34     -1.54887E-35      1.49793E-19      1.41896E-18
 10   8     1.09492E-17     -3.81248E-18      4.22047E-36     -2.78386E-35
 10   9    -6.13179E-35     -6.44206E-35      7.45276E-19      8.52338E-19
 10  10     4.05237E-18     -1.42006E-18     -8.38431E-37      1.33369E-35
 11   0     3.88134E-19      0.00000E+00      0.00000E+00      0.00000E+00
 11   1     2.42162E-18     -1.51052E-19     -2.52490E-37      5.38644E-36
 11   2    -1.72366E-34      2.96254E-35      6.77137E-21      7.96626E-20
 11   3     7.80338E-18     -1.33964E-18      1.59910E-36     -8.41632E-38
 11   4     4.74007E-34      3.77051E-35      5.03333E-20      2.71745E-19
 11   5     1.16577E-17     -1.22986E-18     -3.53814E-36     -1.12200E-35
 11   6     1.00538E-34     -3.72159E-37      1.54449E-19      7.24860E-19
 11   7     1.62993E-17     -1.83539E-18      1.19871E-36     -3.75067E-35
 11   8     2.27970E-34      3.91291E-36      3.50602E-19      1.00520E-18
 11   9     6.29062E-18     -5.37770E-18      8.54590E-36     -6.11453E-36
 11  10    -4.83391E-35     -5.20583E-36      4.98378E-19      1.38259E-18
 11  11     2.74628E-18     -2.31696E-18     -5.84825E-36     -1.99155E-36
 12   0     4.51579E-17      0.00000E+00      0.00000E+00      0.00000E+00
 12   1     1.58531E-34      0.00000E+00      4.23747E-22      1.10922E-20
 12   2     4.87964E-18     -3.62764E-19     -7.74076E-38      1.23852E-36
 12   3     9.90818E-35     -7.92654E-35      2.46080E-20      1.38493E-19
 12   4     8.41387E-18     -1.53875E-18      7.49886E-37      3.19306E-36
 12   5     2.50259E-34     -3.94489E-35      4.19447E-20      3.78829E-19
 12   6     1.29160E-17     -2.80990E-18      4.49697E-36     -1.90504E-35
 12   7    -3.56498E-36      8.27294E-36      9.81300E-20      8.81678E-19
 12   8     1.21894E-17     -4.09805E-18     -8.68470E-36     -4.16657E-35
 12   9    -4.11182E-34      5.03278E-35      5.00088E-19      5.87207E-19
 12  10     1.07817E-17     -3.86317E-18      6.23649E-36     -2.70017E-35
 12  11    -3.64577E-36      1.16883E-35      7.91999E-19      9.40750E-19
 12  12     2.76462E-18     -2.21838E-18     -3.79828E-37      8.79331E-37
 13   0     1.65231E-19      0.00000E+00      0.00000E+00      0.00000E+00
 13   1     2.25817E-18     -1.73388E-19      3.58287E-38     -1.14652E-36
 13   2     3.66886E-34      4.58607E-35      4.47790E-21      4.66109E-20
 13   3     6.29464E-18     -1.04532E-18      8.24059E-37      7.16573E-37
 13   4     1.39875E-34      2.46501E-35      3.04811E-20      1.78975E-19
 13   5     1.04607E-17     -1.09832E-18     -1.43427E-36      5.91621E-36
 13   6    -1.45232E-34      1.87393E-34      1.00370E-19      4.63655E-19
 13   7     1.54613E-17     -1.63856E-18      7.07459E-37      5.69627E-36
 13   8    -1.49435E-34      8.66400E-35      2.25842E-19      6.47930E-19
 13   9     7.13565E-18     -6.15531E-18      3.07364E-35     -2.42337E-35
 13  10    -5.43052E-34     -8.17116E-35      3.52484E-19      9.87817E-19
 13  11     7.63982E-18     -6.49203E-18      5.02053E-36      1.22037E-35
 13  12     1.04414E-34     -3.13495E-35      7.42371E-19      9.14675E-19
 13  13     2.82999E-18     -1.14275E-18     -1.25928E-36      1.00344E-35
 14   0     3.98914E-15      0.00000E+00      0.00000E+00      0.00000E+00
 14   1     1.36608E-34      8.53802E-36      4.95163E-22      9.16016E-21
 14   2     4.36156E-18     -2.97783E-19     -3.33516E-38     -5.33626E-37
 14   3     3.41521E-34      3.84211E-35      1.52119E-20      8.42576E-20
 14   4     6.84041E-18     -1.37913E-18     -8.83818E-37     -5.80318E-36
 14   5     8.59138E-34      9.47186E-36      2.66426E-20      2.40572E-19
 14   6     1.18714E-17     -2.54002E-18     -1.89427E-37      7.98667E-36
 14   7    -2.44017E-34      4.57892E-35      5.96602E-20      5.85819E-19
 14   8     1.16604E-17     -3.98849E-18      2.48324E-36      5.41388E-36
 14   9     3.66221E-35     -1.67317E-34      3.36853E-19      3.96210E-19
 14  10     1.25962E-17     -4.42743E-18     -7.66550E-37     -1.57975E-35
 14  11    -1.60685E-35     -7.83576E-35      5.90048E-19      6.97832E-19
 14  12     7.76230E-18     -6.24529E-18      2.57355E-35      4.94611E-37
 14  13     7.50884E-35     -2.75285E-35      3.81298E-19      9.07298E-19
 14  14     2.40174E-18     -1.17382E-18     -7.68566E-37      6.67360E-37
 15   0    -1.43863E-19      0.00000E+00      0.00000E+00      0.00000E+00
 15   1     2.32883E-18     -4.27350E-20     -3.11953E-38     -9.98249E-37
 15   2    -7.66655E-34      3.99300E-35      3.27097E-21      3.95158E-20
 15   3     5.93158E-18     -9.98921E-19      1.68454E-36     -9.98249E-37
 15   4    -2.71524E-34     -5.64011E-35      2.00581E-20      1.10531E-19
 15   5     9.16921E-18     -9.86235E-19     -2.65160E-37      1.80933E-36
 15   6     5.28760E-35     -4.10608E-35      6.59487E-20      3.13215E-19
 15   7     1.44663E-17     -1.59857E-18     -3.11206E-36      4.96736E-36
 15   8     3.34704E-34     -4.48030E-35      1.58362E-19      4.50670E-19
 15   9     7.18340E-18     -6.11923E-18     -9.54278E-36      2.71875E-36
 15  10    -7.47345E-35      4.88606E-35      2.47003E-19      6.97477E-19
 15  11     8.94857E-18     -7.63681E-18      3.14011E-36     -3.06027E-35
 15  12    -4.31354E-34     -6.20059E-35      5.69701E-19      7.11351E-19
 15  13     8.06867E-18     -3.26859E-18      2.80087E-37     -9.94863E-36
 15  14    -5.21510E-36      4.71696E-36      3.65006E-19      7.68226E-19
 15  15     4.06651E-18     -2.41070E-18      5.84152E-36      5.26049E-36
 16   0     5.50468E-15      0.00000E+00      0.00000E+00      0.00000E+00
 16   1    -2.40034E-34      3.75054E-35      7.25740E-22      4.93933E-21
 16   2     3.67222E-18     -2.75954E-19     -5.86021E-38     -8.90752E-36
 16   3     7.05101E-34     -6.37591E-35      1.05737E-20      5.68365E-20
 16   4     6.56185E-18     -1.14687E-18      2.02177E-36      1.17204E-37
 16   5    -7.13539E-34     -6.32903E-36      1.76521E-20      1.70606E-19
 16   6     1.05592E-17     -2.30092E-18      1.95447E-36     -3.11324E-35
 16   7    -8.98810E-35     -3.56695E-35      4.50475E-20      3.94225E-19
 16   8     1.10537E-17     -3.82328E-18      2.35328E-36     -4.26820E-36
 16   9    -9.27249E-35     -7.11125E-36      2.27843E-19      2.75204E-19
 16  10     1.27159E-17     -4.62997E-18      1.95423E-36      3.66442E-36
 16  11     2.60555E-34      2.35021E-34      4.23357E-19      5.06814E-19
 16  12     9.27329E-18     -7.49036E-18      1.68368E-35      1.41485E-35
 16  13    -3.35989E-34      7.69853E-35      3.01996E-19      7.17145E-19
 16  14     7.01721E-18     -3.35924E-18     -1.96360E-36     -5.34293E-36
 16  15    -1.14161E-34      4.63500E-35      7.36631E-19      1.24205E-18
 16  16     3.38963E-18     -3.18193E-18      7.23722E-38     -3.33165E-36
 17   0     0.00000E+00      0.00000E+00      0.00000E+00      0.00000E+00
 17   1     2.81631E-18     -7.57961E-20     -5.52478E-38      0.00000E+00
 17   2     1.13147E-34      0.00000E+00      1.72885E-21      2.39125E-20
 17   3     4.96031E-18     -8.99431E-19     -4.97230E-37      8.83965E-37
 17   4    -2.61654E-34     -7.42530E-35      1.43515E-20      7.79690E-20
 17   5     8.52526E-18     -9.36518E-19      6.87144E-37      1.47788E-36
 17   6     2.12152E-35     -7.33691E-35      4.37818E-20      2.17956E-19
 17   7     1.34388E-17     -1.50925E-18     -5.19162E-37     -1.19998E-35
 17   8     3.79311E-36      9.04596E-36      1.10905E-19      3.13665E-19
 17   9     6.84090E-18     -5.89380E-18     -4.05659E-37     -4.27853E-36
 17  10    -1.91061E-34      1.10746E-35      1.78035E-19      4.97521E-19
 17  11     9.17491E-18     -7.79759E-18      8.10987E-36     -8.85698E-37
 17  12     2.12895E-34     -1.85960E-34      4.22796E-19      5.16056E-19
 17  13     9.75987E-18     -4.01801E-18      1.27534E-35      1.65494E-35
 17  14    -2.32826E-34     -5.53167E-36      2.90787E-19      6.05032E-19
 17  15     1.19217E-17     -7.02937E-18      8.18063E-36      1.69371E-35
 17  16    -8.62608E-35      3.31909E-35      9.53692E-19      1.02590E-18
 17  17     1.96639E-18     -3.22750E-18      7.43253E-36     -3.19399E-36
 18   0     3.31642E-15      0.00000E+00      0.00000E+00      0.00000E+00
 18   1    -4.28089E-34      0.00000E+00      2.17926E-22      8.33406E-21
 18   2     3.76618E-18     -1.54328E-19     -2.09028E-37      0.00000E+00
 18   3     1.07022E-34      1.27089E-34      6.84838E-21      4.26580E-20
 18   4     5.76540E-18     -1.04008E-18     -9.14496E-37      2.82187E-36
 18   5    -1.32942E-34     -3.63708E-35      1.21050E-20      1.22426E-19
 18   6     9.50781E-18     -2.14653E-18     -2.71328E-36      1.10164E-35
 18   7     2.80750E-34     -1.22543E-35      3.35621E-20      2.82616E-19
 18   8     1.04071E-17     -3.57385E-18      3.78990E-37     -9.39063E-36
 18   9    -1.75317E-34     -4.17862E-35      1.65857E-19      1.99521E-19
 18  10     1.24297E-17     -4.55441E-18      2.93660E-36     -1.92543E-35
 18  11     4.99551E-35     -6.96498E-36      3.11535E-19      3.73903E-19
 18  12     9.60591E-18     -7.90549E-18      4.28177E-36     -1.08224E-35
 18  13    -3.19479E-34      1.54339E-34      2.28655E-19      5.51725E-19
 18  14     8.70384E-18     -4.12399E-18     -2.29204E-35      6.02197E-36
 18  15     1.15197E-34      4.98504E-34      6.14988E-19      1.04251E-18
 18  16     1.00365E-17     -9.38421E-18     -1.30644E-35     -2.07457E-35
 18  17     1.58924E-36     -3.10756E-35      9.55704E-19      5.74730E-19
 18  18     6.52888E-19     -3.28529E-18     -1.00887E-35     -1.05805E-36
 19   0     3.42926E-19      0.00000E+00      0.00000E+00      0.00000E+00
 19   1     2.55952E-18     -9.56872E-20      0.00000E+00     -1.58635E-36
 19   2     1.01526E-34     -2.53816E-35      1.25321E-21      1.55419E-20
 19   3     4.69451E-18     -7.32434E-19     -1.23934E-36      4.36247E-36
 19   4     2.28435E-34      7.13858E-35      1.06078E-20      5.67997E-20
 19   5     7.86669E-18     -9.01079E-19      6.78537E-37      7.98133E-36
 19   6    -1.53281E-34     -1.25322E-34      3.23117E-20      1.62167E-19
 19   7     1.20869E-17     -1.17439E-18      1.89067E-36     -4.07781E-36
 19   8     1.45827E-34      9.69951E-35      7.96730E-20      2.30143E-19
 19   9     6.46293E-18     -5.53766E-18     -7.14475E-36     -8.70180E-37
 19  10     8.45684E-35      2.36705E-34      1.33106E-19      3.64460E-19
 19  11     8.80205E-18     -7.71277E-18     -5.78443E-36      1.66896E-36
 19  12     5.80699E-35      1.81161E-36      3.15206E-19      4.02360E-19
 19  13     1.02886E-17     -4.25030E-18     -1.93291E-36     -1.20630E-35
 19  14     1.68340E-34     -2.27033E-34      2.31130E-19      4.74709E-19
 19  15     1.49114E-17     -8.75128E-18      1.21173E-35     -5.56077E-36
 19  16    -2.43217E-34      1.27306E-34      8.12380E-19      8.73694E-19
 19  17     5.85758E-18     -9.56942E-18      1.70021E-36     -1.20904E-35
 19  18     1.38207E-35     -4.93269E-36      9.45872E-19      1.90952E-19
 19  19     2.29331E-18     -2.02785E-18      5.54432E-36     -6.67114E-36
 20   0    -1.28601E-15      0.00000E+00      0.00000E+00      0.00000E+00
 20   1    -3.86272E-34     -3.62130E-35      3.60398E-22      6.01609E-21
 20   2     2.18104E-18     -4.44895E-20     -9.43046E-38     -1.50887E-36
 20   3    -3.37988E-34      1.81065E-35      6.04233E-21      2.96124E-20
 20   4     5.15182E-18     -8.26276E-19      2.26331E-36      6.88424E-36
 20   5     9.80768E-34      2.15015E-35      1.04184E-20      9.07545E-20
 20   6     9.37943E-18     -1.89020E-18      1.08303E-37     -5.00993E-36
 20   7    -1.25755E-34      2.76784E-35      2.40335E-20      2.12344E-19
 20   8     9.55391E-18     -3.53605E-18      4.08254E-37     -5.07827E-36
 20   9    -4.42900E-36     -4.27227E-35      1.27294E-19      1.45718E-19
 20  10     1.17462E-17     -4.24734E-18     -1.37292E-36     -1.30589E-35
 20  11     3.28637E-34     -3.54117E-34      2.34678E-19      2.76240E-19
 20  12     9.65849E-18     -7.65511E-18     -3.34437E-36      4.69657E-36
 20  13    -3.54393E-34      3.43814E-35      1.79678E-19      4.19512E-19
 20  14     9.13022E-18     -4.37885E-18     -1.72684E-36      1.40243E-35
 20  15     6.94395E-34      1.76440E-34      4.81531E-19      8.15354E-19
 20  16     1.27328E-17     -1.17910E-17      1.64969E-35      7.06305E-36
 20  17    -7.60892E-35     -6.54319E-35      8.26130E-19      4.97100E-19
 20  18     2.03479E-18     -9.92942E-18      1.01895E-35      2.81106E-36
 20  19     2.71045E-35     -1.74734E-35      5.71743E-19      6.46347E-19
 20  20     1.70909E-18     -4.28028E-18      2.80927E-37     -3.30683E-36
 21   0     0.00000E+00      0.00000E+00      0.00000E+00      0.00000E+00
 21   1     1.00509E-18      2.46366E-20     -1.12392E-37     -1.43862E-36
 21   2     3.68286E-34     -5.75446E-35      1.58554E-22      1.36984E-20
 21   3     3.26012E-18     -5.86721E-19     -4.49567E-37     -4.31585E-36
 21   4     9.20714E-35      8.91942E-35      6.41483E-21      4.50138E-20
 21   5     6.84093E-18     -7.33487E-19     -1.32060E-37     -6.96829E-37
 21   6    -2.17231E-34      8.39792E-35      2.49688E-20      1.21927E-19
 21   7     1.13134E-17     -1.09097E-18     -4.01537E-37      5.13209E-36
 21   8     1.00810E-33      2.24643E-36      6.01702E-20      1.76770E-19
 21   9     6.00619E-18     -5.09081E-18      7.55511E-37      1.07554E-36
 21  10    -2.40316E-34      1.03897E-34      9.74294E-20      2.81720E-19
 21  11     8.58947E-18     -7.24846E-18      6.27859E-36      1.20779E-35
 21  12     1.54704E-34     -4.81318E-35      2.43138E-19      3.02925E-19
 21  13     1.05030E-17     -4.22916E-18     -3.10923E-36     -1.35080E-35
 21  14     6.60098E-35      3.53363E-35      1.81212E-19      3.71324E-19
 21  15     1.61828E-17     -9.51768E-18      7.64020E-36      1.50470E-35
 21  16    -4.54418E-34      2.71450E-35      6.51959E-19      7.06709E-19
 21  17     7.32306E-18     -1.22496E-17     -1.15227E-35      1.96966E-35
 21  18     4.94413E-35     -1.32783E-34      8.31380E-19      1.65166E-19
 21  19     6.95218E-18     -6.09693E-18      2.60755E-36      3.07851E-36
 21  20    -3.81705E-35      4.71979E-35      1.18087E-18      4.69742E-19
 21  21    -2.91905E-19     -4.24081E-18      2.92326E-36     -2.90523E-37
 22   0    -5.29588E-15      0.00000E+00      0.00000E+00      0.00000E+00
 22   1     7.03802E-34     -1.09969E-35      3.03249E-22      2.42750E-23
 22   2     2.79002E-18     -1.23623E-19     -8.59133E-38      2.06192E-36
 22   3     7.47789E-34      0.00000E+00      4.52840E-21      2.18329E-20
 22   4     4.63030E-18     -9.00323E-19      1.35313E-36     -4.63932E-36
 22   5    -8.24768E-35     -2.37121E-35      8.55385E-21      6.59116E-20
 22   6     8.18696E-18     -1.74960E-18      2.50357E-36      4.98834E-36
 22   7    -5.17198E-34      8.02108E-35      1.91418E-20      1.56351E-19
 22   8     9.03880E-18     -3.09330E-18     -1.47873E-37      1.57513E-35
 22   9     6.00702E-35     -3.30204E-34      9.59668E-20      1.14189E-19
 22  10     1.11652E-17     -3.91650E-18     -4.12834E-37     -5.57526E-36
 22  11    -4.28763E-35     -1.70442E-34      1.79119E-19      2.11327E-19
 22  12     9.27208E-18     -7.67133E-18      3.95938E-37      5.40601E-37
 22  13     2.15672E-34      2.29625E-34      1.39456E-19      3.29419E-19
 22  14     9.31896E-18     -4.42055E-18      2.41363E-36      1.40581E-35
 22  15    -1.12696E-34     -6.09589E-34      3.84776E-19      6.52407E-19
 22  16     1.37946E-17     -1.28550E-17     -2.88024E-35      5.94955E-37
 22  17    -5.22566E-34     -7.03680E-35      6.73958E-19      4.02374E-19
 22  18     2.53251E-18     -1.27934E-17      1.79062E-35      1.35567E-36
 22  19     1.32929E-35     -3.07254E-35      5.09149E-19      5.75227E-19
 22  20     5.27510E-18     -1.30537E-17     -5.44864E-36      9.95868E-37
 22  21     4.45966E-36      3.38698E-34      1.15401E-18     -8.23720E-20
 22  22     3.66363E-19     -1.24172E-18     -1.00975E-36      6.26716E-37
 23   0    -9.48324E-20      0.00000E+00      0.00000E+00      0.00000E+00
 23   1     2.68632E-18     -6.33423E-20      1.13099E-37     -1.31606E-36
 23   2     5.05369E-34     -1.05285E-34      9.85970E-22      7.62688E-21
 23   3     3.77013E-18     -6.61117E-19      3.29016E-37     -1.31606E-36
 23   4     2.31627E-34      7.89639E-36      6.17130E-21      3.12274E-20
 23   5     6.27090E-18     -4.23810E-19     -3.90707E-37     -2.71438E-36
 23   6     3.87581E-34     -9.90338E-35      1.77858E-20      8.58988E-20
 23   7     1.01982E-17     -1.23668E-18     -4.31818E-36      1.54226E-38
 23   8    -4.91406E-34      5.23855E-35      4.52251E-20      1.34361E-19
 23   9     5.85840E-18     -5.00209E-18      4.59032E-36     -2.06350E-36
 23  10     3.47664E-34     -4.20365E-35      7.73642E-20      2.13245E-19
 23  11     8.14421E-18     -7.04129E-18      2.81560E-36      2.04085E-37
 23  12    -2.79593E-34      5.83714E-34      1.89835E-19      2.31616E-19
 23  13     1.00376E-17     -4.06919E-18     -3.63402E-36      8.23600E-36
 23  14    -8.31849E-35     -1.87229E-34      1.42020E-19      2.95079E-19
 23  15     1.63533E-17     -9.61745E-18      2.29594E-35     -4.63219E-35
 23  16    -1.07556E-34     -1.63768E-34      5.23628E-19      5.57056E-19
 23  17     8.06519E-18     -1.34674E-17     -1.27392E-35      1.63161E-36
 23  18     1.38577E-34      4.87195E-34      6.90594E-19      1.28247E-19
 23  19     8.84933E-18     -8.04000E-18      4.05369E-35      1.02786E-35
 23  20     1.56445E-34      2.02156E-34      1.07485E-18      4.25827E-19
 23  21    -8.78669E-19     -1.30213E-17      1.76021E-35     -2.18687E-36
 23  22     3.26585E-37      8.28065E-36      3.30930E-19      9.93218E-20
 23  23     2.17733E-18     -1.85262E-18      8.25140E-36     -4.75983E-36
 24   0    -5.94486E-15      0.00000E+00      0.00000E+00      0.00000E+00
 24   1     0.00000E+00     -2.01968E-35     -3.98786E-23      3.58445E-21
 24   2     4.32922E-18     -1.72086E-19     -7.88939E-38     -6.31151E-37
 24   3     4.03937E-34      0.00000E+00      3.05140E-21      1.56456E-20
 24   4     4.33587E-18     -8.29128E-19     -2.36682E-37     -2.84018E-36
 24   5    -5.65511E-34      0.00000E+00      6.25305E-21      4.71443E-20
 24   6     7.60981E-18     -1.64997E-18      4.95552E-37     -9.09252E-36
 24   7     3.72695E-34      1.02444E-34      1.37856E-20      1.23793E-19
 24   8     8.16140E-18     -2.87311E-18      2.24878E-36     -2.22752E-36
 24   9    -3.69507E-35      2.61915E-35      7.67620E-20      8.70753E-20
 24  10     1.06108E-17     -3.84159E-18      7.10550E-37      6.20182E-37
 24  11     3.43485E-36     -6.43417E-34      1.41878E-19      1.71905E-19
 24  12     8.99236E-18     -7.42832E-18      1.74156E-36     -1.83414E-35
 24  13     2.56196E-34      7.43802E-35      1.08353E-19      2.53443E-19
 24  14     9.03879E-18     -4.14784E-18     -1.39570E-36      2.25378E-36
 24  15     1.48974E-34     -4.89642E-34      3.05877E-19      5.18600E-19
 24  16     1.41662E-17     -1.31565E-17      1.63483E-35      3.09324E-35
 24  17    -1.11507E-34      1.09733E-33      5.45512E-19      3.32714E-19
 24  18     2.73451E-18     -1.40693E-17      2.31152E-35      5.42864E-36
 24  19    -6.88959E-35     -4.42754E-35      4.30459E-19      4.88448E-19
 24  20     6.78800E-18     -1.70968E-17      3.09861E-35     -7.51455E-36
 24  21     7.92094E-36      1.18376E-34      1.05783E-18     -7.33686E-20
 24  22     1.17747E-18     -3.92053E-18     -9.82643E-36      1.37067E-36
 24  23     9.35265E-37     -5.18961E-35      4.85333E-19      5.67200E-19
 24  24    -5.45163E-19     -2.44609E-18      7.33052E-37     -6.06272E-37
 25   0     2.18472E-19      0.00000E+00      0.00000E+00      0.00000E+00
 25   1     3.73972E-19     -1.35261E-19      0.00000E+00      0.00000E+00
 25   2     0.00000E+00     -1.94042E-35      1.13985E-21      5.02265E-21
 25   3     3.32932E-18     -4.86248E-19     -3.78988E-37     -1.21276E-36
 25   4     4.07488E-34      3.39573E-35      4.98496E-21      2.38467E-20
 25   5     6.15389E-18     -6.15631E-19     -7.39026E-37     -2.12233E-36
 25   6     8.21039E-34     -1.06117E-34      1.43590E-20      6.59148E-20
 25   7     9.74829E-18     -8.67597E-19      2.30946E-38      8.07244E-36
 25   8    -4.67917E-34      7.15055E-35      3.64331E-20      1.05726E-19
 25   9     5.51852E-18     -4.63956E-18      1.20636E-37     -2.01237E-36
 25  10     3.05589E-34     -5.40339E-34      6.06321E-20      1.67493E-19
 25  11     7.94933E-18     -6.69073E-18     -3.25589E-36      5.37947E-36
 25  12    -1.22575E-33     -4.70740E-35      1.49617E-19      1.82734E-19
 25  13     9.60946E-18     -4.10851E-18     -2.24925E-36      8.89730E-37
 25  14    -1.29701E-34     -6.70389E-35      1.13162E-19      2.40773E-19
 25  15     1.63783E-17     -9.62488E-18      6.69354E-36     -4.47144E-36
 25  16     4.25330E-35      9.03979E-34      4.20459E-19      4.53492E-19
 25  17     8.54770E-18     -1.40565E-17     -8.24440E-36      6.71923E-36
 25  18     6.87613E-35      2.87887E-35      5.64783E-19      1.15443E-19
 25  19     1.00499E-17     -8.96593E-18     -5.39479E-36      9.50752E-36
 25  20     2.43774E-34     -5.69015E-34      9.06966E-19      3.66035E-19
 25  21    -1.18966E-18     -1.72197E-17     -1.63106E-35      2.89137E-37
 25  22    -1.61923E-35     -4.39744E-35      3.07234E-19      8.83888E-20
 25  23     6.80162E-18     -5.73766E-18     -1.34944E-35      1.43323E-36
 25  24    -1.62948E-35      6.15890E-35      6.29225E-19     -1.43363E-19
 25  25     3.15847E-18     -3.57731E-18     -1.04876E-39      8.80861E-37
