  1   0     1.20181E+02      0.00000E+00
  1   1     6.39708E-16     -3.37584E-16
  2   0    -9.44855E-15      0.00000E+00
  2   1    -5.76929E-13      2.27897E-14
  2   2    -2.53918E-16     -2.20851E-17
  3   0     7.19211E+01      0.00000E+00
  3   1    -5.82132E-16     -3.07928E-17
  3   2    -4.89472E-13      3.35888E-14
  3   3    -3.55124E-16      1.41780E-17
  4   0    -7.77221E-15      0.00000E+00
  4   1    -2.81038E-13      1.10507E-14
  4   2    -4.61928E-17      5.38968E-17
  4   3    -3.19296E-13      5.48273E-14
  4   4     1.59755E-16      4.10351E-17
  5   0     1.47083E-11      0.00000E+00
  5   1    -6.08716E-16     -2.55596E-18
  5   2    -2.58337E-13      1.92930E-14
  5   3     1.41410E-16      2.50112E-17
  5   4    -1.75926E-13      3.02076E-14
  5   5    -6.66684E-17     -4.35202E-17
  6   0    -3.08498E-15      0.00000E+00
  6   1    -8.14567E-14      4.12025E-15
  6   2     5.15690E-17      1.59968E-17
  6   3    -1.81509E-13      3.12425E-14
  6   4    -1.49112E-17     -2.89632E-19
  6   5    -1.20676E-13      1.21715E-14
  6   6    -2.79868E-17      5.41750E-18
  7   0     3.44485E-11      0.00000E+00
  7   1    -3.56179E-17     -3.61019E-18
  7   2    -8.51798E-14      6.63617E-15
  7   3     4.62263E-18      3.76304E-18
  7   4    -1.05357E-13      1.88534E-14
  7   5    -6.26001E-18     -3.35726E-19
  7   6    -7.16573E-14      1.55928E-14
  7   7     3.36901E-18      1.21004E-17
  8   0    -8.08468E-16      0.00000E+00
  8   1    -2.50513E-14      1.57577E-15
  8   2     3.58939E-18      4.73279E-19
  8   3    -6.20042E-14      1.10890E-14
  8   4    -1.10013E-17     -3.03910E-18
  8   5    -7.50090E-14      7.21135E-15
  8   6     1.88438E-18      1.25147E-18
  8   7    -4.66148E-14      5.08329E-15
  8   8    -8.05796E-18     -2.85597E-18
  9   0     1.61462E-11      0.00000E+00
  9   1     3.12531E-18      9.18949E-19
  9   2    -2.83899E-14      1.97893E-15
  9   3     9.49809E-18     -4.27072E-19
  9   4    -3.74834E-14      7.00567E-15
  9   5     2.39395E-18      4.27985E-18
  9   6    -4.57321E-14      9.86749E-15
  9   7     5.83357E-18      1.44561E-18
  9   8    -1.91095E-14      6.65114E-15
  9   9    -2.50468E-20      1.38944E-19
 10   0    -7.01943E-16      0.00000E+00
 10   1    -7.01277E-15      4.40204E-16
 10   2    -1.16690E-18     -3.15132E-19
 10   3    -2.03328E-14      3.61072E-15
 10   4    -1.62285E-18      8.94326E-19
 10   5    -2.79531E-14      2.76923E-15
 10   6     5.15705E-19     -3.13742E-19
 10   7    -3.06453E-14      3.34603E-15
 10   8     5.66537E-19      8.90806E-19
 10   9    -6.30877E-15      5.44263E-15
 10  10     3.91550E-19      1.84801E-18
 11   0     2.54651E-12      0.00000E+00
 11   1    -8.76516E-18      2.69339E-19
 11   2    -8.43622E-15      5.84200E-16
 11   3     3.32830E-18     -6.30135E-19
 11   4    -1.25287E-14      2.32995E-15
 11   5    -1.86392E-18      1.62509E-20
 11   6    -1.76845E-14      3.81043E-15
 11   7     1.66382E-19     -3.17722E-19
 11   8    -1.29732E-14      4.43425E-15
 11   9    -6.52037E-19     -5.33710E-20
 11  10    -6.20998E-15      2.21800E-15
 11  11    -5.70669E-19     -3.49332E-19
 12   0    -2.51987E-16      0.00000E+00
 12   1    -2.15537E-15      1.46791E-16
 12   2     3.01528E-18     -1.96638E-19
 12   3    -6.29042E-15      1.06534E-15
 12   4    -8.39597E-19      1.91105E-19
 12   5    -9.34434E-15      9.85154E-16
 12   6     1.41719E-18      2.99073E-19
 12   7    -1.21523E-14      1.31559E-15
 12   8     8.00777E-19      9.75293E-20
 12   9    -4.35040E-15      3.73590E-15
 12  10     3.63228E-21      3.50687E-19
 12  11    -2.50562E-15      2.12308E-15
 12  12     5.45560E-19     -1.67174E-19
 13   0    -1.15263E-12      0.00000E+00
 13   1    -9.27296E-19      2.19780E-19
 13   2    -2.49339E-15      1.79680E-16
 13   3     1.43943E-19      4.89352E-20
 13   4    -3.97292E-15      7.59440E-16
 13   5    -4.52767E-19      1.98833E-21
 13   6    -6.06784E-15      1.30093E-15
 13   7     2.46606E-20     -8.46209E-20
 13   8    -5.26180E-15      1.78636E-15
 13   9     1.74451E-19      9.27392E-20
 13  10    -4.35025E-15      1.54009E-15
 13  11    -2.69213E-19     -1.35880E-19
 13  12    -1.44722E-15      1.16827E-15
 13  13     2.50487E-19     -6.16152E-20
 14   0    -3.21799E-18      0.00000E+00
 14   1    -7.40004E-16      3.41541E-17
 14   2     6.21693E-19      8.45692E-21
 14   3    -1.92732E-15      3.22017E-16
 14   4    -8.92292E-20      1.06833E-19
 14   5    -2.96485E-15      3.15187E-16
 14   6     4.47634E-19      1.30778E-20
 14   7    -4.22391E-15      4.56684E-16
 14   8    -8.81972E-20     -1.33577E-19
 14   9    -1.81602E-15      1.55723E-15
 14  10     1.25889E-19     -9.39818E-20
 14  11    -1.76353E-15      1.50153E-15
 14  12     2.68794E-20      2.20351E-20
 14  13    -8.53191E-16      3.44144E-16
 14  14     4.85569E-20      5.40568E-20
 15   0    -9.08099E-13      0.00000E+00
 15   1     6.34658E-19      5.78329E-20
 15   2    -7.51088E-16      5.19006E-17
 15   3     1.12114E-19      8.18483E-20
 15   4    -1.22338E-15      2.30071E-16
 15   5    -1.90560E-19     -6.74928E-20
 15   6    -1.95207E-15      4.21858E-16
 15   7     2.04028E-19     -3.41917E-20
 15   8    -1.83947E-15      6.32245E-16
 15   9     5.21201E-20      3.14805E-20
 15  10    -1.83315E-15      6.57026E-16
 15  11    -3.02326E-20      3.71959E-20
 15  12    -1.03123E-15      8.32213E-16
 15  13     1.00616E-19     -5.16810E-20
 15  14    -4.18530E-16      2.01617E-16
 15  15    -8.12188E-20      9.54357E-22
 16   0     7.08982E-18      0.00000E+00
 16   1    -2.84081E-16      6.17109E-18
 16   2     1.07679E-19     -2.24007E-21
 16   3    -5.88832E-16      1.03016E-16
 16   4    -1.97762E-20      2.84662E-20
 16   5    -9.29448E-16      1.00875E-16
 16   6     1.44151E-21     -1.84803E-22
 16   7    -1.39336E-15      1.56089E-16
 16   8     5.00805E-20     -1.86621E-20
 16   9    -6.48402E-16      5.56223E-16
 16  10    -5.87801E-20      1.78007E-20
 16  11    -7.47136E-16      6.36148E-16
 16  12    -4.60489E-20      3.18626E-20
 16  13    -6.13073E-16      2.50346E-16
 16  14     1.38896E-20     -1.97401E-20
 16  15    -4.02557E-16      2.37398E-16
 16  16     3.94738E-21      2.55365E-20
 17   0    -2.82457E-13      0.00000E+00
 17   1    -8.89097E-20     -1.02022E-20
 17   2    -2.37566E-16      1.36990E-17
 17   3    -6.98574E-20      8.91814E-21
 17   4    -3.84164E-16      6.81722E-17
 17   5    -2.62996E-20      5.74005E-21
 17   6    -6.04137E-16      1.34175E-16
 17   7     1.05594E-20     -1.07892E-20
 17   8    -6.12239E-16      2.10574E-16
 17   9     4.82281E-21     -2.05060E-21
 17  10    -6.62252E-16      2.42206E-16
 17  11     7.81508E-21      6.66857E-21
 17  12    -4.42260E-16      3.60336E-16
 17  13    -3.96311E-20     -8.66900E-21
 17  14    -3.06050E-16      1.45732E-16
 17  15    -3.50777E-20     -6.83985E-21
 17  16    -1.90805E-16      1.78484E-16
 17  17     1.45713E-20     -2.91164E-21
 18   0    -6.22332E-18      0.00000E+00
 18   1    -9.97368E-17      3.15652E-18
 18   2     6.40853E-20     -6.13835E-22
 18   3    -1.76638E-16      3.00135E-17
 18   4    -2.52549E-20      2.50692E-21
 18   5    -2.93030E-16      3.26154E-17
 18   6     1.73452E-20      4.74299E-21
 18   7    -4.38412E-16      4.61970E-17
 18   8    -6.19613E-21     -1.08202E-20
 18   9    -2.16094E-16      1.85585E-16
 18  10    -1.07539E-20     -2.99731E-21
 18  11    -2.68510E-16      2.31881E-16
 18  12     2.53121E-21     -3.64720E-21
 18  13    -2.65836E-16      1.09734E-16
 18  14    -3.14427E-21     -1.16840E-21
 18  15    -2.95560E-16      1.73674E-16
 18  16     1.11852E-20      6.04291E-21
 18  17    -6.26989E-17      1.02538E-16
 18  18     2.30911E-22      1.09884E-21
 19   0    -2.06304E-14      0.00000E+00
 19   1     2.66451E-20     -2.14881E-21
 19   2    -6.31025E-17      2.22769E-18
 19   3     9.38122E-21      4.17086E-21
 19   4    -1.14500E-16      1.94576E-17
 19   5    -8.83937E-21      6.37141E-21
 19   6    -1.92798E-16      4.10719E-17
 19   7     9.79506E-21     -3.35978E-21
 19   8    -1.95170E-16      6.95519E-17
 19   9    -9.06224E-21      2.27990E-21
 19  10    -2.22558E-16      8.09609E-17
 19  11     8.16819E-21      2.48729E-22
 19  12    -1.63135E-16      1.31573E-16
 19  13    -2.89959E-21      5.88426E-22
 19  14    -1.33668E-16      6.36755E-17
 19  15     1.65948E-22     -3.51705E-21
 19  16    -1.41499E-16      1.31487E-16
 19  17     4.69525E-21     -6.19331E-22
 19  18    -1.21223E-17      5.95936E-17
 19  19     5.03213E-21     -4.65797E-21
 20   0    -1.98785E-18      0.00000E+00
 20   1    -2.17343E-17      4.18549E-19
 20   2     8.01335E-21     -2.74707E-21
 20   3    -4.84321E-17      8.07730E-18
 20   4    -4.10799E-21     -2.34626E-21
 20   5    -8.79648E-17      9.77277E-18
 20   6    -6.56385E-22     -2.68830E-21
 20   7    -1.35797E-16      1.31431E-17
 20   8    -2.61399E-21     -7.67850E-22
 20   9    -6.92629E-17      5.89887E-17
 20  10    -5.04481E-22     -4.96606E-22
 20  11    -9.07204E-17      7.79635E-17
 20  12     9.80170E-22     -1.14179E-21
 20  13    -9.94901E-17      4.05417E-17
 20  14     6.01910E-22      1.71448E-21
 20  15    -1.31547E-16      7.72350E-17
 20  16     1.71545E-21      1.01944E-21
 20  17    -4.60697E-17      7.63290E-17
 20  18     3.41497E-21      1.35635E-21
 20  19    -2.34064E-17      2.05496E-17
 20  20    -4.61059E-21      4.19171E-22
 21   0     2.37708E-14      0.00000E+00
 21   1     1.25970E-20     -8.06197E-22
 21   2    -1.76308E-17      5.93162E-19
 21   3    -2.41124E-21     -2.20611E-22
 21   4    -3.40962E-17      6.02830E-18
 21   5     4.87059E-21     -2.02956E-22
 21   6    -5.97703E-17      1.23941E-17
 21   7     2.57978E-21      1.73485E-22
 21   8    -6.12150E-17      2.18178E-17
 21   9    -9.05263E-22      5.90924E-22
 21  10    -7.19544E-17      2.55958E-17
 21  11     3.16660E-23      9.23243E-22
 21  12    -5.57337E-17      4.51582E-17
 21  13     1.44545E-21     -1.07930E-22
 21  14    -4.97841E-17      2.37042E-17
 21  15    -4.38197E-23      1.27440E-21
 21  16    -6.31545E-17      5.87157E-17
 21  17    -3.82788E-22      6.97634E-22
 21  18    -8.96109E-18      4.46535E-17
 21  19     3.18400E-22     -1.37677E-21
 21  20    -9.93582E-18      2.46396E-17
 21  21    -6.70475E-22      2.49381E-22
 22   0     2.00139E-19      0.00000E+00
 22   1    -7.58826E-18      9.67097E-20
 22   2     1.12147E-22     -1.11463E-21
 22   3    -1.42115E-17      2.51930E-18
 22   4    -2.52802E-22     -2.41454E-22
 22   5    -2.59798E-17      2.27235E-18
 22   6     9.29521E-23     -8.92424E-23
 22   7    -4.15400E-17      4.50816E-18
 22   8    -2.76856E-21      5.18025E-22
 22   9    -2.21261E-17      1.88206E-17
 22  10    -1.38120E-21     -1.43181E-22
 22  11    -2.97051E-17      2.53573E-17
 22  12     2.30594E-22     -5.30242E-22
 22  13    -3.41096E-17      1.37668E-17
 22  14     4.18606E-23     -6.86591E-22
 22  15    -4.94019E-17      2.90452E-17
 22  16    -4.46005E-22     -1.29729E-22
 22  17    -2.05982E-17      3.44217E-17
 22  18     2.83775E-22      1.45065E-22
 22  19    -1.74228E-17      1.56062E-17
 22  20    -1.38171E-21      1.82337E-22
 22  21     9.22033E-19      1.37651E-17
 22  22    -1.04982E-22      2.18614E-22
 23   0     1.31317E-14      0.00000E+00
 23   1    -4.60570E-21     -3.15316E-22
 23   2    -8.28508E-18      3.34614E-19
 23   3     1.25446E-21     -3.30516E-22
 23   4    -1.02698E-17      1.98271E-18
 23   5     9.58169E-22      6.16589E-22
 23   6    -1.77508E-17      3.81011E-18
 23   7     3.34803E-22     -4.72614E-23
 23   8    -1.87998E-17      6.51539E-18
 23   9     6.79182E-22     -5.50476E-22
 23  10    -2.29113E-17      8.16581E-18
 23  11    -2.65167E-22     -4.10688E-22
 23  12    -1.82648E-17      1.50960E-17
 23  13     5.81501E-23      2.54515E-22
 23  14    -1.71622E-17      7.99855E-18
 23  15     5.21617E-22      2.65918E-22
 23  16    -2.38641E-17      2.22029E-17
 23  17     2.17085E-22     -3.67356E-23
 23  18    -3.95850E-18      2.01743E-17
 23  19     3.87162E-22     -3.76330E-23
 23  20    -7.45927E-18      1.86581E-17
 23  21    -1.57484E-22     -1.05149E-22
 23  22    -6.88208E-19      2.30408E-18
 23  23     6.90306E-22     -7.65209E-23
 24   0    -8.45538E-20      0.00000E+00
 24   1    -1.99550E-18      1.32850E-19
 24   2     6.06375E-22      1.49229E-23
 24   3    -4.67329E-18      7.52003E-19
 24   4    -8.14256E-22      1.01203E-22
 24   5    -8.07423E-18      6.74609E-19
 24   6     6.73980E-22     -4.23513E-23
 24   7    -1.26858E-17      1.33495E-18
 24   8    -1.18390E-21     -8.63409E-24
 24   9    -7.02486E-18      5.95190E-18
 24  10    -4.14799E-23     -1.40639E-22
 24  11    -9.55171E-18      8.14262E-18
 24  12     1.56708E-22     -2.41437E-22
 24  13    -1.10553E-17      4.60427E-18
 24  14    -6.63325E-23      1.29087E-22
 24  15    -1.72041E-17      1.01097E-17
 24  16    -1.39809E-22     -1.75331E-22
 24  17    -7.96365E-18      1.31906E-17
 24  18     1.30107E-22     -1.57673E-22
 24  19    -7.96086E-18      7.16164E-18
 24  20     3.18668E-22     -9.98067E-23
 24  21     7.16619E-19      1.04830E-17
 24  22    -1.89250E-22     -6.74363E-23
 24  23    -2.23714E-18      1.89382E-18
 24  24    -5.45607E-23      8.31041E-23
 25   0     2.21380E-15      0.00000E+00
 25   1    -1.01978E-22      2.17281E-23
 25   2    -1.59777E-18      6.18851E-20
 25   3     6.27547E-22     -8.94130E-25
 25   4    -1.58826E-18      3.03706E-19
 25   5    -2.72467E-22      1.19189E-22
 25   6    -2.74116E-18      5.89283E-19
 25   7     2.71753E-22      6.65676E-23
 25   8    -2.87045E-18      1.00912E-18
 25   9     2.34312E-22     -9.77577E-23
 25  10    -3.61058E-18      1.30732E-18
 25  11    -5.63252E-23      2.42652E-24
 25  12    -2.93006E-18      2.41846E-18
 25  13    -1.24079E-22      4.20413E-23
 25  14    -2.78332E-18      1.27644E-18
 25  15     3.20861E-23      4.34257E-23
 25  16    -4.04514E-18      3.75644E-18
 25  17    -9.02846E-23      4.88268E-23
 25  18    -7.05012E-19      3.63320E-18
 25  19     1.07994E-22     -4.32884E-23
 25  20    -1.51825E-18      3.82626E-18
 25  21     1.64394E-24     -5.27675E-23
 25  22    -2.10397E-19      6.97184E-19
 25  23     1.94526E-22     -8.56823E-23
 25  24     6.12274E-20      2.71640E-19
 25  25     5.66192E-23     -2.20162E-23
 26   0    -4.51076E-20      0.00000E+00
 26   1    -7.66405E-20      2.79697E-20
 26   2     1.39743E-22      1.53638E-23
 26   3    -6.98331E-19      1.00144E-19
 26   4    -2.47607E-22      9.97859E-25
 26   5    -1.27394E-18      1.27592E-19
 26   6     3.26090E-22     -2.90490E-23
 26   7    -1.98172E-18      1.75797E-19
 26   8    -1.52944E-22     -4.64232E-23
 26   9    -1.09483E-18      9.19617E-19
 26  10    -1.29304E-23      1.43331E-23
 26  11    -1.52123E-18      1.27924E-18
 26  12     7.58648E-24     -6.81512E-23
 26  13    -1.75801E-18      7.51545E-19
 26  14     2.43568E-24     -9.67862E-24
 26  15    -2.82681E-18      1.66038E-18
 26  16     1.10459E-22      9.23493E-24
 26  17    -1.36648E-18      2.24632E-18
 26  18     9.87354E-23     -2.93587E-23
 26  19    -1.44902E-18      1.29265E-18
 26  20     6.54569E-23     -1.40733E-24
 26  21     1.47987E-19      2.14341E-18
 26  22    -3.02242E-23      3.77854E-23
 26  23    -6.68563E-19      5.65478E-19
 26  24    -6.98868E-23     -3.28512E-24
 26  25    -1.83063E-19      2.07744E-19
 26  26    -9.41505E-24     -5.38519E-23
