      -29517.860899         11.049044         -0.260166
      -1619.190436         17.002516         -2.232614
       5004.442015        -27.515910         -0.739062
      -2372.709056        -11.731270          0.300532
       3033.069782         -4.290299          1.685455
      -2660.727544        -22.014986         -0.449473
       1663.517440          2.992516         -0.670600
       -548.556727        -13.050283         -1.685668
       1337.344276          0.811446          0.352129
      -2318.642381         -3.889832          0.086156
       -178.640582          8.212308          1.035742
       1237.015306         -3.136782          0.810214
        257.201222         -3.055037          0.759771
        650.836317         -6.806508         -1.653109
       -532.182848         -1.473677         -0.255198
        915.321063         -1.484591          0.152010
        805.423449          2.169459         -0.634163
        286.322845          0.363927         -0.576760
        184.458509         -9.091353          0.185468
       -217.555832          2.936736          0.253686
       -366.067390          4.345292          0.027590
        156.917172          3.765329          0.034012
         94.382581         -1.662572         -0.824108
       -307.480693         -0.549874          0.032845
       -230.003814         -0.674992          0.182055
        355.976622          0.599430          0.094227
         43.701095          0.478758         -0.031452
        203.496470         -1.516955         -0.086801
        186.064356          1.471966         -0.183173
       -139.939164         -0.955681          0.370279
       -119.785388          0.812851         -0.013784
       -165.687032          1.147230          0.206856
         -7.188788          3.805475         -0.263691
        -10.597857          1.585679         -0.120160
        102.202626         -0.634169         -0.035716
         73.334563         -0.224651         -0.096895
         69.111821         -0.246777          0.003848
        -20.786646          0.009820         -0.027981
         76.694654         -0.253111         -0.136656
         48.601331         -2.194589         -0.065008
       -145.510499          2.016159          0.053899
         62.443462         -0.412433         -0.069791
        -19.773848         -1.671384          0.120315
        -65.317281         -0.552398          0.073795
         13.295517         -0.186801          0.207071
          1.694904          0.690260         -0.000691
        -81.311534          1.881387         -0.164638
         53.888867          0.392883          0.009293
         80.069575          0.151018          0.012874
        -74.820291         -0.084274         -0.006514
        -59.032643          0.588889         -0.001277
         -3.509743         -0.633684          0.071581
        -21.726618          0.279129          0.012949
         42.507942          1.362071          0.044367
          6.813459         -0.073773         -0.068372
         13.616179          0.257558         -0.113925
         25.244788         -0.146086         -0.015781
         10.290615          0.102577         -0.070316
          8.481035         -0.771450          0.046976
          3.301503         -0.814410         -0.027854
        -27.091679         -0.334389          0.004300
          4.045247          0.521525         -0.149291
         -3.946622          0.207973          0.091412
         24.527484         -0.064063         -0.013046
          8.014882          0.114519         -0.009875
         10.967634         -0.043787          0.006404
        -13.328324         -0.570506         -0.014474
        -20.485040          0.162814          0.037219
         -6.267992          0.271389          0.065056
         10.913259          0.463095          0.039502
        -18.762085         -0.248535         -0.040098
        -18.388355          0.480268          0.024111
         11.050523          0.280224         -0.020399
         16.589694          0.087315         -0.025967
         10.377737          0.254378         -0.025256
          7.215505         -0.067377         -0.012614
        -13.053692         -0.572392          0.049757
        -11.502555          0.385800         -0.020594
         -4.006988          0.173412          0.003247
          0.889676          0.367899          0.044488
          5.535028          0.003991         -0.009405
          9.604234         -0.064160         -0.023707
        -20.280973         -0.084827         -0.019631
          3.605367         -0.056196         -0.040049
         12.041853         -0.262378         -0.000755
         -5.932999          0.337413          0.000815
         12.801921          0.016222         -0.021968
          3.991174         -0.407060         -0.036173
         -7.026649         -0.086238          0.017549
        -11.803458         -0.319033          0.027996
         -7.737769          0.175362          0.004927
         -0.993019          0.105585          0.010673
          7.995905         -0.009001          0.011915
          8.533150         -0.067598          0.006556
          2.468830         -0.156340         -0.008199
         -7.849804         -0.329590          0.053881
         -6.853016          0.363895          0.030940
         -9.758725         -0.170364          0.015548
          6.620076          0.188143         -0.006052
         -2.106186          0.038884         -0.004753
         -6.188675         -0.014620          0.000890
          2.541896          0.120440         -0.001251
          1.170845         -0.114214         -0.013375
         -0.016429         -0.058407         -0.007500
         -1.630022          0.272479          0.019498
          4.630539          0.046147         -0.014077
         -0.124707         -0.012756         -0.017120
          4.566973         -0.064470          0.002690
          2.684618         -0.117106         -0.000581
         -6.958265         -0.130195         -0.002875
         -0.128369         -0.117245          0.013868
         -0.984971          0.004503          0.003369
          2.111743          0.020479         -0.001493
         -3.776774         -0.088797          0.008195
          3.356648         -0.130973          0.000919
         -1.549603         -0.227536          0.006245
         -0.703311         -0.162937          0.003102
         -2.170969          0.086860          0.020950
         -2.524934         -0.140428          0.001406
         -8.146378         -0.078383         -0.003672
          2.998829          0.017566         -0.000541
         -1.550334          0.027922         -0.000984
          0.193731         -0.035004         -0.002933
         -1.960178         -0.036646         -0.003019
          1.612495          0.050409          0.007549
          1.546531          0.055149          0.012879
         -0.663317          0.019179         -0.003387
         -0.419195         -0.043715         -0.002224
         -1.972335          0.108755          0.007605
          0.448732          0.048697         -0.004670
          0.871253         -0.008874         -0.001811
         -0.809927          0.006192          0.005055
         -0.463433          0.040169          0.001759
          0.429541         -0.027150          0.000811
         -2.605617          0.038556          0.007667
          1.800036         -0.003442         -0.003695
         -1.190276         -0.040890          0.000087
          0.173362         -0.013578         -0.011864
         -1.884720         -0.108609          0.000525
          0.843839         -0.045356         -0.003209
         -1.898585         -0.014807         -0.005737
          3.882455         -0.053182         -0.006834
         -1.685721         -0.085600          0.003443
         -2.158501          0.009631          0.000240
         -0.264913          0.012795         -0.000189
         -0.732556         -0.061298          0.001097
          0.301634          0.020224          0.001402
          0.257447          0.014453          0.001997
          1.006494          0.031874          0.001681
          2.195593         -0.051539         -0.003781
         -0.531968         -0.049166         -0.000072
         -2.595777          0.034182          0.008287
          0.945090         -0.004827         -0.001971
          0.553742         -0.028257         -0.003248
         -0.185907          0.038813         -0.000014
          0.517791          0.035047         -0.000842
          0.510134          0.010476         -0.002456
         -0.007293         -0.009253         -0.000596
         -0.387871         -0.006991          0.001867
          0.064364          0.023508          0.003322
         -0.356205         -0.005653         -0.002462
          0.273707         -0.002959         -0.000506
          0.163691          0.021963         -0.003244
         -0.854409         -0.002456         -0.001771
         -0.656632         -0.051013          0.004975
         -0.266894          0.019604         -0.001159
          0.008341          0.017497         -0.008402
          0.862892         -0.007583         -0.003846
         -0.121263          0.011196          0.000058
         -0.895912         -0.001904          0.000382
         -0.814139         -0.014731         -0.001610
          0.301161          0.006282          0.001470
          0.336959          0.006375          0.002193
          0.366541          0.031610          0.000785
          1.715911         -0.012895         -0.002177
         -0.434379         -0.004288          0.000358
         -0.572049         -0.005131          0.002317
          1.123749         -0.019310         -0.001295
         -1.117741         -0.015540          0.001310
         -0.339438          0.016088          0.001235
         -0.051753         -0.006482         -0.001099
          0.777697          0.007259         -0.000944
          0.569248         -0.019533         -0.000662
         -0.209137          0.016401         -0.000934
          0.150945         -0.021981         -0.002434
          0.365117          0.003874         -0.000797
          0.500052         -0.008280          0.001133
         -0.003437          0.010745          0.000415
          0.419218          0.009017         -0.000124
          0.406236          0.002105          0.001696
         -0.233192         -0.005303         -0.000830
         -0.188830         -0.029067          0.001835
         -0.550211          0.009798          0.003136
         -0.244468         -0.015689          0.001042
         -0.814679          0.007854          0.001211
         -0.344370          0.002345          0.000006
          0.285464         -0.000532         -0.000219
          0.371893         -0.001194          0.000024
         -0.204122         -0.012682         -0.000389
         -0.659417          0.007072         -0.000303
         -0.139271          0.002146          0.000643
          0.366597          0.006894          0.000450
         -0.113282          0.002453          0.000750
          0.412363          0.005489         -0.000137
          0.203544          0.000876          0.000785
         -0.077865         -0.002097          0.000092
         -0.053431          0.007918          0.000245
          0.344886         -0.003092         -0.000005
         -0.136827         -0.004105          0.001093
          0.313955          0.005529          0.000133
          0.278606          0.008245         -0.000781
          0.192795         -0.013316         -0.000343
         -0.012158          0.006203          0.000601
          0.372878          0.001621         -0.000480
          0.666619          0.007862         -0.001550
          0.168197         -0.013413         -0.000786
         -0.343237          0.005932          0.000716
          0.110013          0.014021         -0.000633
          0.297082          0.004015          0.000091
          0.086769         -0.018402         -0.000254
          0.249244         -0.007678         -0.000387
         -0.241314         -0.010453          0.001317
          0.078070         -0.034719          0.000773
         -0.374422         -0.010278          0.001566
          0.189544          0.000342         -0.000001
          0.453250          0.002333          0.000279
          0.575090         -0.000599          0.000173
          0.055296         -0.001411         -0.000359
          0.026256         -0.000179         -0.000119
          0.414992         -0.005906         -0.000045
          0.217494          0.004505          0.000005
         -0.102807         -0.009964         -0.000271
          0.053484         -0.001621         -0.000006
          0.094116          0.003541          0.000040
          0.027746          0.006899         -0.000114
         -0.111802          0.002866         -0.000170
          0.097729          0.003510          0.000085
         -0.127688          0.003981          0.000104
          0.281658          0.001551          0.000067
          0.135127         -0.003179          0.000011
         -0.198147          0.004286          0.000013
         -0.270662         -0.000274          0.000137
          0.109960          0.002626         -0.000229
         -0.197484          0.001337          0.000268
          0.000122          0.003056          0.000125
          0.238131         -0.002713          0.000278
         -0.101204         -0.004510         -0.000020
         -0.028362         -0.002888          0.000350
         -0.298796          0.008282         -0.000000
         -0.096021          0.011968         -0.000256
          0.165999         -0.009258         -0.000204
          0.135409          0.000924         -0.000095
         -0.010656         -0.006591         -0.000054
         -0.218973         -0.014013         -0.000092
         -0.059868         -0.001818          0.000740
         -0.083492          0.001953         -0.000001
          0.119970         -0.000474         -0.000017
          0.251477          0.004242          0.000125
         -0.369155          0.000153          0.000039
          0.148868         -0.001252          0.000045
          0.124665          0.002895         -0.000037
          0.283794          0.003250         -0.000011
          0.003314         -0.001584          0.000009
         -0.088679         -0.001925          0.000004
          0.021318         -0.000402         -0.000016
         -0.119708         -0.000844         -0.000015
          0.083079          0.000191          0.000003
         -0.054864          0.002858          0.000024
         -0.020294          0.001640         -0.000046
         -0.084571          0.000537         -0.000016
          0.201516         -0.000328          0.000042
          0.006511          0.001228          0.000058
         -0.198077         -0.001486         -0.000051
          0.007240          0.002068         -0.000013
          0.216052         -0.002190          0.000049
         -0.128965          0.003806          0.000021
          0.207621          0.000828         -0.000061
         -0.034343          0.000668         -0.000029
          0.005599         -0.007699          0.000035
         -0.126595         -0.001605          0.000089
         -0.120187         -0.004676          0.000022
         -0.123268          0.001800         -0.000029
         -0.101386          0.010830          0.000022
          0.220754         -0.000623         -0.000086
         -0.019149          0.001672         -0.000004
         -0.020162          0.003280         -0.000010
         -0.102260         -0.002997         -0.000121
         -0.152085          0.008473         -0.000064
         -0.018944         -0.000966         -0.000000
          0.013789          0.000477         -0.000009
          0.105878          0.004594          0.000034
         -0.050013         -0.004078          0.000019
         -0.274809          0.001360          0.000004
          0.307697         -0.001776          0.000009
         -0.036169          0.004950         -0.000013
          0.214624          0.000317          0.000012
         -0.099013          0.001888         -0.000025
         -0.016469          0.005558         -0.000001
         -0.222867          0.000572         -0.000001
          0.035014          0.000897         -0.000002
         -0.024461         -0.000872          0.000021
         -0.063814          0.000839         -0.000007
         -0.287867         -0.000390          0.000015
          0.159938          0.000697          0.000005
          0.016561         -0.000074          0.000001
          0.092253          0.000663          0.000012
         -0.052232         -0.000024         -0.000008
          0.004993         -0.000428          0.000008
         -0.058848          0.000958          0.000004
         -0.144993          0.000673          0.000007
          0.130316         -0.000367          0.000001
         -0.131967          0.001660         -0.000011
          0.119229          0.000180         -0.000034
          0.014278         -0.001931         -0.000008
         -0.047353         -0.000534          0.000009
          0.030937         -0.002459          0.000009
         -0.060917          0.001900          0.000030
          0.036571          0.004902          0.000003
          0.111339          0.001246          0.000024
          0.044087         -0.002512          0.000023
         -0.350519          0.001137         -0.000036
         -0.141671         -0.000954          0.000002
         -0.025286          0.001719          0.000032
          0.225952          0.002193         -0.000000
          0.096983          0.000801          0.000001
          0.024471         -0.000559          0.000002
          0.005476         -0.000046          0.000003
          0.133364         -0.002095          0.000003
          0.191964          0.000445         -0.000002
         -0.043190         -0.001788         -0.000003
         -0.029297         -0.002556          0.000002
          0.084441         -0.003704         -0.000001
          0.080104          0.000376         -0.000000
         -0.058070         -0.000111         -0.000003
          0.178530          0.002257         -0.000001
          0.082224          0.001214          0.000002
         -0.032977         -0.000239          0.000003
         -0.208336         -0.002304          0.000007
          0.042644          0.000058         -0.000003
         -0.128763          0.001811          0.000002
         -0.056945          0.001099          0.000003
         -0.127286         -0.002021          0.000004
          0.114147         -0.000243          0.000005
          0.162585          0.002292          0.000001
         -0.018388          0.001536         -0.000002
          0.110509         -0.000021          0.000004
         -0.063321          0.000852          0.000002
         -0.126563         -0.000008          0.000004
         -0.039335          0.002973         -0.000003
         -0.048452         -0.000751         -0.000002
         -0.006012          0.001428         -0.000002
          0.139340         -0.000236         -0.000002
          0.031740         -0.002734         -0.000005
         -0.059479          0.002495         -0.000002
         -0.011303          0.000195         -0.000004
          0.059921         -0.001717         -0.000005
          0.144409         -0.000287         -0.000005
         -0.051826         -0.003842          0.000000
         -0.025083         -0.002838          0.000005
          0.105914          0.003987         -0.000004
         -0.019284          0.001038         -0.000000
          0.422872          0.000193          0.000000
          0.109534          0.003115          0.000001
         -0.120650         -0.000142          0.000002
         -0.019987          0.000054          0.000000
          0.077150          0.001014         -0.000001
         -0.022222          0.003072          0.000001
          0.055780          0.003169          0.000000
          0.101179         -0.000654          0.000001
          0.053010          0.002303          0.000002
         -0.339015         -0.001544         -0.000000
         -0.007003          0.002143         -0.000001
         -0.002850         -0.001199          0.000000
          0.117299         -0.000777          0.000001
         -0.156996         -0.000599          0.000001
         -0.002328          0.000954         -0.000001
         -0.017652         -0.000630          0.000000
          0.103077          0.000318         -0.000001
         -0.043522         -0.000797          0.000000
         -0.072988          0.001566          0.000000
          0.092022         -0.000807          0.000002
          0.036711         -0.000678          0.000001
          0.173249          0.000394          0.000001
         -0.101284          0.000403         -0.000001
          0.014634          0.001108         -0.000000
         -0.017244         -0.000686          0.000002
          0.068952         -0.000206          0.000001
          0.085175          0.000143          0.000000
         -0.117626         -0.000602         -0.000000
          0.140848          0.000875         -0.000001
          0.105051          0.001791          0.000003
          0.062953          0.000477          0.000000
         -0.039772          0.001960          0.000000
         -0.023196          0.001579          0.000000
          0.006885         -0.001027          0.000002
          0.081389         -0.000795         -0.000001
         -0.082936         -0.000695         -0.000000
         -0.059193         -0.000958         -0.000001
         -0.025535          0.002741         -0.000002
         -0.053888          0.000144         -0.000000
          0.231441         -0.000807         -0.000000
          0.013721          0.000126          0.000000
         -0.119118          0.000360          0.000000
          0.195841         -0.001831         -0.000000
          0.181359         -0.001266          0.000000
          0.114036         -0.001581          0.000000
         -0.164823         -0.002440         -0.000000
         -0.318797         -0.001415          0.000000
          0.323287         -0.001771          0.000000
          0.046948         -0.000173          0.000000
          0.222864         -0.000125          0.000000
          0.091488          0.001358         -0.000000
         -0.087985          0.000403         -0.000000
          0.129733          0.000759         -0.000000
         -0.017721         -0.000937          0.000000
         -0.172592          0.000689          0.000000
          0.052305          0.000719         -0.000000
         -0.178915          0.000357         -0.000000
          0.053085         -0.000430         -0.000000
         -0.048150          0.000966          0.000000
         -0.158036         -0.000534          0.000000
          0.028685         -0.000122          0.000000
         -0.015094         -0.001136          0.000000
          0.006453         -0.000683          0.000000
         -0.074366         -0.000444          0.000000
          0.025688          0.000063         -0.000000
          0.055851          0.002243          0.000000
         -0.141311         -0.001852          0.000001
         -0.003336          0.000586         -0.000000
          0.026884          0.000295          0.000000
          0.019026         -0.000337          0.000000
          0.063454          0.000046          0.000000
         -0.018829          0.000274         -0.000000
          0.038407         -0.002161          0.000000
         -0.142593         -0.000380          0.000000
          0.161932          0.003129         -0.000001
          0.049333          0.001121         -0.000000
          0.019876         -0.002068         -0.000000
         -0.001571         -0.002403          0.000000
         -0.086500          0.003562         -0.000000
