  360.00   71.63       -0.62803        0.00000
  233.09  -19.50        2.20352       -0.00000
   13.30  -42.58       -0.35509        0.00000
  239.27  -56.17       -8.97402       -0.00000
   73.49  -41.71       -4.45900       -0.00000
  235.78  -47.93      -13.69010        0.00000
  327.63  -50.95       -0.53651       -0.00000
  107.65  -27.98      -13.04926       -0.00000
  251.94   64.23       10.30287        0.00000
   33.05   53.58       11.89082        0.00000
  345.49   56.09        5.92308        0.00000
  158.82  -58.53       -9.60735       -0.00000
  332.77  -55.44        4.10953        0.00000
  326.94  -15.99        0.62443        0.00000
   53.17   49.27        6.59951        0.00000
    1.95  -33.81       -0.76761       -0.00000
  352.92   41.32        8.57781        0.00000
    1.89  -30.49        1.10668       -0.00000
  281.53  -18.58        8.05146        0.00000
  165.95    2.29        9.17433        0.00000
   57.88   71.65        2.26138       -0.00000
    3.82   -9.88      -42.04279       -0.00000
   83.86    6.34        8.06691        0.00000
  104.58  -36.09      -14.78349        0.00000
  202.07   35.63        7.86636       -0.00000
   96.80  -19.36      -40.42330        0.00000
  100.05   35.24       19.35805        0.00000
  249.03   28.30       12.87164       -0.00000
   89.17   -5.72      -24.50505        0.00000
  130.78  -15.19      -21.56191        0.00000
  181.88    3.36       18.46718        0.00000
  315.89   -4.00      -12.74036        0.00000
  290.10  -69.36       -6.98141       -0.00000
  147.88   74.74        2.52926       -0.00000
  246.84   -6.12       -7.73338        0.00000
  116.54   75.07        6.29815       -0.00000
  264.36    4.49        5.67758        0.00000
   58.52   32.83       15.32734        0.00000
  135.53   65.38        2.42718       -0.00000
  171.64  -38.27      -13.72815        0.00000
  240.56  -51.61      -12.12934        0.00000
  106.99  -29.48      -12.73455       -0.00000
  266.73  -20.04      -15.81717        0.00000
  124.21  -60.56      -19.31738        0.00000
   10.35   -0.11      -17.37627        0.00000
  205.27   21.45        3.28416       -0.00000
  142.67   41.50        8.41419        0.00000
   26.48   -4.08      -26.23879        0.00000
  166.40   -7.45       -4.52669       -0.00000
  226.90    1.36        5.58336        0.00000
  290.65  -11.86       -1.72215       -0.00000
  129.94    2.55      -15.04050       -0.00000
   91.23  -18.76      -37.80477        0.00000
    9.05  -51.13        4.95335        0.00000
   77.80  -72.85       -1.59320       -0.00000
  128.14   22.65       10.67202       -0.00000
  274.43   25.66       16.36753       -0.00000
   21.82   34.04       18.15684       -0.00000
  116.52   -5.52       16.67738        0.00000
  267.65   40.97       19.12389       -0.00000
   56.22  -47.19       -3.38972        0.00000
  195.84  -12.46       -5.98579        0.00000
  133.19   38.31       10.09670        0.00000
  327.40  -24.42        4.04766       -0.00000
  267.60   24.24       16.68766        0.00000
  223.59   43.66       10.84142        0.00000
   47.38  -67.65       -0.35724       -0.00000
  291.94  -20.14        0.59140        0.00000
  287.46  -66.98       -4.48586       -0.00000
  143.41  -28.25      -13.89665        0.00000
   27.60   17.09       -4.47810       -0.00000
    7.95  -33.16       10.80408       -0.00000
  155.06   39.49        3.40903       -0.00000
  132.24  -38.21      -15.33914        0.00000
  304.30  -11.41      -14.64443       -0.00000
  122.87   14.25        4.67718        0.00000
   65.70   -5.14      -13.37612        0.00000
    6.40  -59.10        6.24210       -0.00000
   67.63   63.11        6.15066        0.00000
  287.55  -15.23        5.40905        0.00000
  322.20   42.26       10.87551        0.00000
  173.32   35.57        4.06555        0.00000
  263.75   59.44       15.43216        0.00000
  352.67  -37.64      -11.14980        0.00000
  165.09  -61.90       -9.26883       -0.00000
  101.04   -4.64      -13.68553        0.00000
   80.96   66.04       14.02281       -0.00000
  269.47  -13.28       -5.20070       -0.00000
  231.30   33.80        2.60164       -0.00000
   32.03   36.36        9.95331        0.00000
   16.11  -47.03        0.64383       -0.00000
  110.37   31.53       27.89251        0.00000
  223.67  -54.30       -8.82103        0.00000
  219.80   -4.95       -6.04699       -0.00000
   98.63  -53.68      -17.47806       -0.00000
  241.02   43.82        9.50901        0.00000
   61.09  -13.67      -21.91368       -0.00000
   73.98   63.94       10.38691        0.00000
   93.93  -11.75      -40.25317       -0.00000
   19.37   35.72       16.61778       -0.00000
   39.59    2.46       -1.87176       -0.00000
  237.91  -49.60      -13.40295        0.00000
  127.76   -0.43      -11.37404        0.00000
  138.26   -6.87       -5.00721       -0.00000
  246.53  -47.83      -14.35139        0.00000
  284.54   47.40       20.98982        0.00000
  266.61  -21.97      -16.39669        0.00000
  273.36  -44.25        2.68585        0.00000
  116.90   43.08       20.56643        0.00000
  234.67  -13.20        0.79334        0.00000
  209.93  -36.19       -9.01765       -0.00000
  215.49   -5.12       -8.47310       -0.00000
  236.72  -32.40       -8.91450       -0.00000
  286.98  -31.52        0.79722        0.00000
  167.24    5.25        8.96247        0.00000
  288.37  -30.34        2.09236        0.00000
  254.55   36.53        5.41767        0.00000
  131.74   19.90        3.60327       -0.00000
   84.70    8.41       10.65910        0.00000
  333.79  -21.55       15.09862       -0.00000
   10.53  -38.62        3.55762        0.00000
  302.68   36.82        7.14325        0.00000
  200.74  -51.64       -7.46202        0.00000
   74.69  -60.15       -6.65425        0.00000
  345.09   32.51        5.25546        0.00000
  193.28   23.46        5.09316       -0.00000
  211.99   -7.98       -8.21239       -0.00000
   43.20  -50.74        0.91162       -0.00000
  107.59   23.94       19.54196       -0.00000
  174.45   -8.03       -1.45224       -0.00000
  192.97  -15.64      -10.45194        0.00000
  147.91  -16.73      -15.55824       -0.00000
  233.98   -6.53       -4.27049       -0.00000
   83.73  -19.21      -23.73021        0.00000
  358.64    8.37        3.86429       -0.00000
   11.93   59.91        9.87326       -0.00000
   95.24   18.93        5.49751        0.00000
  336.01  -41.15      -10.22517        0.00000
  210.87   62.94       15.40362       -0.00000
   34.86   23.19       25.39260        0.00000
  317.21   11.46       -0.66288        0.00000
   18.61   10.58      -16.94672        0.00000
  144.67  -28.54      -13.33742        0.00000
    7.96   32.77       25.51933       -0.00000
  228.94   22.61        5.61888       -0.00000
   12.74    3.01      -11.89178        0.00000
  212.04   35.39        6.38936       -0.00000
   37.72   61.35        4.52109       -0.00000
   56.00   20.69       16.47578        0.00000
  234.31   27.40        6.37554        0.00000
    9.33  -62.59        3.56288       -0.00000
   45.46    2.97       -5.08497       -0.00000
  217.04  -28.61      -11.48073        0.00000
  169.15   -7.59       -2.51911       -0.00000
  319.63   53.11        6.22539        0.00000
  195.63  -19.39      -11.78603       -0.00000
  133.82   57.58        8.52223        0.00000
   48.98  -27.94        3.70537       -0.00000
   74.43   29.75       11.25303       -0.00000
   37.70   56.21        9.16548       -0.00000
   82.20   66.02       14.67818       -0.00000
  194.68   15.09       16.51693        0.00000
   39.95   23.48       32.41712        0.00000
  278.29   65.94        8.45766        0.00000
   47.36  -32.94        4.39265        0.00000
  145.15  -57.95      -13.18781       -0.00000
  336.80  -29.04       -0.39640        0.00000
  306.13   -5.32       -2.20844        0.00000
  305.98   68.73       10.82058        0.00000
  239.78   50.72       20.34446       -0.00000
  258.22    6.52        1.93299        0.00000
  318.29   10.65       -2.50858        0.00000
  306.99   60.68       11.33738       -0.00000
  284.83  -46.97        9.95889        0.00000
  335.83    1.49      -38.45288        0.00000
    9.95   11.38        3.85986        0.00000
  286.61  -56.87       10.73569        0.00000
   39.02   -7.06      -20.26524       -0.00000
  211.61  -28.85      -14.10844        0.00000
  322.79  -70.40       -6.54744        0.00000
  301.19   10.72       18.83872        0.00000
  183.87   14.80       15.19777        0.00000
   63.26   29.65       12.14611       -0.00000
   18.67   -1.36      -26.39694        0.00000
   95.72  -16.15      -43.15484       -0.00000
  348.49   45.94       10.70724        0.00000
   21.31   36.49       13.86232       -0.00000
   51.46   33.23       18.57900        0.00000
  146.66  -43.94      -12.91959       -0.00000
  159.80  -22.94      -22.77403       -0.00000
  267.71  -16.76      -12.21441        0.00000
   40.98  -59.79        2.89928        0.00000
  324.01  -40.19      -15.12243        0.00000
   51.90    0.64      -11.90437       -0.00000
  110.69   -6.66       13.69210        0.00000
   72.63  -20.10      -23.64408        0.00000
  186.88  -38.06       -9.07875        0.00000
   67.39   32.27       11.22721        0.00000
  323.51  -24.61       -0.62949       -0.00000
  159.77   17.57       -3.19741        0.00000
  232.24   34.81        3.32009       -0.00000
  266.49  -47.00        1.13572        0.00000
  280.53   38.83       22.68569       -0.00000
  277.96   16.17        9.19703       -0.00000
   95.74   20.55        8.11247        0.00000
  108.58   11.17       -0.62334       -0.00000
  201.24   18.29        8.88671       -0.00000
   61.98  -31.64      -19.85376        0.00000
  120.70  -49.22      -20.03418        0.00000
   55.95  -77.24        1.69302        0.00000
  124.17  -44.48      -17.68310       -0.00000
   34.78  -43.84       -1.25441        0.00000
  285.62  -16.50        8.07033        0.00000
  310.68   37.92        7.58426        0.00000
   11.99   16.18        5.63332        0.00000
  301.93   75.07        4.28524       -0.00000
  180.87  -70.55      -10.12822        0.00000
  130.97  -50.14      -15.80547        0.00000
   55.19  -14.63      -16.80254       -0.00000
  338.55   20.13       14.40370       -0.00000
  251.37   48.80       14.70879        0.00000
   33.71   29.60       24.41834       -0.00000
  300.57   26.43        0.52047        0.00000
    4.82   -8.79      -41.67170       -0.00000
  161.03  -10.52      -15.41935        0.00000
   84.39  -44.44       -7.78272       -0.00000
  131.94   -8.65      -14.39553       -0.00000
  309.11  -51.17        2.33975       -0.00000
  327.54  -67.80       -5.28552        0.00000
  223.22  -68.40       -9.92677        0.00000
  291.04  -15.27       -0.86507        0.00000
  197.31    4.85       13.90833       -0.00000
   31.47  -11.14      -33.83535       -0.00000
  343.70   55.06        6.72030        0.00000
  181.67  -12.15      -10.42845        0.00000
  332.53    3.06      -34.60669        0.00000
   60.74   49.60       10.24536        0.00000
  342.67  -23.54        9.53693        0.00000
   34.32   21.66       21.82341       -0.00000
  338.82   53.31        8.25326       -0.00000
   13.55   57.13       13.38300        0.00000
  225.84  -38.46       -7.97882        0.00000
   35.09    5.35        0.78504       -0.00000
   62.19   21.00        9.68961        0.00000
  259.80   17.73       10.76400        0.00000
  294.04   22.82        2.02283        0.00000
  302.68  -45.15        3.85472        0.00000
   47.95   -8.30      -16.90285       -0.00000
  226.03   46.08       13.48919        0.00000
    7.23   -1.93      -21.39272        0.00000
  168.02   46.14        1.09542        0.00000
  190.91   23.71        4.81445       -0.00000
   40.94  -26.58       11.87586       -0.00000
   83.37   29.04       15.82127       -0.00000
  239.96  -23.38        2.32375        0.00000
  299.12   19.54        5.52435       -0.00000
  122.72   -4.51        1.75471        0.00000
  206.54  -41.30       -4.32597        0.00000
   28.52  -69.10        0.97819        0.00000
  165.51  -28.04      -15.99000        0.00000
   13.48   -5.23      -37.93683       -0.00000
  284.74  -21.73        6.18490       -0.00000
  154.67  -27.88      -16.99789        0.00000
  315.74   17.87        0.92464       -0.00000
   76.58    0.60       -0.35328       -0.00000
   62.06   54.97        7.00783       -0.00000
   51.41   22.07       25.33837        0.00000
  220.02   11.93       15.53781        0.00000
  221.32    4.97       11.39429       -0.00000
   79.52  -30.36      -12.12076       -0.00000
   18.07   16.12       -8.86343       -0.00000
  354.20  -54.04        7.90219        0.00000
  124.35  -20.22      -21.18526        0.00000
  332.77   42.55       14.12083        0.00000
  146.70   13.15        4.99980        0.00000
  154.26   -2.30        6.47613       -0.00000
  154.05  -72.78      -11.83993       -0.00000
   83.88  -44.58       -7.37991       -0.00000
  277.62  -67.41       -6.29886       -0.00000
  248.98   28.20       12.98142       -0.00000
  164.59   32.67        4.09339        0.00000
  101.62  -68.49      -10.26959       -0.00000
  141.00   -8.40       -2.32906       -0.00000
  128.55  -35.04      -17.43637        0.00000
  281.60   -7.21        8.46744        0.00000
  317.69  -61.06        0.91904       -0.00000
   68.97   26.34        9.81637       -0.00000
  165.76  -27.10      -16.22856        0.00000
  153.99    0.34        9.48756        0.00000
   39.09  -34.35        8.87864        0.00000
  321.70   -6.66      -23.82932       -0.00000
  100.72   52.75       20.61545       -0.00000
  338.72  -14.39        8.13852        0.00000
  174.64  -14.51      -10.50844        0.00000
   93.94   34.72       15.77021        0.00000
  259.85   13.04        6.27772       -0.00000
  358.13  -44.59       -2.56658       -0.00000
   57.21   52.45        6.77412        0.00000
   64.56   10.28        0.53383       -0.00000
  144.98  -17.20      -14.20830       -0.00000
  333.71   19.80       19.03986       -0.00000
   15.96   -6.73      -42.54563       -0.00000
  127.84    8.27      -11.46630       -0.00000
   12.97   49.80       11.94988       -0.00000
   79.79  -42.99       -4.76893       -0.00000
  131.56   -1.41      -13.79620        0.00000
  101.47   44.56       16.09108        0.00000
  354.75   14.23        3.25336        0.00000
  230.27  -31.94       -8.47775       -0.00000
  304.33    0.33       12.31487        0.00000
    9.72  -33.58       12.84367       -0.00000
  222.15  -49.98       -6.78570       -0.00000
   30.88  -76.43        1.16253       -0.00000
  199.03  -29.88      -19.45406        0.00000
  289.54  -26.27        3.62807       -0.00000
  315.85    1.94       -6.56359       -0.00000
  234.66   -8.94       -2.87303        0.00000
  110.46  -12.45       -0.93288       -0.00000
  169.69  -18.80      -15.66898       -0.00000
  173.28  -11.29       -7.23253        0.00000
  272.68   -7.32        5.42693        0.00000
    5.43  -20.71      -14.82650       -0.00000
   73.72  -71.22       -1.93470       -0.00000
  186.27   -6.10       -3.90784       -0.00000
   54.28   16.72       12.83008       -0.00000
  176.09   -4.37        5.65687       -0.00000
  247.48  -42.10      -15.83238       -0.00000
  219.18   16.52        9.08008        0.00000
  238.63  -23.48        2.15624        0.00000
   59.97  -27.75      -21.29641       -0.00000
   94.48  -63.89      -10.56918        0.00000
  343.17   16.98        4.18872        0.00000
  105.78  -43.74      -21.05709       -0.00000
  141.84   32.08        4.08868       -0.00000
  316.35   36.54        8.22151        0.00000
  258.18  -51.16       -3.75824       -0.00000
   75.68   13.03       16.62266       -0.00000
   20.97    5.48      -17.54119       -0.00000
    2.36  -10.05      -40.68942       -0.00000
  118.37   46.18       20.50944       -0.00000
   18.69   15.37      -11.60259        0.00000
   48.54  -44.51       -2.73083        0.00000
  230.08   61.52       18.24128       -0.00000
  334.38  -57.23        3.98730        0.00000
  277.95   70.62        3.28906       -0.00000
  340.46   69.60        3.26037        0.00000
  332.77    5.50      -26.28115       -0.00000
  175.28   -8.49       -2.43296       -0.00000
  327.91  -14.13       -2.85515        0.00000
  164.65  -28.95      -16.17387        0.00000
  343.94   -9.50      -14.10951       -0.00000
  283.92  -40.47        2.30352       -0.00000
  221.18   -7.94       -6.36901       -0.00000
  220.72  -27.47       -9.65052        0.00000
  256.89   75.87       -3.57339        0.00000
  105.88   46.21       18.14893        0.00000
  336.80   72.74        3.80450       -0.00000
    2.12  -16.09      -32.54135       -0.00000
   84.10   65.01       16.19547       -0.00000
  327.59  -53.95        2.00160        0.00000
  241.57  -48.59      -14.68129        0.00000
  183.49  -23.37      -14.47738        0.00000
   59.11   55.80        5.15835       -0.00000
  213.71  -15.44       -5.71218        0.00000
  230.13  -10.03       -2.07372        0.00000
  246.76  -15.82       -1.23732       -0.00000
  105.66  -16.52      -22.19735       -0.00000
  345.37   48.32       11.16782       -0.00000
  145.39    5.15        7.67069       -0.00000
   47.17   29.49       27.50556       -0.00000
   76.87  -82.48        0.60384       -0.00000
  299.43  -16.81      -13.04325        0.00000
   82.94   21.62       21.11387        0.00000
  142.80   23.77        5.35549       -0.00000
  285.72  -66.42       -3.89529       -0.00000
  148.29   62.45        4.69140       -0.00000
  201.53  -41.24       -5.64783        0.00000
  185.67  -55.67       -8.03730        0.00000
   11.99  -25.23       11.73154        0.00000
  268.77   51.60       20.48912        0.00000
  250.38  -13.08       -5.51668       -0.00000
  220.24  -32.02       -9.33526       -0.00000
  322.70   77.83        2.71548       -0.00000
    4.39  -21.39      -12.79902       -0.00000
  357.88  -67.14       -2.66502        0.00000
  244.03   22.45       16.69396       -0.00000
  183.02   39.40        2.13012        0.00000
   12.01   40.62       10.93231        0.00000
  281.34   -4.85        7.22882        0.00000
  171.99   -4.71        5.02105       -0.00000
  174.82  -11.68       -7.52529        0.00000
  286.16  -64.86       -1.42704       -0.00000
  256.02   55.58       19.25758       -0.00000
  275.55  -23.33       -4.87076       -0.00000
   76.51   37.23       12.43276       -0.00000
  257.38  -78.41       -7.31179       -0.00000
  122.37    0.12        2.32669       -0.00000
  175.45  -22.24      -11.67972       -0.00000
  142.64   59.20        5.40675       -0.00000
  214.09   68.58       11.15258        0.00000
   45.91   24.40       33.01269        0.00000
  155.70  -38.24      -15.99236        0.00000
   19.52   40.83        8.26963        0.00000
   62.30   -4.48      -14.04640        0.00000
  352.53   18.12        3.30784        0.00000
  237.18  -38.08      -14.60778        0.00000
  263.74  -21.13      -17.60601        0.00000
   23.19  -63.06        4.85473       -0.00000
   32.75  -39.62        1.53238       -0.00000
  315.15   10.76        1.79254        0.00000
  296.82  -60.78        5.32037        0.00000
  226.37  -39.80       -8.12149        0.00000
   89.50  -53.73      -11.82041       -0.00000
  230.54   10.22       15.36524       -0.00000
   87.57  -32.86      -12.02203        0.00000
  312.22    3.43        5.61327       -0.00000
  118.33    5.06        9.03919       -0.00000
   11.72   60.36        9.21006       -0.00000
  238.93   30.41        7.27370        0.00000
   88.25   26.18       18.47662       -0.00000
    8.80   -7.30      -41.50939       -0.00000
   12.47  -19.68      -15.20812       -0.00000
  161.53   19.94       -3.24905        0.00000
  189.95   43.39       -2.65975       -0.00000
  111.11   41.95       20.33684        0.00000
  197.64  -78.65       -6.03018        0.00000
  188.73   12.70       20.55699        0.00000
    5.52  -40.09       -2.19667        0.00000
   16.51   48.87       11.50309       -0.00000
  216.42  -37.00       -6.15141        0.00000
  177.88  -34.28      -10.57788       -0.00000
  310.92   58.91        9.42174       -0.00000
  225.92   16.30       13.46858        0.00000
   18.46   50.91       13.68156        0.00000
  292.07  -62.64        2.74117       -0.00000
  346.49   38.36        8.52515       -0.00000
  263.94  -60.84       -1.56598        0.00000
  161.50   11.35       -1.18644       -0.00000
   13.44  -19.57      -15.50153       -0.00000
  182.14  -22.29      -13.69666       -0.00000
  244.04   -0.66      -11.42778       -0.00000
  125.32    5.22       -8.00797       -0.00000
  299.23  -39.01        5.35633       -0.00000
  349.30   -5.20      -28.83077       -0.00000
  313.12   26.62        0.65914        0.00000
  302.75  -44.85        3.69621        0.00000
   36.36   80.79        1.18537       -0.00000
  250.99   26.43       14.77301       -0.00000
  247.77  -49.37      -12.57110        0.00000
  357.42  -16.51      -25.56188       -0.00000
   10.06  -53.95        7.26680        0.00000
   39.67   19.93       27.56755       -0.00000
   47.04   64.66       -0.64969        0.00000
  335.19   62.56        4.69256       -0.00000
  152.61   61.67        6.84356       -0.00000
   87.17   18.52       18.18763        0.00000
   75.79   24.58       14.65204       -0.00000
  264.95  -50.19        1.73364       -0.00000
  266.93  -41.80       -2.82707       -0.00000
  356.63  -36.70       -9.18113        0.00000
   57.04   -1.08      -13.16734       -0.00000
   45.88  -36.36        2.41146       -0.00000
  135.14  -37.34      -14.43091        0.00000
  168.00   13.75       -1.24913        0.00000
  355.06   -1.70      -24.16849        0.00000
  280.31   57.39       16.70850       -0.00000
  136.34   37.03        7.26015       -0.00000
   61.81   25.82       12.37465       -0.00000
  242.84   17.48       13.78743        0.00000
  281.19   -0.68        5.36062       -0.00000
  319.27  -11.91      -14.46510        0.00000
   40.12   62.35        2.47173       -0.00000
  117.01  -42.69      -18.55261       -0.00000
   18.14   33.20       22.13666       -0.00000
   74.66  -27.96      -18.51815       -0.00000
  144.46   64.22        2.92906       -0.00000
  358.96   -7.37      -34.15322       -0.00000
  227.60   42.15       10.50523        0.00000
  217.10  -32.37      -10.06589       -0.00000
   38.25  -19.08       -8.12011        0.00000
  204.83   61.56       14.50778       -0.00000
  130.46  -14.59      -20.89801       -0.00000
  309.93   32.52        4.38201       -0.00000
  301.40   70.57        8.90796        0.00000
  219.09  -22.18       -8.04542       -0.00000
  169.97  -21.30      -15.01552       -0.00000
  234.83   -2.59       -5.53271       -0.00000
   66.27   69.75        5.23146       -0.00000
   92.30   59.94       21.59275        0.00000
  271.37   12.02        8.39456       -0.00000
   54.39   38.11       12.21193        0.00000
   12.09  -58.78        7.26990        0.00000
  123.28  -11.67       -8.07488       -0.00000
   82.89  -19.15      -22.60721        0.00000
  268.34   -8.91       -1.08248        0.00000
    9.39   23.69       27.00723       -0.00000
   19.53    8.00      -17.74499       -0.00000
   37.19  -24.19        7.02555       -0.00000
  319.54  -28.94       -6.61132        0.00000
  118.68   24.17       24.25545        0.00000
  122.75   27.17       20.99666        0.00000
  118.28   -7.38       10.96676        0.00000
  100.57  -15.50      -36.32323       -0.00000
  324.20   11.98       -1.31887        0.00000
  240.37   87.80       -0.28001        0.00000
   92.81   72.88       11.42018        0.00000
  335.71    1.09      -39.00405        0.00000
   82.95   29.40       15.37247       -0.00000
  179.54    9.91       18.49664       -0.00000
   94.87   37.90       14.30060       -0.00000
   10.01   68.96       -0.89190        0.00000
   79.74   55.89       16.88574       -0.00000
  133.60    5.34      -14.54440       -0.00000
   67.93  -19.86      -27.75474        0.00000
  287.30  -42.57        5.91798        0.00000
   69.46   -9.03      -15.94054        0.00000
  216.74  -25.45      -10.86609        0.00000
  102.45   55.08       21.62394       -0.00000
   18.38  -29.81       22.72569        0.00000
  247.93   54.50       21.20541       -0.00000
   92.87    8.66       -5.20619        0.00000
   34.96   -0.13       -6.72992        0.00000
  163.04  -48.46      -13.93504       -0.00000
   68.14   -9.14      -16.73471        0.00000
   94.74   -6.11      -28.86417        0.00000
  117.30   20.56       19.96474       -0.00000
  262.06  -42.75       -4.97044       -0.00000
   46.63   53.59        5.55128        0.00000
   75.13  -17.08      -20.26690       -0.00000
  216.35   38.16        6.97285       -0.00000
  145.51  -64.56      -15.48906        0.00000
   60.13   -2.48      -13.24091       -0.00000
   46.88   15.14       18.13408       -0.00000
  104.54  -13.84      -22.16420       -0.00000
  106.41  -61.00      -16.51971        0.00000
  320.42   16.31        3.02262        0.00000
    2.45  -68.76       -2.63126        0.00000
   85.50   25.07       19.25670       -0.00000
   27.19  -59.47        7.38564        0.00000
   99.13   41.05       15.15679       -0.00000
  184.62  -10.81      -10.27751        0.00000
    6.08  -50.31        4.19841        0.00000
  147.38   44.45        8.03830        0.00000
   49.96   23.02       28.25668        0.00000
   40.37  -71.50        0.87494        0.00000
  304.54  -13.33      -16.13435        0.00000
   36.84   42.44        1.80338       -0.00000
  124.10    0.94       -3.31189       -0.00000
  143.56    6.65        4.02368       -0.00000
   47.95  -33.94        2.72496        0.00000
  256.73  -62.15       -4.89570        0.00000
  354.16   38.79        8.33015        0.00000
  328.15   17.89       14.89797       -0.00000
  328.33    3.09      -32.19524        0.00000
  146.47  -29.34      -12.74572        0.00000
  292.81  -27.15        3.47804       -0.00000
   57.36   11.86        1.27903       -0.00000
   75.94   25.10       14.41724       -0.00000
  185.15  -63.92      -10.05148       -0.00000
  308.31  -81.54       -3.41251       -0.00000
  317.95  -14.36      -11.83565        0.00000
  191.17   13.35       19.77217        0.00000
  318.11   23.45        2.60918        0.00000
  286.53   31.82       10.46050       -0.00000
  212.75   28.26       -0.90395        0.00000
  300.80   17.34        8.88107       -0.00000
   93.82   27.50       17.86751       -0.00000
  180.77  -24.58      -12.71813        0.00000
    7.92   51.15       11.51546       -0.00000
  312.11    5.49        7.35766       -0.00000
    5.97    6.19        4.43232       -0.00000
  144.74  -38.04      -11.61678        0.00000
  271.80  -20.53       -8.80190        0.00000
  174.18   52.57        6.21906        0.00000
  269.83  -30.11      -12.22504        0.00000
  358.17    4.69       -3.97082        0.00000
  211.93  -52.97       -8.17913        0.00000
  174.68   62.75       18.22617        0.00000
   56.17  -69.57       -0.88338       -0.00000
  245.48   15.32        9.39913        0.00000
  307.86   -6.15       -4.64194       -0.00000
  231.26   85.79       -0.89269       -0.00000
  135.99  -27.54      -20.09783        0.00000
  244.67  -44.56      -16.73424       -0.00000
  321.51   50.80        7.05168        0.00000
  190.39  -27.91      -18.49956        0.00000
  100.52    0.32       -9.35904       -0.00000
  126.09   54.32       15.39957        0.00000
  204.78   59.34       11.14503       -0.00000
    5.82  -61.94        3.55563       -0.00000
  161.95  -62.38      -10.06774       -0.00000
   55.78  -62.87       -3.17190        0.00000
  271.42  -88.20       -0.37151        0.00000
   42.39  -24.47        8.63567       -0.00000
   79.47   -5.71      -10.93394        0.00000
  302.41  -71.26       -7.48617        0.00000
  173.95   31.96        4.45709       -0.00000
  217.24  -37.73       -5.45576        0.00000
  315.69  -11.71      -14.22386       -0.00000
  191.90   72.03       10.04673       -0.00000
  139.26   27.28        4.51966        0.00000
  252.88   65.83        7.27234       -0.00000
  245.43   22.10       16.72127       -0.00000
   92.34  -43.83      -15.01602       -0.00000
   50.03  -16.46      -10.22228        0.00000
   92.15  -38.20      -13.74596        0.00000
   97.89  -66.77      -10.19100       -0.00000
  300.58  -10.10      -12.92783       -0.00000
  244.40  -47.26      -15.41686        0.00000
  134.87  -44.09      -13.71607       -0.00000
  344.35  -43.31       -4.27728       -0.00000
  314.16  -29.77       -4.86206        0.00000
  186.93    5.43       20.68854       -0.00000
   86.22   17.96       19.09996        0.00000
  344.34  -22.05        8.89789       -0.00000
  239.52    0.94       -9.25661        0.00000
  209.23   -1.01       -5.45874        0.00000
  311.66    6.92        8.88408       -0.00000
   56.46   11.20        0.65109        0.00000
  310.49   -5.09       -4.32910        0.00000
  303.98    0.99       13.73412       -0.00000
  170.41   26.90        1.43494       -0.00000
   27.95  -40.95        0.57136        0.00000
  261.18   58.43       16.76401        0.00000
  319.90   16.09        2.43092        0.00000
  344.11  -26.42        1.94217        0.00000
  284.70   -7.45        5.91688       -0.00000
  251.67   72.92       -2.32824        0.00000
  132.24   -3.25      -12.95170        0.00000
  340.74  -31.02       -5.99052       -0.00000
  261.24  -10.40       -8.68822       -0.00000
  319.96   35.65        9.06783       -0.00000
   66.06   -9.26      -17.71442        0.00000
   12.71   82.52        0.67747        0.00000
  296.60  -13.73      -11.53672       -0.00000
  168.94   11.74        2.30998       -0.00000
  301.74   52.48        8.77849        0.00000
  257.37   35.71        8.02919        0.00000
  178.59   21.05        2.60081        0.00000
  130.65    8.84      -13.47855       -0.00000
  188.48   75.16        4.88826       -0.00000
  310.78  -23.61       -6.87029       -0.00000
  314.66   46.81        6.70863       -0.00000
  329.56  -73.16       -6.44917       -0.00000
  283.06  -11.39        9.57241       -0.00000
  269.69   -5.63        3.77203        0.00000
  348.96  -43.57       -3.69365        0.00000
  127.26  -47.11      -16.97368        0.00000
  292.49  -23.89        2.22205       -0.00000
  318.61  -29.17       -6.65813        0.00000
   16.13    0.81      -20.49957        0.00000
  343.18  -40.85       -8.48271        0.00000
  245.81    4.73       -9.02258        0.00000
   76.03   10.10       14.20826       -0.00000
   60.41  -38.27      -10.24993       -0.00000
  322.79   51.77        7.03614        0.00000
  166.35   -6.97       -3.45277       -0.00000
  340.60   51.66        9.61866       -0.00000
   45.02   18.43       26.63418       -0.00000
  130.02   14.45       -4.42188        0.00000
  105.25   16.38       -1.53935        0.00000
   49.89   52.97        5.20814        0.00000
  236.89  -67.56       -9.24816       -0.00000
  239.20   32.75        5.31737        0.00000
  242.32   33.38        5.41931        0.00000
  263.70    3.04        5.23879       -0.00000
   61.61  -34.00      -16.38514        0.00000
   38.75  -33.21       10.65966        0.00000
  163.22   -4.45       -0.04208       -0.00000
   45.90   37.65        9.94155        0.00000
  166.11  -49.24      -12.55821       -0.00000
  268.95   21.37       14.73777        0.00000
   68.53  -39.80       -7.78263       -0.00000
  129.21  -34.36      -17.81865        0.00000
  147.13  -25.54      -15.13860        0.00000
  316.42  -38.23      -11.00063       -0.00000
  351.69  -58.06        5.82133       -0.00000
  114.54  -51.02      -21.81560        0.00000
   52.06   47.26        6.42132        0.00000
   92.04   -4.12      -24.02887       -0.00000
  315.26  -56.17        2.58045        0.00000
   51.57    1.36      -11.09261       -0.00000
    9.00   44.62        8.65780       -0.00000
  352.23   18.77        3.42584        0.00000
  266.74   -0.36        5.51072       -0.00000
  212.58   -3.96       -8.44979       -0.00000
  160.59  -17.74      -24.95635       -0.00000
  119.82  -12.29       -1.72069       -0.00000
   55.57  -28.36      -11.56817       -0.00000
   90.61  -57.22      -11.54500       -0.00000
  145.79   61.07        4.57872       -0.00000
    7.21  -15.12      -37.85394       -0.00000
   49.15   19.13       24.44237       -0.00000
  291.69   11.35       11.31646        0.00000
  291.49   49.58       15.30165        0.00000
  148.23   68.66        3.20387        0.00000
  172.17   -1.89       10.24693       -0.00000
  304.09   65.23       12.51300        0.00000
  160.77  -27.15      -18.70501        0.00000
   87.42   25.37       18.88102       -0.00000
  312.29   59.14        9.27224       -0.00000
   45.47   19.45       28.37682       -0.00000
  359.17  -53.76        7.44293        0.00000
  147.31  -59.06      -12.91783       -0.00000
  330.44    2.67      -34.75262        0.00000
  130.06  -69.42      -15.90478       -0.00000
   90.82   -0.33      -14.90640       -0.00000
   10.94  -31.87       17.11474       -0.00000
  241.22   -2.71      -10.38927       -0.00000
  302.39    4.45       19.05046       -0.00000
  132.93    2.51      -14.73360       -0.00000
  231.51   35.63        3.73166       -0.00000
  337.49  -35.24      -11.82381       -0.00000
  243.62  -29.54       -4.39688       -0.00000
  320.90   -8.51      -20.19300       -0.00000
  335.68  -63.67       -1.80323       -0.00000
  174.08   27.60        2.39090       -0.00000
  337.79  -10.26       -8.88467        0.00000
   92.90   49.69       17.54231        0.00000
   59.85  -69.89       -1.12176       -0.00000
  142.21   60.03        4.75581       -0.00000
    9.53  -52.83        6.51616        0.00000
  135.19    0.99      -11.17637        0.00000
  291.81   73.42        4.18704       -0.00000
  315.49  -20.61       -7.94711       -0.00000
   54.99   29.19       20.37919       -0.00000
  278.31  -36.93       -4.17147       -0.00000
  303.44   -9.43      -11.86320       -0.00000
  230.24   26.85        2.49040        0.00000
   16.36  -63.60        3.78252       -0.00000
  305.13   27.06        0.46357        0.00000
   23.03  -20.94       -8.51164       -0.00000
   66.67  -73.92        0.25475        0.00000
  227.10  -68.64       -9.72449        0.00000
  293.39   27.59        1.76975        0.00000
  263.21  -16.34      -15.75888        0.00000
  357.84  -10.33      -34.83056        0.00000
   69.29   40.99       15.17275       -0.00000
   58.52  -25.80      -19.73454       -0.00000
   95.46   21.49       10.21806        0.00000
  222.43   26.45       -3.38220        0.00000
  154.20   51.64        7.76513        0.00000
  322.81   65.24        8.96711        0.00000
   99.71   34.52       19.61724        0.00000
  351.27   55.08        6.90837        0.00000
   49.30   55.49        4.41408       -0.00000
  253.69  -25.28       -7.67091       -0.00000
  219.45  -26.65      -10.06415        0.00000
   97.53  -59.56      -13.76765        0.00000
  233.84   47.04       16.31975        0.00000
   85.60   18.35       19.97173        0.00000
  193.37  -10.06       -6.90724        0.00000
  306.28  -67.74       -4.65439       -0.00000
   35.79   49.79        7.48099        0.00000
   47.90   60.20        1.88875       -0.00000
  184.75  -80.49       -4.69479        0.00000
  318.62   -2.42      -18.94790        0.00000
  325.84   44.77       11.65044       -0.00000
  322.98  -29.11       -6.53773        0.00000
  119.96  -10.92        0.81665       -0.00000
  328.18  -23.87        5.79727       -0.00000
  248.86   49.18       15.67229        0.00000
   15.74  -48.20        1.74836       -0.00000
  344.55   -5.85      -26.92624       -0.00000
   90.05  -32.65      -14.02881        0.00000
  336.97   50.43       10.68142       -0.00000
  238.99    9.43        3.09113       -0.00000
  275.93  -19.95       -0.49396        0.00000
  301.55  -46.45        5.30950        0.00000
  201.01   58.12        8.65570        0.00000
  173.46  -10.40       -5.78225        0.00000
  299.95   15.33       12.29676       -0.00000
   39.85  -21.39        0.72173       -0.00000
  208.43   28.51        1.93005        0.00000
   66.05    7.67       -0.68045        0.00000
    9.10  -27.57       13.68912        0.00000
  240.61  -61.86       -7.68578        0.00000
  137.31   29.52        4.56351        0.00000
  320.03  -78.25       -4.93834       -0.00000
  220.94   28.08       -3.62628        0.00000
  109.77    5.46        8.33006        0.00000
  126.63    5.47      -10.81080       -0.00000
  329.99  -15.09        3.03515        0.00000
   46.45  -50.86       -0.12465       -0.00000
   46.19  -21.63        1.66872        0.00000
  209.05   48.14       -1.05486       -0.00000
   96.73  -70.40       -7.32999       -0.00000
  194.18  -57.05      -10.29171        0.00000
  160.61   -6.27       -5.01800       -0.00000
  124.13  -27.80      -19.76905       -0.00000
   99.09  -28.16      -22.17820       -0.00000
  309.51   28.56        1.25084        0.00000
  325.85   26.34       11.80074        0.00000
   77.45  -26.04      -17.24666       -0.00000
  151.41    7.56        8.46390       -0.00000
   30.44   25.15       21.07056        0.00000
   47.46  -69.98        0.17244       -0.00000
  215.39  -19.71       -7.40892       -0.00000
  264.71  -10.76       -7.55371       -0.00000
  240.43  -76.43       -8.25945        0.00000
  203.46    9.12       13.24355       -0.00000
  336.60    0.63      -39.35116        0.00000
  297.70   40.64       10.50642        0.00000
  332.07   24.22       17.51089       -0.00000
  359.65  -21.04      -15.92149       -0.00000
  116.27   28.40       27.81133        0.00000
   86.85   58.29       20.11483        0.00000
  352.78    3.46      -18.61781        0.00000
    7.75    2.56       -5.83493        0.00000
  104.36   18.68        2.71359        0.00000
  355.65   82.64        0.59398        0.00000
  359.23   37.30       11.42337       -0.00000
  233.83  -64.29       -8.77970        0.00000
  250.22  -34.86       -9.85718        0.00000
  153.21   80.91        0.90554        0.00000
   98.38  -54.99      -16.60443       -0.00000
  178.81  -43.58       -8.69747       -0.00000
   73.16    7.86        8.14035        0.00000
   14.01   17.91        4.82256        0.00000
  109.44  -24.00      -13.85276        0.00000
  301.48   46.77        8.65748       -0.00000
  146.71   13.09        5.01286        0.00000
  350.57    2.11      -25.57276        0.00000
  319.22  -48.53       -5.36457       -0.00000
   54.36  -32.77       -7.47175        0.00000
   80.73  -13.77      -20.14114       -0.00000
  320.42  -50.06       -3.40739       -0.00000
  187.83   25.21        3.93693        0.00000
  328.30   62.40        6.69885       -0.00000
   75.53  -33.34      -11.74120        0.00000
  310.02   16.02        4.99244       -0.00000
  144.06   81.92        1.02962        0.00000
   81.27  -29.68      -12.31030       -0.00000
  333.70  -40.90      -11.63848        0.00000
  236.11    2.08       -4.08095        0.00000
  270.97   67.02        5.66894       -0.00000
  287.56    4.03        5.20313       -0.00000
  168.79   30.54        3.68520        0.00000
  205.41  -25.07      -14.62514        0.00000
  328.98   31.83       11.88523       -0.00000
  336.67    6.37      -24.03319       -0.00000
  127.26   -6.59      -10.37624        0.00000
  141.13   -5.61        0.89508       -0.00000
  137.05  -44.57      -13.07672       -0.00000
  235.34   10.77       10.21566       -0.00000
  271.36   16.63       11.04129       -0.00000
  110.59  -58.69      -18.89544       -0.00000
   15.44   -7.63      -44.59378       -0.00000
  202.01  -32.63      -16.93045       -0.00000
  296.14  -44.75        7.66015        0.00000
   27.10   38.79        6.84449        0.00000
   75.11  -60.09       -6.71245        0.00000
  293.48  -34.95        4.79727       -0.00000
  231.52  -53.95       -9.68039        0.00000
   31.24  -28.26       14.26478        0.00000
  261.71    7.58        4.62365        0.00000
  265.25   32.48       17.12545        0.00000
   73.83   30.75       10.94150        0.00000
  328.64   -5.00      -33.55087       -0.00000
  308.16    5.64       15.87352       -0.00000
  257.51  -40.55       -8.74767       -0.00000
  116.77   33.12       25.60301       -0.00000
  304.27  -12.12      -15.36554       -0.00000
  322.10   60.57        7.87128       -0.00000
  327.03   -6.88      -27.97683       -0.00000
   87.32   19.94       18.72876        0.00000
  171.86  -46.04      -12.18905       -0.00000
    6.04  -70.83       -2.42320        0.00000
  125.45   34.05       15.72209       -0.00000
  346.16  -12.98       -5.58569        0.00000
   62.97   68.35        3.50824       -0.00000
  198.18  -61.16      -11.90688       -0.00000
   59.87  -23.51      -23.38433        0.00000
  185.85   48.03       -3.85430       -0.00000
  297.60  -35.70        5.77947       -0.00000
  138.92   64.87        2.21053       -0.00000
  167.57  -25.38      -15.58854        0.00000
   88.25    7.21        2.48027        0.00000
  219.11   24.43       -3.31866       -0.00000
  172.21   -6.14        2.13940       -0.00000
  314.04  -19.78       -9.60638       -0.00000
  104.33  -14.29      -23.63374       -0.00000
   69.15   19.20       10.09843        0.00000
  188.51  -56.56       -8.89790        0.00000
  331.32   40.96       13.86157        0.00000
  177.95   11.18       15.18155        0.00000
   54.07   30.64       20.21961       -0.00000
  188.88   62.24       18.38998       -0.00000
  319.87    6.67      -10.88953       -0.00000
  193.39  -63.00      -11.22734       -0.00000
  209.60   31.89        4.54046       -0.00000
  349.13   23.66        3.42238       -0.00000
  133.31   33.98        7.29897       -0.00000
  261.89   54.75       18.86847       -0.00000
   28.06   54.54       14.42216        0.00000
  210.94  -15.23       -4.69697        0.00000
  215.31  -30.05      -12.03628        0.00000
  290.55  -65.55       -2.09209       -0.00000
  338.38   52.17        9.22656       -0.00000
  259.23    6.74        2.80265        0.00000
   26.94   29.16       21.31043        0.00000
  273.82  -10.54        4.90853       -0.00000
   45.96  -30.42        8.19431        0.00000
  173.94  -47.61      -10.26219       -0.00000
  114.06   -3.47       20.54035        0.00000
  312.81   27.84        1.28802        0.00000
  351.14  -24.21       -5.00351        0.00000
  209.67   33.78        6.16278       -0.00000
  331.39  -26.17        4.94160        0.00000
    1.51  -77.43       -1.53466       -0.00000
  258.28  -10.29       -8.56405        0.00000
  153.46   66.61        5.62634        0.00000
  287.25  -23.46        4.82157       -0.00000
  157.23    9.44        2.88574       -0.00000
  320.53  -25.28       -3.57206        0.00000
  159.93   43.24        2.22336       -0.00000
  339.08  -21.50       16.07857       -0.00000
   43.65   11.53       11.55564        0.00000
   11.34   39.65       12.38521        0.00000
  280.88   73.22        1.69323       -0.00000
  130.88    7.65      -14.58614       -0.00000
  264.20   52.93       19.29299       -0.00000
  240.66  -53.86      -10.32120       -0.00000
   78.17  -31.37      -11.87828       -0.00000
   64.01   -7.84      -16.71236        0.00000
  256.30  -19.31      -12.73966        0.00000
  179.33  -55.17       -7.32941        0.00000
   18.56   -3.44      -32.43693        0.00000
   38.46  -78.27        1.61231       -0.00000
  147.87   43.48        7.27986        0.00000
  132.21   14.08       -6.16659        0.00000
  327.62   19.31       15.40105       -0.00000
  150.37   55.71        8.07649        0.00000
  157.58   -9.59      -12.86321        0.00000
   88.35  -28.27      -17.82074       -0.00000
   85.87  -15.85      -29.17806       -0.00000
   86.43    9.44        9.53310       -0.00000
  337.99  -28.77        0.22313        0.00000
   94.32   42.60       13.21293       -0.00000
   83.99  -18.72      -24.44567        0.00000
  304.23  -35.65        3.25504       -0.00000
  284.51  -82.78       -3.27267       -0.00000
  231.40  -57.23       -9.00084        0.00000
  225.64  -15.38       -2.57514        0.00000
  267.10  -17.67      -13.87776        0.00000
  103.11   25.37       18.22958       -0.00000
  322.05  -54.02        0.85891        0.00000
  349.73  -39.49      -10.03088        0.00000
  335.09   -8.44      -18.73705        0.00000
  104.42    4.51       -2.18810        0.00000
   21.41   44.88        7.06111       -0.00000
   73.21    3.30        1.82581        0.00000
  186.28   12.88       19.65035        0.00000
  209.98   16.20        7.55389        0.00000
  347.68   42.98       10.53362        0.00000
  124.40    9.06       -4.64066        0.00000
  117.53   15.23       10.96050       -0.00000
   50.45   21.66       26.36397        0.00000
  120.39  -54.37      -20.15182       -0.00000
  280.36  -10.64       10.31019       -0.00000
   43.80  -26.20       10.16880       -0.00000
  173.80  -24.93      -11.52770        0.00000
  216.62   43.04        7.32536        0.00000
  180.91  -69.50      -10.23997        0.00000
   18.85  -32.80       19.88446       -0.00000
  248.02   12.67        3.46692       -0.00000
  191.87  -20.64      -15.26982       -0.00000
  226.21   20.83        5.75222       -0.00000
  144.64    1.53        8.37994        0.00000
  323.00  -39.74      -15.14670        0.00000
   83.88    2.99        1.45186        0.00000
   60.58  -12.72      -20.89572       -0.00000
  115.73  -63.61      -17.81909        0.00000
  337.17  -39.50      -11.49762        0.00000
  160.19  -72.76      -11.21846       -0.00000
  122.26  -62.83      -18.99024        0.00000
   51.90  -26.11       -3.34827       -0.00000
  307.14   46.68        6.67175       -0.00000
  319.14   -7.42      -19.32792       -0.00000
  272.74   57.04       17.49290       -0.00000
  245.20    8.41       -3.99331       -0.00000
    7.61   -6.24      -37.73890       -0.00000
  336.51    6.08      -25.12528       -0.00000
   47.46   24.77       31.75404        0.00000
   32.92    3.47       -2.81055       -0.00000
  208.98  -13.77       -3.87169        0.00000
  117.63   50.56       20.15303       -0.00000
   12.75   -3.07      -30.14567        0.00000
  275.34  -42.58        1.41251        0.00000
   70.69   44.89       16.05757        0.00000
  183.95   26.97        3.54386        0.00000
  242.61   34.50        4.51207        0.00000
    4.95   -8.51      -41.32184       -0.00000
   94.63  -62.02      -11.47039        0.00000
  348.88  -25.55       -2.90238        0.00000
    4.01  -43.35       -3.06992       -0.00000
  263.12   43.01       14.57234       -0.00000
   91.78    4.66       -7.88593        0.00000
  172.53   13.86        3.83408       -0.00000
  279.56   31.92       17.63997       -0.00000
