  7.831814716484709E-004
 -8.147168041336687E-004
  8.071654558048877E-004
 -1.146970564552991E-002
  1.773712995556773E-003
  1.476882643814837E-003
 -9.064634207379890E-004
 -1.785840402081951E-004
 -4.278617134664701E-003
  3.141692390551737E-004
 -2.943262049816149E-003
  8.125666580932441E-004
 -7.100050028000008E-005
  5.213995255931150E-004
 -3.246546745954251E-004
  3.850692729400697E-003
 -6.270588467328623E-003
 -4.270439812371760E-004
  9.436730430390810E-004
 -7.153430704792072E-004
  1.306167043362689E-003
 -9.569052001539041E-005
  5.329873801547392E-004
 -1.018332832593419E-004
  2.744769098701629E-003
  2.327861153665362E-003
  1.345357899121676E-003
 -5.443271569537342E-004
 -9.298361556722311E-004
  3.700644731723265E-004
  1.943192376697017E-005
  4.625839224761971E-004
 -1.956662654168906E-004
 -9.692681930414799E-005
 -6.347739394294257E-005
 -4.218364938293107E-003
  5.125505489824158E-003
  1.821919382367108E-003
  1.722834063226782E-003
  2.106517357847045E-003
 -2.427699459753262E-003
 -9.574199140393838E-004
 -1.317327853230206E-003
 -3.545173777283357E-004
 -7.398097338588193E-005
  4.810057147192175E-004
  9.245055376226526E-005
  3.899841706327623E-004
 -2.011039073706732E-004
  6.021371672313715E-004
 -8.363569005035170E-004
  2.206221105542595E-003
  1.349099762930294E-003
 -1.910254942275700E-003
  1.675758345719752E-004
  5.489911496421795E-004
 -3.288001441684967E-004
 -5.056328957433705E-004
 -5.796523725623451E-004
 -1.105035032089027E-003
  4.537642950137254E-004
  4.656052828929199E-004
  2.062878464690787E-004
  2.314836752024748E-003
 -3.761459285003999E-003
  8.843597681661021E-004
 -6.213728887280060E-004
 -1.883154768275803E-003
  2.074367458961338E-003
 -1.057958110257328E-003
  5.790065706457919E-004
  1.334211215389489E-003
  1.508016635292750E-003
  6.065812887854592E-004
 -2.307719499550123E-004
 -1.353082333662973E-003
 -5.113691819388927E-004
 -8.053011543133915E-005
  5.072999231852249E-004
  1.071199061820073E-004
  2.234475233097200E-003
  2.210777183218395E-003
 -2.000100988239474E-004
 -1.229113459364078E-003
 -1.086365642157990E-003
 -4.213177425513038E-004
  2.614091044596569E-005
 -1.199783676208117E-003
 -1.865268755569410E-003
  7.281316402849799E-004
  2.720719193405639E-003
  8.947261533433490E-004
  2.605606329375753E-004
 -1.108633201823340E-003
  4.004779398079543E-004
 -2.568303223687836E-004
  5.846079776377119E-004
  2.404154042865985E-004
  3.047998585104624E-005
 -7.010185815275158E-004
  1.914558093955241E-003
 -3.392158107391027E-003
  1.633613009104407E-003
  4.072305764104874E-004
 -1.321199697571130E-003
  1.697336694598566E-003
  2.964087368243240E-004
 -5.152854753714996E-004
 -1.839210323623614E-003
 -1.107554149568386E-003
  3.788261545629661E-004
  1.012973056475241E-003
  9.609190794431493E-004
  7.248082581331991E-004
 -1.328363578815999E-003
  3.558080001087012E-004
 -5.817867626551705E-004
  1.436333830815206E-003
 -4.612711755036876E-005
  4.024963098018929E-004
  1.418836313467975E-003
 -1.685642591146378E-003
  2.130847222445103E-003
 -4.753724450888881E-004
 -5.247580624563025E-004
 -8.013183488130676E-004
 -2.915967655125977E-004
  7.937804289442846E-004
  3.044645149794635E-003
 -4.230582728776744E-004
 -2.314977768694222E-003
 -4.259888712221567E-004
 -6.624175604003761E-004
  5.497777597615572E-005
 -8.518453307544909E-004
  5.406353706882152E-004
 -1.048159076960199E-003
 -7.492530248590287E-005
 -1.558458709298804E-004
 -5.496578185717202E-004
 -5.729098653120785E-004
  4.305787905501106E-004
  3.301631489297032E-005
  1.582509455990643E-003
  1.007068452981500E-003
  1.781985589969246E-003
 -2.438123907769275E-003
  2.031860998656204E-004
 -1.125336051668326E-004
 -3.014133403761748E-003
  1.312481016403358E-004
  4.857197679124315E-004
 -1.292198362916399E-003
  2.695895560777476E-003
 -2.722780450521456E-004
  6.005973933510243E-005
 -1.336266137616546E-003
 -1.328580312021156E-003
  7.554758368401225E-004
 -5.255865817833357E-004
 -7.617564176158217E-004
 -1.800246494313245E-003
 -7.879542616577192E-005
 -1.271412971780160E-003
  2.428471045344708E-004
 -2.158107448480868E-004
  3.424501257853915E-004
  2.732070693286279E-004
 -2.361985608832488E-003
 -1.744828524251099E-004
 -1.313308747526490E-003
  5.268355788207913E-004
  5.370158447519662E-004
  1.458438646188450E-003
  1.603325452536598E-003
 -1.209065292107536E-003
 -2.070188822314694E-003
  7.753898637020267E-004
  1.026092700414008E-004
  2.568922778074908E-004
  7.411872912253271E-004
  4.778291460165728E-004
 -1.425513977933276E-004
 -2.715573391304966E-004
  4.567361489888217E-004
 -3.963172569205896E-004
  1.372773457683761E-004
  1.062830805344430E-004
 -6.856909655256611E-004
 -6.743863271417314E-004
 -5.171121250089113E-005
 -1.066969162822612E-004
  2.567394409833401E-004
  1.151851032827027E-016
 -1.216803200052448E-016
  1.840450082862557E-004
 -2.094256984380058E-003
 -2.098603108822623E-003
  1.141610120292681E-003
  1.392157779733011E-003
  1.629280119213344E-003
  3.163733038156694E-003
 -7.285239908578855E-004
 -8.924543509264865E-004
  1.729012196118763E-003
 -2.752494382902810E-003
 -8.420915293913153E-005
 -1.994611484861917E-004
  1.556923599807255E-003
  5.906656948350414E-004
 -1.208653451761355E-004
 -1.923349151584395E-004
  6.651958258761412E-004
  8.195617984907516E-004
  1.928272101308550E-004
  8.073742123765250E-004
  6.684222108435327E-004
 -5.163012827396272E-004
 -5.322075378478657E-004
 -4.245957315879796E-004
 -3.438583759867631E-004
 -5.233621297889246E-004
  1.161744768589895E-016
 -1.095492947361096E-016
  8.709324606115218E-015
  2.376669855977753E-014
  1.859202803403691E-015
 -5.952962826266679E-016
  3.179416930756898E-015
 -3.903294099513436E-015
 -1.414731207657872E-014
  1.426852224090014E-015
  1.266988562749792E-015
  4.463163848991514E-016
 -3.100183060118603E-016
  8.205129357201491E-017
  1.073798604442099E-016
  2.026403352529950E-017
 -8.554211911640118E-017
  1.544496134152351E-016
 -5.374260345006926E-017
  7.771094973207400E-017
 -6.950384654733592E-017
  4.740827623218217E-017
  2.531229928398440E-018
  5.813369496037702E-017
  3.665750372226286E-017
  1.105829099929938E-016
 -1.217538618224433E-016
  2.055180392356924E-016
 -1.383063220934317E-016
 -7.363794079196759E-017
 -7.880389376383918E-017
  1.542633922230103E-016
 -6.199432133063818E-017
 -5.246932694874692E-014
 -1.773922185266943E-014
 -2.984940145928656E-014
 -9.085064183383922E-016
  6.607588749603059E-016
 -1.527270869956902E-014
 -1.683958895612508E-014
  1.902999903900330E-015
  2.155979934113129E-015
  4.308024678397785E-016
 -8.974146698044505E-016
 -5.127020395947575E-018
 -1.234588947246409E-017
  2.784257475484254E-016
 -1.735078340278704E-017
 -1.575892230311169E-017
  4.011457675261162E-019
  8.403763381883489E-017
 -6.858891308372872E-017
  3.400845199475169E-017
 -5.468238498016183E-017
  1.078488896122098E-016
  4.647326863784072E-017
  1.830475442572570E-016
  7.514557338879305E-017
  9.245568645986644E-017
 -2.127280954540586E-016
  2.267558976781476E-016
 -1.486215280708116E-016
 -7.992197118183744E-017
 -9.793504608593029E-017
  2.019650190382962E-016
 -1.219886708840735E-016
 -5.337593718880545E-015
  4.219897357373615E-014
  3.485412700669464E-015
  6.764912291260275E-016
  9.433486942308376E-016
 -4.500334718018647E-015
 -1.645456106806362E-014
  4.195823346459201E-015
  3.665747078671384E-015
  1.955098495098106E-017
  7.686689194419485E-017
 -4.138119306327748E-018
  1.210780061188001E-016
  7.129954591481267E-017
 -7.622583487590141E-017
  1.265641147395139E-016
 -7.122381018932401E-017
  3.578921087953110E-017
 -4.698885336043203E-017
  8.510891794148379E-017
  1.546436762416188E-017
  4.985483840926663E-017
 -2.427918154342762E-017
  1.705473033941987E-016
 -6.996151773358750E-017
  9.678184242605619E-017
  2.661388694351934E-017
  4.895645149766023E-017
 -1.626658926258993E-016
  3.049425463068689E-016
 -3.410303404160592E-017
 -1.283149885802188E-016
 -3.726462522209954E-017
  1.787395490703402E-016
 -1.644916839566488E-016
  4.736564459735860E-015
 -1.582698531300088E-014
 -2.504330058669393E-014
  2.835467967461490E-015
  1.780582511474955E-014
 -1.433930012741464E-014
 -1.555817241404496E-014
  3.736383654536484E-015
  4.245910275389967E-015
 -4.962215606383118E-016
  9.704362046537170E-016
  5.056657463504315E-017
  2.179111466727781E-017
  1.633766462662114E-016
  6.619978517632593E-018
  1.556130235553159E-017
  1.675693953245112E-017
  1.137770565587910E-016
 -1.310586087736671E-016
 -3.179329296185966E-017
 -3.044783241757717E-017
  1.569493646561390E-016
  9.341606490578796E-017
  2.113725017091503E-016
  3.430019416666414E-017
  1.060369569953221E-016
 -2.084720472227669E-016
  1.358643615800076E-016
  6.680061662450916E-019
  1.091446444598779E-016
 -1.631047566888032E-016
  4.150470995502284E-016
 -1.795249845138376E-016
 -9.629067969813928E-017
 -2.112413353781660E-017
  1.873785109392471E-016
 -2.181531681202485E-016
 -2.328287682055675E-014
  4.727019868597466E-014
  4.116366023293205E-015
  2.229964912687758E-015
 -2.300538298041334E-015
 -3.093814851146143E-015
 -1.235129052601570E-014
  6.508296434097343E-015
  5.751709727079053E-015
 -6.531040526337942E-016
  6.127797213828441E-016
 -5.905298205713259E-017
  4.324313733808453E-017
  9.790473425010607E-017
 -3.771203809773449E-017
  2.594114937451166E-017
 -4.377646511301146E-017
  4.612450802664723E-017
 -3.997799804442281E-017
  1.712702027528792E-016
 -5.752398304685209E-017
 -3.634671810349653E-017
 -1.178013455965905E-017
  2.116051292511324E-016
  1.868255418405616E-017
  6.134060397471143E-017
 -3.102625758863617E-017
 -1.265449581143428E-017
 -1.204064885472038E-016
  2.189578997695238E-016
  9.489498010668151E-017
  9.039067143425646E-017
 -1.364685007811748E-016
  3.530415423313535E-016
 -2.898461687064993E-016
 -2.003292932001192E-016
  3.282888797580886E-017
  1.427081105823685E-016
 -1.709146753088681E-016
  7.716337519851896E-014
 -7.758731918299599E-015
 -1.019795788084139E-014
  6.606759171605619E-015
  3.535234784972811E-014
 -6.534430339953892E-015
 -6.459553518738600E-015
  4.908148340694200E-015
  5.617494122204579E-015
 -1.801294592960966E-015
  3.506002763925127E-015
  1.275630569210435E-016
  5.523089633280435E-017
  2.957581905424893E-017
  2.403492078036226E-017
  5.525465071226107E-017
  2.995964342698896E-017
  6.069314645526027E-017
 -7.487658641746681E-017
 -5.136715145592648E-017
 -4.065111443080471E-017
  2.470624848479969E-016
 -8.525898259481137E-018
  1.732620121927183E-016
  3.957352238642192E-017
  1.772817927519012E-016
 -1.226967348210045E-016
  1.132908328240897E-016
 -8.739531094707063E-018
  7.076360189453647E-017
 -4.873325182991925E-017
  3.191861568132374E-016
 -3.073064919262348E-017
  1.044962274831698E-016
 -1.895745270585059E-016
  3.554398971625750E-016
 -4.015730745929563E-016
 -1.081911981497933E-016
 -2.421876517074135E-018
  1.832718142799774E-016
 -1.457891241783665E-016
 -3.880072581836904E-014
  3.337184889198457E-014
  2.934098865799884E-015
  3.392618476098767E-015
 -5.385975892802622E-015
  5.540099633612572E-016
 -1.444739710325953E-015
  7.328034881904227E-015
  6.464108327843959E-015
 -1.400169777432024E-015
  1.113886886510330E-015
 -1.214774716941053E-016
 -8.483281227828582E-017
  9.391578395916117E-017
  9.162580437423962E-018
 -4.464924553938477E-017
 -2.639299446028249E-017
  5.657667796638462E-017
 -2.852624294630838E-017
  1.195673065014375E-016
 -6.540663877654713E-017
 -5.161764872143989E-017
  1.813789253347436E-017
  3.331990090577915E-016
 -3.473312358100848E-017
 -4.877278429785786E-017
 -4.408367035816695E-017
  1.151921857167272E-017
 -2.839753491889947E-018
  2.209870122885382E-016
  8.650126095146235E-017
  1.183462490450420E-016
 -8.958457399728394E-017
  2.606808886652080E-016
 -1.312062713796009E-016
  2.855212183647442E-017
 -1.858402653771083E-016
  3.282736366826546E-016
 -2.529763142386508E-016
 -1.041681171187753E-016
  9.780659691391190E-017
  2.013420071989207E-016
 -2.134242844784535E-016
  1.366663977096964E-013
  5.347459771492946E-015
  1.288903483507003E-014
  8.900216428883097E-015
  4.544582334457060E-014
  7.121082716125099E-015
  9.362928370847611E-015
  4.705917293113947E-015
  5.393715920329511E-015
 -3.140604372457380E-015
  5.921079090195701E-015
  1.839290087370328E-016
  7.084343138834534E-017
 -6.326020317454945E-017
  3.476925084766781E-017
  6.191675212782368E-017
  2.903515823329175E-017
 -1.374961560721077E-017
 -3.337748603632740E-017
 -5.217606860462520E-017
 -2.511025155110908E-017
  1.946092949574906E-016
 -2.730105848737388E-017
  1.421590903348157E-016
  2.227336794156623E-017
  2.746333344638032E-016
 -1.911399931291823E-016
  5.242874435086599E-018
 -4.388295787924992E-017
  1.123505494703914E-016
  9.981406814672357E-017
  3.360223256385858E-016
 -2.442996705826602E-017
  1.436190788410294E-016
 -1.875680457393304E-016
  2.453206228186726E-016
 -2.121409185794101E-016
  1.171127179942589E-016
 -2.041089828323925E-016
  3.470926029572535E-016
 -2.534185674328773E-016
 -1.572740011444237E-016
  5.059089120315683E-017
  1.859363921919498E-016
 -1.415025933681982E-016
 -4.429259141698765E-014
  2.221491365999629E-015
  1.239626550459116E-016
  3.665845915112485E-015
 -7.041221019978767E-015
  5.751049467247106E-015
  1.372221260846238E-014
  5.876631697418042E-015
  5.100810076452431E-015
 -1.952412442657545E-015
  1.587160273281195E-015
 -1.598473520325733E-016
 -2.652121547727466E-016
  1.022478937372856E-016
  3.714814081105946E-017
 -9.422125586526260E-017
  9.182534291625815E-019
  5.323617460689278E-017
 -9.012030245090072E-018
  3.729647125033470E-017
 -5.017521757740880E-017
 -2.938379199764153E-017
  4.863643012361939E-017
  3.046995504235512E-016
 -8.378334133921926E-017
 -8.914001735647873E-017
 -4.295962614822504E-017
  1.432389143739246E-016
 -6.124990227206900E-017
  8.851650517292913E-017
  6.648145481480252E-017
  1.888968306842477E-016
  7.897404789734803E-017
  3.082786890479782E-016
 -1.212917952219749E-016
  1.525550474575281E-017
 -2.065082158593914E-016
  2.918932931111367E-016
 -7.738350347969606E-017
  1.351868924925274E-016
 -1.163316490448542E-016
  4.922654782050371E-016
 -4.523541705721615E-016
 -4.704516319354029E-017
  3.678220862657403E-017
  2.348011417816012E-016
 -2.610076870544884E-016
  1.548822713774659E-013
  2.000136254054358E-014
  3.797049600964616E-014
  8.429549426478855E-015
  4.125906170263756E-014
  2.279825513112415E-014
  2.746291295515341E-014
  2.781890052102884E-015
  3.141171625925181E-015
 -3.818273595395759E-015
  7.237402617682465E-015
  2.358630353094558E-016
  1.026999570028681E-016
 -1.549145293121301E-016
  9.801545566878728E-018
  4.634245030918707E-017
  4.410398544762191E-017
 -1.142282346272717E-016
 -1.276603121028539E-017
 -4.096570302591368E-017
 -4.448819356953580E-018
  9.065879922888771E-017
 -2.175233660238466E-017
  1.590333342895095E-016
  5.549145384854355E-019
  2.770923260139781E-016
 -2.189070039949805E-016
 -4.129557569975395E-017
 -6.977657944564957E-017
  2.402224770290599E-016
  9.235550935765450E-017
  1.946754698923057E-016
 -1.726929339944051E-017
  2.284182848158169E-016
 -5.073585715205795E-017
  2.873421111851106E-016
 -2.448221297124786E-016
  9.260063214695628E-017
 -2.081953207291569E-016
  2.080703930546394E-016
 -8.707441540366797E-017
  1.223810694498921E-016
 -1.185780290828552E-016
  2.671785004248108E-016
 -2.553802326176820E-016
 -1.930796652906979E-016
  1.060889970568632E-016
  1.994418225158770E-016
 -1.866822608576465E-016
 -3.408291574693243E-014
 -3.691550981918851E-014
 -3.504611505753056E-015
  2.669789390258637E-015
 -6.331220765313321E-015
  1.060999149549806E-014
  2.828475810054503E-014
  1.997114127334000E-015
  1.601949370182181E-015
 -2.078685649064636E-015
  1.767318548238981E-015
 -1.972585050151432E-016
 -4.019305820432760E-016
  1.190324038082620E-016
  3.848822563743872E-017
 -1.149852843962606E-016
  2.836428926083939E-017
  7.917182689812079E-017
 -9.475003264606092E-018
 -3.906665380344013E-017
 -6.476855043389993E-017
 -1.195476032202386E-017
  5.609361790073823E-017
  2.145930695384642E-016
 -1.296661079676746E-016
 -1.009428790454540E-016
 -5.041711403974367E-017
  1.737339822993709E-016
 -1.106669314571262E-016
 -2.227558598794956E-017
  4.958682574806369E-017
  3.394376843985666E-016
  8.109057982791110E-017
  2.067561455158528E-016
 -8.933751921936467E-017
  6.153198368292022E-017
 -7.502244854973876E-017
  3.106403305017337E-016
 -1.211894153395632E-016
  8.664628966610661E-017
 -2.083261865270073E-016
  5.163964595109017E-016
 -3.244737365853617E-016
  1.425407939184787E-016
 -1.850289194279645E-016
  4.772348845687281E-016
 -4.013357562562207E-016
 -2.281478643171286E-018
 -1.459362102517377E-017
  2.320744295288202E-016
 -2.974660778437408E-016
