   11.0788663577384     
   14.3831350628010     
  -22.6857595648446     
  -12.6371733723049     
  -4.78201679613944     
  -22.5435062324159     
 -0.716451364628125     
  -11.5315681795912     
  2.114204602297530E-002
  -3.88874294359676     
   6.17679287420362     
  -2.25215361115538     
  -5.35524787079549     
  -8.88048209798407     
  -3.84755723178740     
  -1.98731372032778     
   2.35123923317780     
   2.10034121051037     
  -8.77603528624968     
   2.41517821412651     
   5.65574557083750     
   5.05362068972007     
  -1.97919337667404     
  -1.12625742949959     
  -1.38384259842793     
  0.447142321564113     
 -0.148244135424781     
  -2.19067887415402     
   2.81293495593535     
  -1.16937625613961     
   2.09827758049586     
  0.557442673732794     
   3.76877721819330     
 -0.251316309573542     
 -0.483960670305281     
  0.125048171562565     
 -4.161954271098549E-002
 -0.154925051080473     
  0.474089278756536     
  -1.12982525324566     
   1.35499468641156     
 -3.594571046676158E-002
  -1.85108206896238     
  -1.10567771877968     
 -0.245025416234889     
  0.487415154651080     
   1.31020875492519     
   1.16545023699068     
  0.169510820397421     
 -0.280622740332087     
  0.732955228207106     
 -0.686666343887568     
  0.216757904352621     
   1.16819361570969     
 -9.609169692063192E-002
  0.525522502516196     
 -0.293412540278837     
  0.548278362968689     
 -0.825867407054325     
 -0.843294494459310     
 -0.180656034072464     
  0.644206567126979     
  0.254578032751776     
  0.169455450103938     
  7.321169045765132E-002
 -9.025105749352641E-002
 -0.408161522864877     
  0.204673666372391     
  0.135283529226845     
  0.136388627634304     
 -0.162411639350627     
  0.388358144522543     
  0.154009988578324     
 -3.716034803450026E-004
  0.570243793960764     
 -0.242931000286204     
 -0.659041253768995     
  0.277266088475804     
  0.142731623946487     
  0.338191546412103     
  1.013458466768950E-002
 -6.205997117862080E-002
 -0.148623278823583     
 -2.871920358013618E-002
 -6.837718233365182E-002
  0.114264047840601     
  0.111597822142646     
 -0.118570365230863     
 -0.177285400733306     
 -0.216348868552810     
  0.159225075804243     
  0.237558716372704     
  6.684940836147719E-002
 -7.674705815939080E-002
 -0.235068095757409     
 -0.144166135268904     
  0.136587700029448     
 -0.159321253329447     
  0.372441298394553     
 -7.838520895378602E-002
  2.372440489489339E-002
 -1.186225259458597E-002
 -5.390846561698536E-002
 -2.191206789981327E-002
  7.310683233059995E-002
 -2.784322203036182E-002
  9.018850046780723E-002
 -6.775628387091756E-002
 -7.434323067065417E-002
 -0.134967714627654     
 -3.286532823483410E-002
  8.188812199827616E-002
 -5.643784978017212E-002
 -0.122529561178686     
  4.322082927325783E-002
 -0.100949904392088     
 -9.674889240268288E-002
 -5.785940285828386E-002
 -0.162556072581632     
  4.022669056047735E-002
 -1.228652269278863E-002
 -1.034768952001561E-002
 -3.374916931493058E-003
  2.092676673789849E-002
  1.987522266330951E-002
 -2.933077948269761E-002
  2.441091131639477E-002
 -2.305472788570807E-003
  5.584428216697000E-002
  7.161282229369954E-002
 -1.300018350539399E-002
 -4.445559799415131E-003
  6.659371044968984E-002
 -2.142937141589202E-002
  3.536164622773923E-002
 -5.440431602281565E-002
 -2.866414229643782E-002
 -1.245411748110585E-002
  1.587836096059542E-002
  7.605993261867787E-005
 -2.095497545243295E-002
 -7.016905130260033E-002
 -0.120136750625461     
 -4.490901474184598E-003
 -6.139097403362576E-003
 -1.063901187970940E-002
 -2.095924701402479E-002
  4.150555486700678E-003
  1.897383588567151E-002
  2.636821708579250E-002
 -5.768250167079977E-002
  3.201889858146288E-002
  4.992970733038866E-002
 -7.474142620891285E-003
  1.901620012229641E-002
  3.793125957982359E-002
  3.276482352398258E-002
 -3.157670252266374E-003
 -1.556254477328434E-002
  4.196924795790181E-002
  6.543146910189313E-003
  5.953366112951293E-003
 -8.144073843828961E-002
  7.757320153963619E-003
 -2.344318148193416E-002
  3.819443574581725E-002
 -1.043868288725469E-002
 -5.284715142084996E-003
 -9.312251935735616E-003
  8.699570331849317E-003
  5.055503551105094E-003
 -3.692525627485767E-003
  3.476320415250481E-003
  1.549319414971480E-002
 -1.251902537808104E-002
 -2.642831398331421E-002
  2.042646464059890E-002
  1.630911172316786E-003
 -3.033221282336581E-002
  3.790282914007580E-003
  1.750543014859678E-002
  6.719034572700059E-003
 -1.832496495970063E-002
  2.747165054799717E-003
  2.352730079639330E-003
  1.414420658085331E-002
 -9.854066601598434E-003
  9.445868268210231E-003
  3.572719828691062E-003
 -1.922093926888524E-002
 -3.256599101432008E-002
 -3.398200968788293E-002
  1.312000505534699E-002
 -1.891114408488212E-002
  5.910389754669470E-003
 -3.412898889684350E-003
 -7.101891283181697E-004
 -4.962315563953885E-004
 -3.335314079575036E-003
  8.580232814128581E-003
  2.202057841905585E-003
  1.454710331779384E-003
  2.890789334590885E-004
  3.793981762634637E-003
  6.631437487704424E-003
 -7.176315708314813E-003
 -4.837274489996186E-004
  9.272345886272312E-003
  2.752164379363127E-003
 -7.793803208086164E-004
 -5.351056509286784E-003
  4.739698632441791E-003
  1.312621853479932E-003
  4.877881741742348E-003
  1.550590955417738E-003
 -1.457049639242293E-003
  6.190182953341468E-004
  2.621004605007635E-003
  7.045890718409492E-003
 -7.798689614197418E-003
 -2.838822156631047E-003
 -8.556433687425754E-004
 -5.737396905106085E-003
  3.869437168351143E-003
 -3.729636954556971E-005
 -1.076943601376014E-003
  2.150671027814778E-003
  1.731916854511639E-003
 -2.121063245811716E-003
 -8.246420124991303E-004
  2.583909756024870E-003
 -9.455508513020089E-004
 -5.896344491822537E-004
  4.746590299270179E-003
  4.674294913022343E-005
 -1.536837339010926E-003
  2.280049473230177E-003
  1.767931660847490E-003
 -1.087695249093395E-003
 -5.640243635766550E-004
  3.423168390772426E-003
  9.578790620277427E-004
 -1.845938889986209E-003
  6.641348755804967E-006
  7.915149081816219E-004
  3.392582125898416E-004
  4.401653971736992E-004
 -1.952696557170724E-003
  6.436753972680429E-004
 -1.154412350512603E-003
  1.712301199185881E-003
 -5.415068849000808E-004
 -1.098799496986709E-003
 -1.376131545345586E-003
  1.514814322724399E-003
 -1.249368597804105E-003
  1.556313358886580E-003
  1.526810125112892E-003
  1.701000431807699E-003
 -4.636732937162755E-004
 -9.463053188112834E-004
 -5.180309136030259E-004
 -7.158085468945654E-004
 -3.746544712620535E-004
  2.794653311887448E-004
 -3.830463325445304E-004
  4.378423620473713E-004
  1.736353964677515E-004
  1.346059167298682E-003
  2.194467569195216E-004
 -1.020606288871260E-003
  1.533708989667595E-003
  3.960154438045798E-004
 -6.566541406529884E-004
  1.094995967529232E-003
 -2.048488753352504E-004
  1.970889074570256E-004
 -2.070367128407948E-003
  8.300885389151257E-005
  2.975449246426310E-004
 -3.573876596222892E-004
 -1.085072685183167E-004
  1.136724849696164E-004
  4.479547476489815E-004
  2.025759713586200E-004
  9.068962476189166E-005
 -1.305865155408810E-004
 -3.847124534376895E-004
 -8.863254428675455E-004
 -7.895389828752354E-004
 -4.074915975304684E-004
  9.081636324327542E-004
  6.216195733513906E-004
 -3.607084634774950E-004
  1.243180550140052E-004
 -2.328262246542184E-004
 -9.357219459471889E-004
 -4.248598756920792E-005
 -9.506514445720188E-005
  1.805193467182576E-004
  3.332994036529251E-004
  1.653060372788907E-004
  1.482308794627211E-004
 -8.570045542344636E-004
  5.421995095591923E-004
 -4.106027471438225E-004
 -2.064982379631719E-004
 -1.357102041616044E-004
 -4.488573599265610E-005
  1.773830385255673E-004
  5.983922153853451E-004
  6.625958497044446E-004
 -5.012740725793559E-004
  3.792858547077853E-005
  4.348565764498905E-005
  4.531544112247460E-004
  1.821367973402424E-005
  3.602933325142764E-004
  2.404574146189978E-004
  5.002214085119737E-005
  4.199497244027929E-004
  6.613403529512168E-005
  2.203817261346399E-004
 -1.326271178667725E-004
  5.813375739579939E-006
 -2.844260023321924E-004
  3.613635054648018E-004
  2.143704351791534E-005
 -1.645193317191819E-004
  2.725406439030831E-004
 -3.470739552475476E-004
 -3.054356398829295E-005
  2.217306390927544E-004
 -1.129730213307801E-004
 -3.416374881168278E-005
  1.842473450492061E-004
  3.374201135032860E-006
 -4.143563484280609E-005
 -2.034046418841150E-004
  1.271997922647101E-004
 -2.333713712673859E-005
  5.449141376465981E-005
  4.720227075042248E-005
 -5.030569481209464E-005
  5.043036651256647E-005
  2.522042317311703E-004
 -9.405131938970271E-005
  4.483217634777422E-005
  1.301133482132160E-004
 -2.549150180676920E-005
  5.004133519439465E-006
 -9.294962351175753E-005
 -2.424677493373960E-005
 -4.597913642415641E-006
 -6.147227899713079E-005
 -4.319098871126811E-006
 -1.798102580799091E-004
 -2.388574420199247E-005
 -1.486559386655819E-004
 -2.948693155841737E-005
 -5.704286998300664E-005
  1.561516643309795E-004
 -2.769232349631669E-005
  1.697807723311518E-004
  2.323617033682289E-005
  6.140563261062418E-006
 -1.315435641322704E-004
 -8.626307302173422E-005
  3.478644225672210E-005
 -1.219355845804776E-004
 -1.061219101001293E-004
  2.175378020926021E-005
  6.486372368353805E-005
  1.398879858410143E-004
 -6.870049212002380E-005
 -3.722291788964506E-005
  1.229150161169586E-004
  7.297707143692730E-006
 -8.331543046069488E-005
  2.931305645920430E-005
 -4.204296126784038E-005
  4.602027926125967E-005
  4.780774989898703E-005
 -3.917455741916127E-005
  3.537582000584536E-005
  1.209888106703182E-005
 -3.707500684727366E-005
 -4.680203499827060E-005
  2.452487119453049E-006
  2.031200394207598E-006
  2.714410122851841E-005
 -2.238544439772129E-005
 -1.502631528250684E-006
  1.014952292753365E-005
 -6.607516760197558E-006
  5.291102135341964E-005
 -2.979833501140786E-005
 -1.493077894124677E-006
  2.733832237020953E-005
 -4.698044640250097E-005
 -6.755491528309845E-006
 -5.697538627430142E-006
  8.083296684642215E-005
  7.383140782123751E-005
 -5.212496998202824E-005
  1.759450515053193E-005
  1.870734066870910E-005
 -1.474130276979641E-005
 -7.659685109986511E-006
  1.333444041338460E-006
  6.964164433998716E-006
 -8.973471652817553E-006
  2.017241509667486E-005
 -1.486648764817841E-005
 -3.407306800273528E-005
  2.992015757891350E-005
 -2.480880884540876E-005
 -1.496846489291505E-005
  2.050091287767599E-005
 -2.248425098728476E-005
  1.005879859958652E-005
  3.582033533685787E-005
  3.378136362380432E-007
  1.635466988836500E-005
 -1.275776048148042E-005
 -6.290295652722641E-006
 -1.365879664865069E-006
  1.237319426996362E-006
 -2.108689000325762E-006
 -1.995097344116295E-005
 -1.748499732338698E-005
 -2.170216814063598E-006
  8.178271303605233E-006
 -6.948704145494013E-006
 -1.339656118649865E-005
 -5.468605957112170E-006
 -6.090526616970766E-006
  9.257220070719218E-006
  1.413768574486083E-007
  4.291507459522461E-006
 -4.144079572984962E-006
 -6.614253307342095E-006
  5.467194714882177E-006
  3.915044187818900E-006
  1.037171254371328E-005
  3.582539504685698E-007
  1.457283882129538E-005
  4.575302508347391E-006
  4.013831998083022E-006
 -1.210696341382724E-005
 -1.544951522360307E-005
  9.024595978604357E-006
  3.336270085959861E-006
  5.849258841798878E-006
 -1.424343842408549E-006
 -8.057315120797267E-006
  1.375107009866349E-007
 -3.937235185603030E-006
 -1.163006621915308E-006
 -5.692063378851998E-006
 -5.853357340473270E-006
  9.561650573726981E-006
  1.399212247950789E-006
  1.265623250925678E-007
  1.887743601073076E-005
 -1.940650073036118E-006
 -3.174160872055719E-006
 -5.454207919043625E-006
  5.680805620958971E-008
 -8.258134436657952E-006
 -1.435421399012981E-006
 -5.557018453444184E-007
 -3.967433548702403E-006
 -3.701994595416029E-006
 -4.177129441673998E-006
  4.618512506258093E-007
 -4.305640064951321E-006
  1.347347454950303E-006
 -5.117888787319546E-006
 -8.270288090276504E-006
  5.210612370118139E-008
 -3.003888412980889E-006
 -4.951438231343269E-006
 -6.072318811765362E-006
  6.148420427931784E-008
  6.105206541210598E-006
 -4.758160397188543E-006
  6.228757515506861E-006
 -6.403034685361359E-006
 -2.167090105237351E-006
  7.119435352958935E-006
  1.513818628120263E-006
 -3.343972680869085E-006
 -1.277403302534087E-006
  7.737520154071857E-006
 -7.843317505938964E-006
 -1.491414199829974E-006
  1.822790235485341E-006
 -1.524171989620372E-007
 -2.258488140150460E-006
 -5.653780915192937E-006
 -3.098265250533721E-007
  2.858892854062015E-006
 -7.582002261673068E-007
 -1.509228248022274E-007
  2.274437541021243E-006
  3.864004840415961E-006
  9.045831120748427E-007
 -3.654117934644326E-006
  1.884328262595650E-007
  1.850696371042457E-006
 -1.711507993853095E-006
 -1.363408979174006E-006
 -9.043228925556406E-008
 -5.091508440937828E-007
 -2.153754608838736E-006
 -1.775071277820048E-006
  3.210734311800147E-008
  1.270905874742875E-006
 -4.886328495259119E-007
  1.013282999050319E-006
 -7.887522541630857E-008
  4.993289853964501E-007
  1.697922811629817E-006
 -8.712783904055046E-007
 -1.821194131768767E-006
  7.997800807756322E-007
  2.698371468416075E-007
 -1.555043680916104E-006
 -2.334900138628114E-008
  6.497926777818292E-008
 -4.134853680628310E-007
  8.559985605469570E-007
 -7.889971954961529E-007
 -9.056620103208008E-007
  5.224964163954656E-007
 -6.677820990524396E-007
 -5.443504867156937E-008
  6.163229551065012E-007
  1.552957916318718E-006
 -7.395059084178858E-007
  1.024758032697057E-006
  4.817192225389581E-007
  6.439560772426409E-007
  2.254022110428648E-007
 -2.830832125011417E-006
  3.291724215788830E-007
 -1.367531728976766E-008
 -2.313881021383579E-006
 -3.863146149818233E-007
  2.104838891389286E-006
  3.521417870856823E-007
  2.181943308616702E-007
 -1.763330227569999E-007
  7.789934106049878E-008
 -5.865250893403745E-007
 -9.636099388394872E-007
  5.023438169505599E-007
  5.308378875076223E-007
  1.889173016052407E-007
 -6.748275145637030E-007
  3.113001602270594E-007
  3.232015672378865E-007
 -1.255829426101311E-007
 -4.684522659736479E-007
 -6.080523008251483E-007
  3.492330872603583E-007
 -7.375757251142620E-007
  1.242154512030192E-007
 -1.773058510212184E-007
  1.339288218791962E-007
  4.996154090970815E-007
 -2.622230137032392E-007
 -4.587105119051393E-007
  2.087172228337910E-007
 -4.117055883012391E-009
 -4.584778146088923E-008
 -1.049080363195190E-007
 -3.194726498503088E-007
  9.258624248408518E-008
 -4.500885241303878E-008
 -3.337260748257718E-007
  1.220736983817262E-006
  1.810841587428413E-007
 -2.356233255766623E-007
  2.950565913386793E-007
  4.660249267542902E-007
 -2.779845328679833E-007
  3.732615574553689E-007
  3.067099328153039E-007
  2.385823430239768E-007
  9.791167440916179E-008
 -1.135196827024343E-006
  3.302597192838565E-007
  7.014741168567843E-007
 -6.600038818545199E-007
 -6.914570724891377E-008
  5.569715494196730E-007
  1.408599579055132E-007
 -5.167721600937273E-008
 -1.929562365262585E-007
  2.929201703874221E-007
 -1.228043973456811E-007
 -3.752506529624374E-007
  3.106471974754369E-007
  2.026434945776210E-007
  1.517406425491340E-008
 -8.676228974353237E-008
 -1.014460601367908E-007
 -1.559836568391497E-007
 -1.204154897192073E-007
 -3.414256225175698E-008
 -5.976318302581971E-008
 -1.974315758755051E-007
 -2.167523716939591E-008
 -2.456797007439554E-007
  4.168559808935642E-008
 -1.167593656984395E-007
  6.468270292697800E-008
 -9.986901939125481E-008
 -4.560583993800798E-008
 -5.664899236452082E-008
 -2.002159196267265E-007
 -1.529973413199478E-007
  1.644536291911129E-007
  1.034574080832184E-007
 -1.216273384920420E-008
 -1.632329363689568E-007
 -6.952455501160137E-008
 -1.182732168080735E-007
 -1.337771032499187E-007
  2.062125019410378E-007
  6.245232760895688E-008
  1.187020923939207E-007
  2.253849355647350E-007
 -1.113760451296369E-007
  3.836860902486180E-010
  2.076041427043970E-008
  5.031959026074404E-008
  1.411064459374254E-008
 -5.112884745207199E-009
 -2.587700451960302E-007
 -9.152803228192717E-008
  1.068058678477391E-007
 -1.674310349223565E-007
  6.407584843508607E-008
  1.241151587007292E-007
  2.721393679898384E-008
  1.271884050072305E-008
  2.902193570522236E-008
  3.253824695834803E-008
 -9.344180920264130E-008
 -5.145150651434064E-008
  9.348734721716605E-008
  1.077096966767784E-008
  2.384730533086018E-008
  7.879761796754506E-008
  3.051802153937718E-008
 -5.793629145507622E-008
 -2.079226037406709E-008
 -5.210303504812455E-008
 -8.875646737771339E-009
 -7.296638788300316E-008
  2.350396319942527E-008
 -9.668968937561726E-009
  5.940258831132019E-008
 -1.764941439022295E-009
  7.221048574851289E-008
  3.371579290026354E-008
  1.119439672166108E-008
  9.366690916268276E-009
  2.170321889095279E-008
 -4.608828878488451E-008
  5.406517537926785E-008
 -1.457199804426448E-008
 -4.709757010512158E-019
  3.017162640577044E-019
 -1.367599640880082E-019
  5.922940390925531E-019
  1.089422391270533E-019
 -2.753991410901064E-018
 -5.306771472858367E-019
  4.982844131446127E-019
 -3.363450099227435E-019
  1.794626464787986E-018
 -1.459361105459406E-018
  3.823586279585071E-019
  1.464880407988186E-018
  1.573998306207859E-019
 -3.268112861311357E-020
  3.492784895624335E-019
 -3.258434380359439E-019
  2.876173087140813E-019
  1.221395384633174E-020
 -1.563343706530540E-019
  1.204956308875417E-019
 -1.136811353371937E-020
 -7.018296920481553E-020
 -5.848762406102514E-021
 -3.386091758576006E-021
  8.251215238107223E-021
  5.594121096844590E-021
  1.658234470809192E-021
  8.264886978469107E-021
  4.399173476268504E-021
  5.647191530201793E-021
  3.720445447386538E-021
  1.339516501387906E-021
  3.824777214108247E-021
  2.292584565394165E-021
  4.333496334669420E-021
 -1.776306926726310E-021
 -1.934387872957965E-021
 -4.520220338509612E-021
 -6.809641482320556E-021
 -2.642533739892212E-021
 -3.201467880506433E-021
 -2.139534598967779E-021
 -1.160207584763152E-020
 -3.683312908306093E-021
 -5.643287371414830E-021
  1.154890530006347E-020
 -2.447943512221137E-020
 -1.735325497666996E-020
 -8.973943926970556E-021
  3.722180448032777E-021
 -3.937262861266413E-021
  1.250858619278792E-020
