-10
1 0 -37764.417688065310 0.0000000000000000
1 1 -940.99430607041131 -420.07667904457043
2 0 -1179.4826520724589 0.0000000000000000
2 1 -44.127725788119804 2138.3989103971344
2 2 1324.7770443051006 570.39382750932918
3 0 -1200.3226703144576 0.0000000000000000
3 1 -23.771827996947120 540.19474318710309
3 2 -389.65060551413080 -519.04571659153441
3 3 -861.42457810942597 -200.97052715981232
4 0 -1.8956226943833401 0.0000000000000000
4 1 -193.74133407935676 -10.871808405863586
4 2 -314.77726239331872 -183.15146976808288
4 3 -5.7541841122546620 -187.47061879649655
4 4 16.719844924983555 -270.85651463130415
5 0 55.441061048894319 0.0000000000000000
5 1 -49.726790307566802 -65.484869617077848
5 2 59.888424177006883 -6.1459985634738601
5 3 78.470329546542700 -132.58664423361839
5 4 -100.01354018814737 -14.108063552450030
5 5 -31.774454915289446 117.66459330429689
6 0 6.1318939917098723 0.0000000000000000
6 1 -7.4799566394679546 10.226421522453567
6 2 -3.3816929102519957 -31.084874468875775
6 3 -26.776923103842783 -44.294537203170670
6 4 -31.213821719990115 -18.302166745809735
6 5 -9.2167016819078569 1.8230157807026073
6 6 -8.0825651736405160 -21.279228544803495
7 0 4.7066008278971561 0.0000000000000000
7 1 -0.34425099458429209 -1.7737227394539077
7 2 -5.1438070354119425 -7.0054434945259239
7 3 -6.3746959091117699 -9.1301927212108378
7 4 2.3690646926671923 -15.924459566608077
7 5 -6.9512105034906231 -0.70100393164168051
7 6 2.8339312895812694 6.1117798976908766
7 7 6.3861729324650254 6.4002960082224689
8 0 0.55140087697612206 0.0000000000000000
8 1 -0.54103157686021530 -0.83513136682940159
8 2 -1.5917539446636766 -0.80193303102408309
8 3 -0.49474632367697507 -1.8659400487026137
8 4 -1.7180855273224229 -2.0024425727809168
8 5 -1.6646862857246469 3.7742924942857758
8 6 1.2667747984701696 3.6544472546338640
8 7 -0.54342001980234389 -0.15367781581455101
8 8 -1.7547416454233549 -0.21937993036845962
9 0 6.00928874917788375E-002 0.0000000000000000
9 1 -9.10306902635694554E-002 0.11140346123318941
9 2 -0.44343894362288355 -0.18507277973036890
9 3 -1.1464645840473546 -0.11071289276954488
9 4 -0.88275955893274016 -0.21087591591101468
9 5 9.78732599773208811E-002 0.16661962581035739
9 6 0.40251263939425258 0.70224377348921163
9 7 0.32133489447060937 0.35733393048765227
9 8 0.35063452078380442 -0.18254342808945226
9 9 0.28214269653583718 -0.24482371002109146
10 0 -1.63219704570910298E-002 0.0000000000000000
10 1 9.89585740299787076E-002 -6.20727020023765577E-002
10 2 -0.15300302074379321 -7.49120317600903696E-002
10 3 -0.11601902608801207 7.45601779906232207E-003
10 4 -0.15109920437487362 6.49847435938533547E-003
10 5 -2.69391943474477508E-002 1.80221565891665048E-002
10 6 0.23031781433028542 0.49087379307510476
10 7 0.33564020176564285 0.19992798896568295
10 8 -7.17522530914132747E-003 -0.13888593795202792
10 9 -0.16291724356830573 4.39314583387403965E-002
10 10 -4.18310869241027145E-002 0.10903015000078209
