-1010
1 0 -35622.472443666382 0.0000000000000000
1 1 -1318.8343286694571 -4045.4865844464448
2 0 -620.98057871040498 0.0000000000000000
2 1 -1886.3577609571328 762.92996227298738
2 2 2217.5704582854983 -527.98936256547427
3 0 -950.40498019021607 0.0000000000000000
3 1 245.31038536011985 195.17164829456883
3 2 -748.86694937146262 370.50097874458413
3 3 -529.78613551212993 501.24501466721290
4 0 -293.76983274334418 0.0000000000000000
4 1 -282.16087116969248 84.644436402983928
4 2 -430.12823689417638 -126.84822153565455
4 3 40.820328304808278 61.207582102724757
4 4 34.731655170252537 -229.13932932441324
5 0 2.5624303629274388 0.0000000000000000
5 1 -16.483031187526159 -20.021826598516970
5 2 22.182970490646774 71.010394491344456
5 3 41.665995893487150 -63.788048766673896
5 4 -74.054805487137671 -6.3567344483473756
5 5 -91.430006985997636 114.75505493601246
6 0 -6.3501623119238975 0.0000000000000000
6 1 -1.6987749866008583 1.3032716174996102
6 2 -8.1536235860523476 -9.5008610519846641
6 3 -16.014449790977427 -17.850782539698013
6 4 -39.629311347339922 -4.4321776187519184
6 5 -31.101814737217964 5.1225091918674961
6 6 -16.537367931166997 -8.1458268594506578
7 0 4.6373626118613434 0.0000000000000000
7 1 -1.2902329613379102 0.38356037187400266
7 2 -4.9804935871856957 -2.6706360127127233
7 3 -3.5523334348332964 -6.2295515602765716
7 4 -1.4894613723662888 -13.948380340665985
7 5 -12.504140622776740 -1.3704734136925880
7 6 -3.3699326861382888 6.4672440901842485
7 7 2.6253213523447463 1.9014315658378387
8 0 1.3977540701702722 0.0000000000000000
8 1 0.13973093022672339 -1.2967515112176606
8 2 -5.29941364850416707E-002 -0.12773245040219500
8 3 0.46065078987505648 -1.7824428204570733
8 4 -1.6586468983646079 -2.0476753844917286
8 5 -3.4396394569854207 1.9370358572041200
8 6 -0.83889085536992047 2.8087436903240990
8 7 -1.5324701507321528 -1.1702828065926969
8 8 -1.4908501019131042 -0.55079426759892947
9 0 4.76199712422098048E-002 0.0000000000000000
9 1 2.23994321368739327E-002 0.15491485663160059
9 2 -0.28180303549256835 -0.19297755989893511
9 3 -0.67205150954961279 -0.41215566698039574
9 4 -0.16977388796561346 -0.72208375068265473
9 5 -0.40902000362102975 -0.20519372896642235
9 6 -0.54496593682693961 0.25327680705101990
9 7 -0.11083494276407609 -0.22694492631995344
9 8 0.13423516355117596 -0.43459348279795107
9 9 0.19032412683284661 -0.42937504789506137
10 0 9.90908700313956892E-003 0.0000000000000000
10 1 9.24631049157600277E-002 -2.58068149774398070E-002
10 2 -1.10267362483837481E-002 -7.12844096048917408E-003
10 3 -0.12616907660855425 5.05417907179266622E-003
10 4 3.48725034485494745E-002 -0.15685830459065905
10 5 -0.10484292829398692 -5.76081281530305619E-002
10 6 6.48230191826310725E-002 0.32295611524691858
10 7 0.25353372120824313 4.94787603912499700E-003
10 8 -1.94659101343083382E-002 -0.26661063390719097
10 9 -0.15121174613764099 -6.97383765178060111E-002
10 10 -9.74156852696752944E-003 8.34256713682776652E-002
