-110
1 0 -38285.926363025996 0.0000000000000000
1 1 -1040.6227662888866 -346.73510131501610
2 0 -1404.7004394571964 0.0000000000000000
2 1 -156.23413871127366 1862.3886638448048
2 2 1322.2703356904287 600.49762652277514
3 0 -1030.1964976941083 0.0000000000000000
3 1 -33.068464247761312 752.03305938343533
3 2 -366.82814306012239 -607.09077065771589
3 3 -849.61172287969191 -158.71450498775462
4 0 -43.832850976929613 0.0000000000000000
4 1 -143.14820142129179 -32.813099321170007
4 2 -229.25414583865592 -253.53746495300450
4 3 -7.0202335291115885 -163.84933786603108
4 4 50.039800202418633 -264.91039260967716
5 0 42.535831569866168 0.0000000000000000
5 1 -36.052422549121736 -76.481036935472531
5 2 63.007232226368437 -15.089357379901765
5 3 73.713828072489363 -126.93699642228738
5 4 -102.94469874551065 -8.2473354523700273
5 5 -33.709893547684096 116.90978287055769
6 0 -0.11332443501825108 0.0000000000000000
6 1 -10.099805374099148 1.9378842915697239
6 2 -3.7688000600271416 -35.377654781914003
6 3 -26.147525207621399 -41.294639805838912
6 4 -39.682324224662089 -18.234990866736915
6 5 -9.4408858969365106 0.39454863184046518
6 6 -7.8284212557917687 -17.802732912060346
7 0 3.8624777614280132 0.0000000000000000
7 1 -2.2278592966319000 -1.7396273006079559
7 2 -6.2932871267136035 -10.000927625646700
7 3 -6.5776330217078867 -9.8072165597736554
7 4 -0.40194942549768681 -15.002585406167919
7 5 -8.3327885253523206 -0.36697505692715704
7 6 2.9502854584578770 6.8830406821499626
7 7 6.4007582867390109 7.2581651673637158
8 0 0.63411261846286693 0.0000000000000000
8 1 -0.54424846650352077 -0.66951318138838256
8 2 -1.4679729953984990 -1.7484126865212386
8 3 -0.56355662215952940 -2.3378301659392204
8 4 -2.1974550958631447 -2.0949692621494216
8 5 -2.5583228144591859 3.5616879261358929
8 6 1.1188513723848819 3.6757078938612144
8 7 -0.48627375847051219 6.16454129952058658E-002
8 8 -1.5978886629536022 -0.11288567276484682
9 0 0.10888612391220576 0.0000000000000000
9 1 -4.53433100262567584E-002 0.26576190494350665
9 2 -0.34826282934668967 -0.31033144743694230
9 3 -1.1028746387751096 -0.44157307594454170
9 4 -0.85131217179921614 -0.43921646719438856
9 5 -0.21716589562307001 7.67675423629178982E-002
9 6 0.33350823539069324 0.65256278321674288
9 7 0.39615692970409699 0.34479443859709530
9 8 0.38173025011150508 -8.44068553838696334E-002
9 9 0.27369421663737448 -0.22333135446161798
10 0 -6.42399157925762233E-003 0.0000000000000000
10 1 8.59507455300612122E-002 -2.26684450880960085E-002
10 2 -8.99679426492009660E-002 -5.51983622620756814E-002
10 3 -0.10011884073470441 -7.79380549469324141E-002
10 4 -0.12726838882059580 -9.34247348685253998E-002
10 5 -5.87392912792853994E-002 -4.88677696127464839E-002
10 6 0.20118126292392832 0.45303563161304183
10 7 0.33875857962527389 0.17174868836637883
10 8 -6.31390013347436253E-003 -0.11148695938851326
10 9 -0.17502316932858497 6.65677562766250897E-002
10 10 -5.95099387088137144E-002 0.11698921548657183
