-1110
1 0 -35001.796808903004 0.0000000000000000
1 1 -988.22885995086006 -4195.6626421776800
2 0 -730.78986504166335 0.0000000000000000
2 1 -1885.1363650025946 489.38599640767592
2 2 2371.9020964296760 -719.90404782120152
3 0 -659.47553273149083 0.0000000000000000
3 1 191.86279195439931 391.00323686810032
3 2 -855.89986820661284 393.27091588170168
3 3 -523.13459407521873 490.29782558038738
4 0 -305.46504971781320 0.0000000000000000
4 1 -247.02620966843742 100.65794180738376
4 2 -470.93274021231747 -109.71095575506689
4 3 11.154272058773413 53.070589181131403
4 4 51.296888978722272 -181.53136742422032
5 0 14.363139901246280 0.0000000000000000
5 1 -20.559404956257541 4.8360989917183970
5 2 16.160911910834976 86.997360152407666
5 3 23.230896243121691 -46.962176094059934
5 4 -63.614073446458221 4.3112187984505201
5 5 -77.821843730103879 112.06991900466113
6 0 -7.2109172382072328 0.0000000000000000
6 1 -2.4107187672985679 -3.4242487098730727
6 2 -5.2604346172477428 -0.70922767105731677
6 3 -19.826694878983790 -9.6923569595923489
6 4 -35.882338715726675 -2.2838085614066110
6 5 -27.349042185936078 2.7368358107207369
6 6 -16.962681907407447 -7.3616564185429922
7 0 4.6336073883892501 0.0000000000000000
7 1 -3.2454201016185524 0.76228769966383714
7 2 -5.4572937879652832 -1.6414706214103794
7 3 -4.1590476136417776 -3.3773734127679771
7 4 -1.3716258692856516 -13.414021029823950
7 5 -10.868809412510741 -2.6997694095070677
7 6 -2.9198725425554430 6.1057056010140887
7 7 2.8932547848936658 2.2607592291353553
8 0 1.7641035602055837 0.0000000000000000
8 1 -0.11168097198045428 -1.7388534986220112
8 2 9.17459042080481374E-002 -2.06040513966954933E-003
8 3 0.18461964108253276 -1.0720150114719811
8 4 -1.7099516492446813 -1.4950105470873252
8 5 -3.0989070279195365 1.5225594581275463
8 6 -0.65310403423168328 2.4170987504535439
8 7 -1.4209264419956027 -0.93101253598342748
8 8 -1.5048853679629126 -0.49196484909944960
9 0 8.96204002572107833E-002 0.0000000000000000
9 1 9.86118786833934391E-002 5.32667671897316536E-002
9 2 -0.42836225731268929 -0.38074212272572622
9 3 -0.58575706735637123 -0.31713221294895638
9 4 -0.25869810852163072 -0.48778492267421131
9 5 -0.36989120869780823 -0.28292318623750451
9 6 -0.47059937893169590 0.15306493867263071
9 7 -5.93262776083498117E-002 -0.16524837345274707
9 8 0.14445889071243689 -0.44083565438482708
9 9 0.18802568322350055 -0.42267002372009993
10 0 5.21058393404987066E-002 0.0000000000000000
10 1 0.13165805267898376 -1.55249263913615036E-002
10 2 -2.43207877117124459E-002 -2.60221264270205505E-002
10 3 -0.13709967588567259 5.74792969178729383E-003
10 4 -8.18918173266261658E-003 -0.11911875308525262
10 5 -0.11987308055347458 -5.12091766572497636E-002
10 6 8.87523568790977158E-002 0.27814240794170020
10 7 0.28161753966519981 2.01863437544061684E-002
10 8 -1.30983547786974667E-003 -0.24704497639681067
10 9 -0.14012993658723796 -6.32636624550511339E-002
10 10 -1.04523029101031856E-002 8.19716421669998696E-002
