-1510
1 0 -33377.832746940570 0.0000000000000000
1 1 -1138.6882486876298 -2163.2387215932658
2 0 -1203.8757729272386 0.0000000000000000
2 1 -639.03580929100394 -313.78738655122459
2 2 1904.7806742040220 -772.20312744759383
3 0 252.91225250099063 0.0000000000000000
3 1 -415.16786068860176 1165.4267497782057
3 2 -724.98411740411916 -176.84749352508337
3 3 -485.59649181051492 281.98798133888533
4 0 -362.49291219405910 0.0000000000000000
4 1 -156.96538659298693 99.433625679803868
4 2 -213.67018709909948 -3.7683603466522033
4 3 -3.9617043468970627 48.649200916917977
4 4 122.61346705887316 -250.40714023463917
5 0 41.117769969767323 0.0000000000000000
5 1 -77.593000761190055 42.365347401728528
5 2 74.254581103191697 114.17411223821729
5 3 36.260481003771126 -45.981635966547387
5 4 -41.267675020297872 0.16132227828471998
5 5 -67.450133820290688 117.41379425757206
6 0 -9.5308998988856040 0.0000000000000000
6 1 -14.048831259215065 -22.061291644313329
6 2 -2.5967294567985824 10.387661350737639
6 3 -15.114299807218483 -4.8395403692501802
6 4 -23.793234558420792 1.54661380095953011E-002
6 5 -9.3909516438542635 2.9622916810892308
6 6 -9.2845765417450323 -10.716193696031487
7 0 8.5527548759099652 0.0000000000000000
7 1 -9.8133707859483952 0.43368069163480955
7 2 -10.138107364179289 -4.6613965843332181
7 3 -1.3093749429305104 1.7333687039625723
7 4 0.25207130069079381 -7.5239355982397900
7 5 -6.7332452168038914 -2.1319762619513081
7 6 0.29028889321397222 4.4484173002393552
7 7 2.7656945865559770 3.5460775601846470
8 0 3.3665266737858772 0.0000000000000000
8 1 -7.26765834537860117E-002 -3.0987979761876536
8 2 -1.3259385017065506 -0.35686814643238340
8 3 0.16011336839244025 -0.52900673686521305
8 4 -1.0923071502199024 0.40935209810469947
8 5 -1.7445810895246205 1.8375920307423292
8 6 7.13530239356933646E-003 2.0761208725410349
8 7 -1.4629956613680963 -0.81012620969103255
8 8 -1.1418352434799197 -0.41779673560060560
9 0 0.17513579225669104 0.0000000000000000
9 1 0.52424080746565327 8.32255010123809646E-002
9 2 -0.93484570339340578 -0.78606345710201742
9 3 -0.43371515044018738 -0.18867299969814241
9 4 -0.26981979010028195 -0.10039406592600518
9 5 -0.18820194428675160 -4.93313801107398073E-002
9 6 -0.33639158361151322 0.13145755840369142
9 7 2.75494367963278475E-002 -4.95746920792311876E-002
9 8 0.21167375231007551 -0.30911438167544691
9 9 0.17020837263643579 -0.38835933137190776
10 0 0.11393375521604428 0.0000000000000000
10 1 0.28745303086366714 2.49708625258117621E-002
10 2 1.25118920880885349E-002 4.48187396355139225E-002
10 3 -0.23179074750774772 -2.28576711087650070E-002
10 4 -1.55378962143338569E-002 -0.10244912065337300
10 5 -0.11541044059387681 3.85995255298120579E-002
10 6 9.62798285073415278E-002 0.26222377907869382
10 7 0.24705114884973192 -1.44631269963118908E-005
10 8 8.23197630639545611E-003 -0.21845413965487884
10 9 -0.13687389256318519 -3.87119936872043838E-002
10 10 -9.43822243305160284E-003 9.56860965695960214E-002
