-2010
1 0 -32064.795252607026 0.0000000000000000
1 1 340.34217335419191 -1099.3887611850500
2 0 -2393.9935875760248 0.0000000000000000
2 1 -424.81638277011155 322.34925579848050
2 2 1276.6383082133923 -118.00007465864925
3 0 522.85112126002343 0.0000000000000000
3 1 422.34940543366992 1188.4763898745732
3 2 -558.47715417743541 -432.85227462305784
3 3 -475.80931692131145 108.47384151300486
4 0 -107.59621237769855 0.0000000000000000
4 1 -170.20313617565250 80.426362429606868
4 2 -1.8135735744616781 -34.665947015209625
4 3 -31.612175933712770 139.46356077118182
4 4 106.83954805671780 -247.68389894049020
5 0 126.48598876581968 0.0000000000000000
5 1 -18.238040209670412 22.188589419126522
5 2 95.343398461361460 91.904601380234766
5 3 59.498545294267629 -49.095978827371212
5 4 -78.305880208035163 65.464026524510103
5 5 -128.70838402766384 93.745247624959319
6 0 1.7937384861014012 0.0000000000000000
6 1 2.7427348761479413 -12.749639578312095
6 2 6.8589100753961700 -3.9821123660197713
6 3 -17.046626324767473 -14.148266686656921
6 4 -30.656649452630187 19.521534696785082
6 5 -23.777166168302145 13.867155692393744
6 6 -11.015961888383638 -15.674239182877802
7 0 5.8170992336577561 0.0000000000000000
7 1 -1.3237798850494173 2.3386433309568275
7 2 -5.8113041932130649 -1.4595954761047749
7 3 -3.4625618467264534 -3.1092507064307049
7 4 -1.1726048135142497 0.10510043408741593
7 5 -11.306540933635018 2.7558087526236386
7 6 -0.56267945179961698 2.8480393262892969
7 7 2.4304650985959588 2.2405975062852184
8 0 0.93708498019341424 0.0000000000000000
8 1 0.95045279029864893 -2.9866377217183206
8 2 9.17430404890906895E-003 0.68428607894393167
8 3 1.0592848492190345 0.49968148914720623
8 4 -1.6268971492345998 1.2113271764029963
8 5 -1.6865220943604431 3.8438131203237598
8 6 -0.41044938298677458 1.7094064945247269
8 7 -1.4669041207742475 -1.9318049922625340
8 8 -1.1112322876198382 -0.90923396626480135
9 0 -0.19143334861860567 0.0000000000000000
9 1 -8.17975835257275935E-002 0.22474949498701416
9 2 -0.63671376704209914 -0.29618607158955973
9 3 -0.32314270174074317 0.14329101669143510
9 4 -7.72885289881850568E-002 -1.50117217050495556E-002
9 5 3.33444524271841250E-002 0.39726611002664702
9 6 -5.84084563846666571E-002 -0.16700356982768386
9 7 -8.65184216640841469E-002 -0.17667016088910445
9 8 0.14534931534656761 -0.37218930463949784
9 9 0.21622614846736060 -0.45196670874893408
10 0 7.04623605866239594E-002 0.0000000000000000
10 1 0.11402144251991772 -5.73211932658414178E-002
10 2 3.56593155233001363E-002 3.11535528899881120E-002
10 3 -8.55410000829598949E-002 0.13736273734054355
10 4 6.50679350466978473E-002 1.01881551885868778E-002
10 5 2.27631258083430509E-002 0.10045014122370148
10 6 0.11469621218094325 0.21658682731413259
10 7 0.18704768941786987 -7.55547043703944377E-002
10 8 4.95514347840104400E-003 -0.21552909056246600
10 9 -0.13402294348025953 -6.98144725639559954E-002
10 10 -2.36202700114324163E-002 8.36602893906440298E-002
