-2110
1 0 -32089.887357502375 0.0000000000000000
1 1 713.55508230313899 -1193.7910291697401
2 0 -2445.7985782537294 0.0000000000000000
2 1 -457.75104236276246 216.86399693599859
2 2 1181.9623122679363 2.3121369489859251
3 0 596.54358420518372 0.0000000000000000
3 1 540.73266078197207 942.51932606906882
3 2 -636.76438191727266 -435.57148243798213
3 3 -567.36324622259156 115.78478912117582
4 0 -78.247223142689975 0.0000000000000000
4 1 -157.03871924371623 48.605687477330036
4 2 -52.007090308436354 -2.0083683053179526
4 3 -19.278831016653179 180.47022597066791
4 4 100.80544300116644 -316.55633493894248
5 0 124.27814446844147 0.0000000000000000
5 1 -14.460452477370824 22.862971569754901
5 2 95.914434904061139 98.741332241416288
5 3 60.280806405795502 -40.355457606396122
5 4 -85.780070067214751 54.692465897524123
5 5 -128.62108430026748 104.02990981907625
6 0 0.51370668176659240 0.0000000000000000
6 1 8.0115449173863684 -4.0757363323292584
6 2 5.7018529640974212 -8.04808887295884873E-002
6 3 -20.436520662500378 -12.332125764164335
6 4 -31.395180896498800 21.147475765564892
6 5 -23.413785570403590 14.695348678242153
6 6 -10.138525725108842 -17.680577783116536
7 0 4.8759928110709048 0.0000000000000000
7 1 0.44148868887223980 3.4946104965354023
7 2 -4.6922842547064034 2.41687402012346828E-003
7 3 -3.6603459326734273 -1.9689559987361063
7 4 0.22335415525610067 0.22516636561231068
7 5 -11.383457983449837 3.2524422367155785
7 6 -0.81608712149214158 3.4066898416804823
7 7 2.9827058177300110 2.8003651604931097
8 0 0.73559985283083462 0.0000000000000000
8 1 0.97234306526224790 -2.9179867446547565
8 2 0.23579412678887998 1.3665794383834500
8 3 1.1809288684697692 0.88452823236112044
8 4 -1.4452174452123734 1.3491902852305833
8 5 -1.5758115782264355 4.0313962907050804
8 6 -0.37556051776543392 1.9814362784556701
8 7 -1.6166761832437269 -1.9941845808028658
8 8 -1.1902765528759449 -0.96797851973967663
9 0 -0.18157098585394155 0.0000000000000000
9 1 -0.24692747926884989 0.18229714959124432
9 2 -0.52446115039054364 -0.21116017430190553
9 3 -0.35452636531937892 0.29863979283894171
9 4 -0.10801847236987129 5.55629269280477414E-002
9 5 0.12613961656063127 0.38147564576620924
9 6 -9.51376807377805472E-002 -0.14379868332108595
9 7 -0.14002627896110489 -0.17736477738273521
9 8 0.21302920781262435 -0.40837143478716920
9 9 0.22563691364870558 -0.45157602985714879
10 0 7.05189638429852411E-002 0.0000000000000000
10 1 8.43690541892815199E-002 -0.10064927875652484
10 2 3.80939437936939004E-002 5.19757884942855485E-003
10 3 -7.69315883314831694E-002 0.15257130370590144
10 4 8.43535869405291489E-002 4.68964844031662595E-002
10 5 2.63687627532075107E-002 0.10925127458875528
10 6 0.10859338975497530 0.25819046639571058
10 7 0.18937432692168793 -5.15436159926659782E-002
10 8 1.29168057748652917E-002 -0.24679418219016502
10 9 -0.14939134247050723 -7.72313528602979471E-002
10 10 -2.82109064587216275E-002 9.80218470365063765E-002
