-2210
1 0 -31957.384430816976 0.0000000000000000
1 1 1005.5675333825915 -1231.2959363036250
2 0 -2262.2197974600117 0.0000000000000000
2 1 -526.97375573242743 12.129984308319045
2 2 1265.0070864577087 99.766949414463298
3 0 572.44461971461953 0.0000000000000000
3 1 560.68858978974527 673.31147518651051
3 2 -644.01322623524538 -377.20533578797392
3 3 -734.88747226938744 149.20707544824040
4 0 -71.883466569381085 0.0000000000000000
4 1 -166.96547035927165 28.955466009212916
4 2 -121.03593568736960 25.314105792558532
4 3 -42.432476072172776 199.99263347925441
4 4 80.212453327317959 -373.11775833798487
5 0 112.59109913436808 0.0000000000000000
5 1 -19.273639558476219 22.986453899437574
5 2 90.355506814647924 96.795065247579629
5 3 58.325927794338320 -36.201424565838977
5 4 -89.051522304937180 40.991339306649159
5 5 -120.72022686031521 111.92238758000681
6 0 -0.10377983960213952 0.0000000000000000
6 1 11.112490859307920 3.6379811468680652
6 2 2.9133679248337856 1.4025173616610056
6 3 -21.062213726413294 -10.653627112916524
6 4 -30.560792572125585 21.266361510287719
6 5 -22.230601158129382 14.784113439482308
6 6 -10.442646698177958 -19.413243951722333
7 0 4.8136441587001695 0.0000000000000000
7 1 1.5753968465308765 4.1858764989285513
7 2 -3.7408785885971447 1.0730008043607875
7 3 -3.0828686147384943 -0.88654710974140483
7 4 1.6831960537173671 -0.52507353302558302
7 5 -11.114289169732944 3.0830453018993538
7 6 -1.3209381014122124 3.4049900308033800
7 7 3.3351543875654892 2.8481730662613876
8 0 0.77806342818061403 0.0000000000000000
8 1 0.89436741561181465 -2.7798482656348358
8 2 0.41125101208288817 1.8417632715074492
8 3 1.3194923641000937 0.99186265073788538
8 4 -1.1111442907710147 1.3072145619399149
8 5 -1.4558423699116063 3.9367412455700226
8 6 -0.39586152931612617 2.0973656146122011
8 7 -1.6931959232949272 -2.0169714356835513
8 8 -1.2008808811009755 -0.90563582989091596
9 0 -0.12853421542135163 0.0000000000000000
9 1 -0.32231229474332213 0.10293777180162370
9 2 -0.41867299661396007 -0.14885027630094394
9 3 -0.39669690542086572 0.38790509552851349
9 4 -0.11722704276802158 9.73048888421402108E-002
9 5 0.17345276251503389 0.31227049085461389
9 6 -0.15722245773523236 -0.11679173673976763
9 7 -0.15582846544883466 -0.18292909600665630
9 8 0.26529007877371608 -0.41846933100274614
9 9 0.22294529790472239 -0.45250520579706810
10 0 7.20650029550713445E-002 0.0000000000000000
10 1 7.39447387991298416E-002 -0.13626738693376406
10 2 2.51393112959578738E-002 -2.00721837790461197E-002
10 3 -8.23131604786030840E-002 0.14693865271955386
10 4 8.82155416719131169E-002 6.94087057829757825E-002
10 5 1.47247014324118491E-002 0.10807343629980068
10 6 0.10532180550007894 0.28582735065725040
10 7 0.20570424173030372 -2.58694929741514514E-002
10 8 2.24199082409288000E-002 -0.26033491212008980
10 9 -0.15284480080869145 -8.19020790235612806E-002
10 10 -2.78504462759194410E-002 0.10433931307655589
