-2510
1 0 -31643.142299771313 0.0000000000000000
1 1 1146.1807178230388 -1173.0899446228395
2 0 -2201.3053720970497 0.0000000000000000
2 1 -590.52171496151220 -294.90977849060494
2 2 1993.2301785253437 394.94268567399558
3 0 453.48288820030632 0.0000000000000000
3 1 533.43724628066514 556.04918330933083
3 2 -512.81692746670092 -357.36100543074434
3 3 -1262.5631934005298 -97.491636830209657
4 0 -71.127776967042621 0.0000000000000000
4 1 -133.30817083561095 -10.544844790086328
4 2 -388.30748260426759 29.299373022033048
4 3 -184.11669338268922 196.02438842618244
4 4 39.102262390589232 -369.85544109251549
5 0 115.77675627384610 0.0000000000000000
5 1 -43.247285867343940 31.648497238833347
5 2 79.984212653696815 98.692125537096587
5 3 57.130656665181398 -27.931809476295150
5 4 -103.76135869116290 33.012711606596042
5 5 -93.282733677845485 124.64402034359047
6 0 -1.7768707820708565 0.0000000000000000
6 1 19.292754069648282 11.539445427375906
6 2 3.6373478796129692 5.6944971699764890
6 3 -25.876541040867714 -2.8275344978570769
6 4 -32.103968412598775 26.124648077727937
6 5 -14.593257048073854 13.215130877628461
6 6 -11.486102570600551 -25.340706710712258
7 0 5.4299025835765411 0.0000000000000000
7 1 3.2352541571565783 5.9663735756512661
7 2 -1.1583426287777605 3.3160859183897884
7 3 -1.1620380735205138 2.6884256187049997
7 4 3.9491881881532480 -4.7250809491774417
7 5 -10.656468696205781 0.73195550483762228
7 6 -1.6875945341336174 2.3753714694612018
7 7 4.7608542749919636 2.7334010254439525
8 0 0.82666296429984942 0.0000000000000000
8 1 0.79879320488033712 -2.4826765675840314
8 2 1.4539761952176922 2.8296325171859773
8 3 1.9279696082898998 0.83649118624456698
8 4 -0.65581495991769156 1.1363275566450697
8 5 -1.3211240921280849 4.0401990663887597
8 6 7.60469228125619928E-002 1.8651030531007720
8 7 -1.8912182550269967 -2.2535173778487452
8 8 -1.6501805265153429 -0.57653550153263056
9 0 -0.19544592743299855 0.0000000000000000
9 1 -0.33295857453962002 -1.44442865180352737E-003
9 2 -0.28028224877036323 -0.17629109399571885
9 3 -0.30960932910333461 0.60286071976136557
9 4 -9.20624720759377485E-002 0.26017418413749238
9 5 0.20683244582157298 3.60644336205862351E-002
9 6 -0.34898396875752646 -0.28619736533263040
9 7 -0.31955355866349361 -0.18544471881663763
9 8 0.29260011647622225 -0.30939151164409062
9 9 0.31784114143730330 -0.44656109248384751
10 0 8.05353885861915947E-002 0.0000000000000000
10 1 4.29056526720047390E-002 -0.19243035200985370
10 2 -3.17895657792241354E-002 -1.64735363670583425E-002
10 3 -7.04396803803853389E-002 0.17287064163683202
10 4 0.10365150252511314 8.95166555253158053E-002
10 5 -3.35275647221766684E-002 7.79338822933535180E-002
10 6 0.11305410913418154 0.31510896010950823
10 7 0.24199305952403755 9.28273470725419006E-003
10 8 3.26622309419152407E-002 -0.24443100749791052
10 9 -0.14254126780528587 -5.29570364648516631E-002
10 10 -3.35468106817564879E-002 0.11539108916902435
