-2710
1 0 -30469.101348097280 0.0000000000000000
1 1 774.17334066480123 -1398.8265742456229
2 0 -1863.6705582388197 0.0000000000000000
2 1 -672.93609560516177 -238.14666443931227
2 2 2615.4955214919432 439.35436435275949
3 0 372.10780593187548 0.0000000000000000
3 1 621.11631665128846 554.15984717067613
3 2 -212.21730342208735 -243.14317517359194
3 3 -1159.9860899279004 -199.79580542078693
4 0 -42.224480539065283 0.0000000000000000
4 1 -59.081689546684217 -32.771659206262441
4 2 -472.41365834872693 141.43803953706680
4 3 -212.08564583307057 240.23009367902870
4 4 43.054158338338333 -290.01782818149280
5 0 104.21159781932879 0.0000000000000000
5 1 -59.920165963612703 35.760221633158700
5 2 48.575248959670930 117.36733431918380
5 3 38.305693258537680 -1.8082216939018960
5 4 -110.38774465539581 44.893188601858256
5 5 -80.954462464079342 128.33519941717410
6 0 -7.7839176736211861 0.0000000000000000
6 1 16.921452837147051 11.099040143831481
6 2 -3.0679775539743290 7.3863099926345717
6 3 -33.461997023759665 8.1370258528829389
6 4 -32.514148011266798 31.124259510200421
6 5 -12.893373532071346 16.359935555138968
6 6 -12.251519151509937 -20.649751248146092
7 0 4.3666193244605243 0.0000000000000000
7 1 2.7589648654219752 5.1433205787991989
7 2 -2.0271724034694030 4.3531689142500465
7 3 -1.7898970411358961 6.0883511590480834
7 4 3.1318820213867369 -5.5851890780815889
7 5 -11.247856918797764 0.37890453270535773
7 6 -2.9053933695324838 3.8033403404918595
7 7 4.3248320763855945 2.6263496324706699
8 0 0.69326285862473458 0.0000000000000000
8 1 0.34033677829439130 -2.1065178734106107
8 2 1.5188813354773734 2.9023247796434024
8 3 1.8032527919467920 0.88824263355313693
8 4 -0.67822061105455933 0.75284010890029784
8 5 -1.3324669963223881 3.7435257704348439
8 6 -0.16175728382513380 1.9463940140526903
8 7 -2.2828010889913930 -2.2255928838951071
8 8 -2.0157350029408851 -0.46000437337293854
9 0 -0.16093585116124301 0.0000000000000000
9 1 -0.30117763917692808 1.06921957948837472E-002
9 2 -0.15130356628867453 -0.26012091393116588
9 3 -0.22829787684974592 0.63886925447421050
9 4 8.75231358755558173E-003 0.30459135521247765
9 5 0.17105099557502809 -0.16809221610760333
9 6 -0.51116201590311716 -0.30935830230750877
9 7 -0.60558573962180628 -0.17127635751555406
9 8 6.78686938409820834E-002 -0.32376801505177194
9 9 0.29012191148544186 -0.42718550872802213
10 0 0.11969831358804643 0.0000000000000000
10 1 5.70485652317397757E-002 -0.17927193469949093
10 2 -2.63616693261423014E-002 -1.36453581401843951E-002
10 3 -3.94102157023675514E-002 0.16890821129664518
10 4 0.12886135830344006 9.52607843796856313E-002
10 5 -6.72963759670844458E-002 1.86954727545312373E-002
10 6 7.96324872304635667E-002 0.27548850249609652
10 7 0.17189050301581693 -8.06678526714130553E-003
10 8 -3.68483372347888222E-002 -0.25926469186256151
10 9 -0.14230198580155384 -6.12880703991788914E-002
10 10 -3.48687183863070488E-002 0.10027293495907601
