-2810
1 0 -29586.675945983774 0.0000000000000000
1 1 585.42464481588604 -1399.0183316332405
2 0 -1662.2300145411959 0.0000000000000000
2 1 -584.55448040052147 -121.23268450144298
2 2 2762.1316745585714 403.89380422353230
3 0 341.03247810452928 0.0000000000000000
3 1 678.51634218698678 520.57795231679302
3 2 -104.14411384801957 -99.702352037676306
3 3 -1113.1958250414152 -258.75295754748828
4 0 -54.117290508137387 0.0000000000000000
4 1 -12.829831203896516 -56.285364609486486
4 2 -502.57913205488973 214.08764133360927
4 3 -218.38312942188168 245.31655701573567
4 4 33.513262677597396 -262.69171022451013
5 0 85.193765895888063 0.0000000000000000
5 1 -69.045152657855141 30.873631177790585
5 2 32.117591219986558 132.55630062950681
5 3 22.061126580104414 14.344643899720001
5 4 -118.67543471299342 39.611168946360664
5 5 -76.328977764676480 121.64521436241684
6 0 -12.355839196298376 0.0000000000000000
6 1 11.449518115889841 8.1072429020942192
6 2 -7.5832612113683435 8.5597086292968729
6 3 -38.577199610786955 16.193999382779033
6 4 -36.239220469005467 29.498404644001315
6 5 -13.979786013685150 12.969290341359487
6 6 -12.547868455427544 -18.949034939777611
7 0 4.2678603826921080 0.0000000000000000
7 1 0.94630858813992269 3.7894794065329389
7 2 -3.2451944431195163 3.6570341267274502
7 3 -2.6929696923029138 7.7303203393287481
7 4 1.3121049904137270 -6.3228989655036525
7 5 -12.327054970781544 -0.87603905208860366
7 6 -3.0629552586580449 4.1974409642559234
7 7 4.5359406895299363 2.5868634674594544
8 0 0.88170105231976781 0.0000000000000000
8 1 1.17290603089922965E-002 -2.0198982885921453
8 2 1.1473625852433331 2.2288259070895600
8 3 1.5855040942076639 0.59807289443499390
8 4 -1.0245896604391889 0.61703102342919136
8 5 -1.8009077138687775 3.3497832796338090
8 6 -0.21813430545420828 1.8449801523228877
8 7 -2.1314604004344653 -2.1417152023626493
8 8 -2.0941331672763739 -0.48473139357488493
9 0 -1.64948023400179021E-002 0.0000000000000000
9 1 -0.19576123331926990 3.88659896658590520E-002
9 2 -0.15197053196909638 -0.41858142032021761
9 3 -0.23965008176837005 0.50146585913119279
9 4 1.62232746118596213E-002 0.30936675630212240
9 5 -2.28267918536476551E-002 -0.25397903645120418
9 6 -0.62787256901593336 -0.35020998729623376
9 7 -0.59158498098377377 -0.19878405655466685
9 8 3.59112709968694779E-002 -0.36483014278606823
9 9 0.29110147317548030 -0.42347931951572892
10 0 0.15878285857086996 0.0000000000000000
10 1 9.84878008028698543E-002 -0.16025208524492396
10 2 -2.53498775826614814E-002 -1.75660867774341152E-002
10 3 -3.43726632025010831E-002 0.10873149994723663
10 4 0.14005362567000434 8.08288037069712223E-002
10 5 -0.10523802957278520 -2.34592967882341595E-003
10 6 4.36540319728456611E-002 0.24909425184562312
10 7 0.16789681462763895 -4.24764099757085137E-002
10 8 -4.00158883834342005E-002 -0.27961277333786350
10 9 -0.13464307668913772 -5.72553584114380010E-002
10 10 -3.02327022700775196E-002 9.64661660667099907E-002
