-310
1 0 -38590.697764557808 0.0000000000000000
1 1 -2322.2187661669891 -608.78332734567891
2 0 -1410.0394067534758 0.0000000000000000
2 1 -507.34970648102086 1575.7684164209609
2 2 1333.0967911660705 698.26694076850458
3 0 -806.56371890539992 0.0000000000000000
3 1 -285.78662239632348 945.52319783992857
3 2 -115.86041414519570 -532.92958605103070
3 3 -517.41318649676543 -31.250828589307513
4 0 -111.12380369340545 0.0000000000000000
4 1 -81.539836099569627 -69.188533675353995
4 2 -76.061826263702471 -244.84979206406703
4 3 119.40618185705588 -144.32509245780193
4 4 1.4445383192886097 -317.79191270265488
5 0 19.436265040406049 0.0000000000000000
5 1 -17.786636604721867 -74.464453936117465
5 2 89.841314571089924 -18.850138573977951
5 3 91.358693536712849 -123.51487149682833
5 4 -126.74039728743065 -23.529252793081600
5 5 -53.943200056978135 146.14709549834066
6 0 -1.1223045603941160 0.0000000000000000
6 1 -9.7366794552993063 -4.6414814147129348
6 2 -0.90780743407908870 -32.272701521540647
6 3 -23.761556173940200 -38.554547548221784
6 4 -47.961681974565025 -17.421355554478243
6 5 -16.666169029248636 1.5534544038511207
6 6 -8.8515349214972261 -19.002439601663390
7 0 3.0647811161771736 0.0000000000000000
7 1 -4.3969606884569750 -2.6032050004017058
7 2 -7.2897626200946322 -13.104380309770962
7 3 -4.1710772815161077 -9.6212068574120053
7 4 -1.6023938574784546 -14.681194306818655
7 5 -11.414192102082280 -1.5957833079278192
7 6 0.80091366239840522 7.2706123362239561
7 7 5.3011786974678650 6.8586247139988945
8 0 0.92798098868065604 0.0000000000000000
8 1 -0.76686677108730072 -0.44955488689726153
8 2 -1.3609551559800319 -2.0660568735451732
8 3 -0.29550336071890515 -2.7334924782397434
8 4 -2.1993855766754664 -2.8067425181024457
8 5 -4.0893371420432771 2.7138659667571807
8 6 0.13496578320123406 3.5130034747365193
8 7 -0.79677324404432848 -0.49164430151026028
8 8 -1.7014008822460900 -0.69834741728167449
9 0 8.09648811598024931E-002 0.0000000000000000
9 1 -4.34244279972084909E-002 0.47799700171566561
9 2 -0.21079248438651887 -0.36844504630424890
9 3 -0.92059769814410253 -0.69616426671796983
9 4 -0.76701344847826103 -0.90685222740789506
9 5 -0.60387735288519462 -0.18507370191108860
9 6 -7.94985245562987719E-002 0.51813839314787224
9 7 0.32058864123806896 1.54471927370014080E-002
9 8 0.34368166308981790 -0.30962263235984444
9 9 0.24360645225238606 -0.22286658778274709
10 0 1.57293033949169918E-004 0.0000000000000000
10 1 5.39757938621397426E-002 7.17686701935095206E-002
10 2 -1.01773406404640655E-002 -6.17250898353535332E-002
10 3 -9.56351638351060213E-002 -0.13971064132457425
10 4 -3.76952551322538923E-002 -0.26637231428936620
10 5 -8.30423360727687715E-002 -0.11385352028276294
10 6 0.13317092006108339 0.40950608469423150
10 7 0.31918305130610919 7.04173908016864220E-002
10 8 -4.43131083054589259E-002 -0.21747187527723144
10 9 -0.21051106741191414 6.19404771885603694E-002
10 10 -3.18555626785084131E-002 0.11778812774302731
