-3110
1 0 -27271.082933623562 0.0000000000000000
1 1 607.84878519338565 -619.74727408757929
2 0 -1150.7682933665983 0.0000000000000000
2 1 -696.20046468503926 -172.67274452364379
2 2 2783.2781642317477 367.11710895683370
3 0 216.19424104740682 0.0000000000000000
3 1 511.15914139364122 133.12299697182044
3 2 -121.66177654477887 -221.35172393638283
3 3 -973.46292656864148 -194.50779157364408
4 0 -133.07251185832698 0.0000000000000000
4 1 69.165520882285279 -170.68059054283228
4 2 -524.35126460633319 216.24242514211514
4 3 -49.289902973304464 180.34286375955475
4 4 72.582249983705182 -264.37931359272375
5 0 0.47601386436882365 0.0000000000000000
5 1 -57.262045931469522 37.032879823121938
5 2 -2.6790949281840120 102.61510381659571
5 3 51.576359751868146 36.266362661420942
5 4 -91.010542015147180 4.06967829207104670E-002
5 5 -42.195095570274788 89.019542656831391
6 0 -20.295419803007157 0.0000000000000000
6 1 8.3087429662683725 12.059541822958497
6 2 -3.0686294671123506 7.8916265687751714
6 3 -22.049339322633802 22.138488740548453
6 4 -16.927750531928680 18.924231519315040
6 5 -11.430273298161872 3.1488876005413253
6 6 -11.101759839843865 -15.509937922262067
7 0 2.0995547755225967 0.0000000000000000
7 1 0.54636769781095773 3.4033558753871320
7 2 -1.5677486185739555 2.4642063428617056
7 3 1.6429511264118644 7.3388105527039125
7 4 4.1501244274700513 -5.9411349756186063
7 5 -10.636223249761850 -3.0572926241500773
7 6 -2.7533659692498609 4.9770563649571580
7 7 4.4919946480231214 2.4024821352741652
8 0 1.1438046379297273 0.0000000000000000
8 1 -0.48439452048804404 -0.65398728379217386
8 2 1.2111710192063354 1.3666529141414521
8 3 1.4970868792664747 -1.47237685289258752E-002
8 4 0.22364454442849385 0.23128028846599946
8 5 -1.8289674929516182 2.1065541479742516
8 6 -0.47161188351907685 1.3825781724225650
8 7 -1.4243270825657133 -1.5365596197216722
8 8 -1.6571163035975303 -0.25753915554366880
9 0 0.21757966223282640 0.0000000000000000
9 1 -0.11125537532280606 4.98431604132931055E-002
9 2 5.31641130453195387E-002 -0.39068714380100028
9 3 -0.13851073561375513 0.12742308413617576
9 4 0.34424455136011844 0.30989999495907639
9 5 -9.66277267833030168E-002 -0.38181727838714841
9 6 -0.70558342430661958 -0.18726728014459618
9 7 -0.44893268238252954 -8.16797973709538355E-002
9 8 0.15381810494986065 -0.31989294541032909
9 9 0.22464820598706095 -0.30967910710878005
10 0 0.15557476122508693 0.0000000000000000
10 1 0.10473439908511988 -0.12730004854065419
10 2 -1.93065016473656023E-002 -6.11814569348801286E-003
10 3 -1.48669707698790930E-002 -1.03439946304341949E-002
10 4 0.17938177923050624 1.81745866711916192E-002
10 5 -5.94634915933663910E-002 -3.27347467017874219E-002
10 6 -4.05317557023034333E-002 0.21798609505799227
10 7 0.15250749490902091 -1.48383095320559228E-002
10 8 -8.57405123363920267E-003 -0.23238583606780086
10 9 -0.12884327583666808 -3.23627230840064645E-002
10 10 -3.33399619520653376E-002 8.36029329495868723E-002
