-3210
1 0 -26728.003016768020 0.0000000000000000
1 1 648.77415340558605 -216.37694563652599
2 0 -920.96585667913223 0.0000000000000000
2 1 -840.10788452427164 -191.43674354629371
2 2 2791.5441614633660 300.89367301400074
3 0 162.75565730545438 0.0000000000000000
3 1 458.69268144930481 101.26246625687465
3 2 -152.77813283575890 -370.07948941731831
3 3 -943.51862932725885 -133.89656292274492
4 0 -169.56613929830928 0.0000000000000000
4 1 86.937644692137596 -165.96819085944517
4 2 -515.26369619540139 151.68206609382224
4 3 10.709965939041560 142.11945069244246
4 4 111.06731054608616 -274.79147869371496
5 0 -15.263773603340253 0.0000000000000000
5 1 -38.931656675090665 50.066221032913461
5 2 -0.26584947184820429 91.298122509745966
5 3 74.281915349151845 31.772052590245231
5 4 -74.985633629402884 -6.4601494887919495
5 5 -36.621632175478894 81.958758043399968
6 0 -22.417354194911976 0.0000000000000000
6 1 10.564982432062289 16.677992324039693
6 2 1.4713360155883624 7.7108177366274528
6 3 -14.148109251613750 19.594075100694749
6 4 -8.1968651395796002 15.742090336843399
6 5 -9.1493550545637650 8.22714245675652545E-002
6 6 -11.082223914610426 -15.712312984966580
7 0 1.0111259136340818 0.0000000000000000
7 1 0.94036938488291988 4.5103085868046620
7 2 -0.50698224727193808 2.9586673680448801
7 3 3.5369938042029507 6.3616776425886714
7 4 6.3404132372796500 -6.3276452207044462
7 5 -9.1484999547468124 -3.9838024902991682
7 6 -2.3671201129259880 5.4176711128065076
7 7 4.5294210723071160 2.5953287729710235
8 0 0.94731497036280066 0.0000000000000000
8 1 -0.57631235146806259 -0.29354261197209097
8 2 1.5714238535170493 1.5415960002655140
8 3 1.7038849907383322 -7.56594221632635455E-002
8 4 0.81653347084966432 3.65254286086470620E-002
8 5 -1.5339058382211888 1.8802791514374009
8 6 -0.50266932832919375 1.4175849787200090
8 7 -1.2872359846804207 -1.3560486017499653
8 8 -1.5916016232350270 -0.20349431329023970
9 0 0.17524792789383395 0.0000000000000000
9 1 -0.15940651493470190 1.87872935737999451E-002
9 2 0.12933579174820825 -0.26720959365570696
9 3 -0.10053451864738361 6.86271929615210746E-002
9 4 0.46528114378559493 0.26073265345746816
9 5 -1.44511437797167838E-002 -0.43001687586710668
9 6 -0.67871005607478851 -0.11560754872489265
9 7 -0.40582137144260116 2.29520431121696747E-003
9 8 0.19346833389557461 -0.28955507775059330
9 9 0.22650920704332198 -0.29479111035470007
10 0 0.14051745973492602 0.0000000000000000
10 1 6.81596384852682230E-002 -0.13824324894026732
10 2 -1.60524482372528393E-002 1.18222555604456103E-002
10 3 -1.08489842242969394E-002 -9.26576141688050491E-003
10 4 0.18158341637203207 -4.82034696437533706E-003
10 5 -2.52420364821521470E-002 -4.66279155879462323E-002
10 6 -4.27752086928280817E-002 0.22204558596552396
10 7 0.15766359434838323 1.54057387512798530E-002
10 8 -3.11875629818441670E-003 -0.20733095996816475
10 9 -0.13490115837337219 -1.99076628618629313E-002
10 10 -3.68800933038817974E-002 8.58121585724391789E-002
