-3610
1 0 -25567.474268088248 0.0000000000000000
1 1 899.40559545835083 -1404.8617093779701
2 0 -1800.2820121842931 0.0000000000000000
2 1 -1920.1426308556629 1227.2191834002826
2 2 2626.2592119323649 269.50708913483447
3 0 615.78896578780439 0.0000000000000000
3 1 996.03160887672561 180.18873466465351
3 2 295.06521034313266 -199.53561247920445
3 3 -953.64146013750656 -33.483256271941428
4 0 -185.84609269282322 0.0000000000000000
4 1 -25.706535938745155 -71.742785528466086
4 2 -519.09674551127944 -48.423035798625421
4 3 -135.27143450726427 151.96903840285918
4 4 205.81449137185655 -256.22351885112244
5 0 74.716298091341685 0.0000000000000000
5 1 -27.506055866617896 9.6484541812357918
5 2 34.965155418728564 108.81609189624822
5 3 75.104657969695225 -5.3322908847207637
5 4 -38.956237128775783 34.219873833610450
5 5 -39.685151778545183 75.035749842324392
6 0 -31.164857885464681 0.0000000000000000
6 1 11.400951417715028 4.5814584469144286
6 2 -5.2017741890359046 -8.0042302503862537
6 3 -17.411585951625494 5.4604552763870684
6 4 -7.2075371158689245 26.213097601014709
6 5 2.4391464831489387 2.1027217517843737
6 6 -15.764506426031295 -20.361972571582104
7 0 1.7085072843138516 0.0000000000000000
7 1 0.94121197351902008 5.4135269571842226
7 2 -2.1606780987946532 3.9822930410825967
7 3 -0.95876631415673153 3.4055618740905822
7 4 9.2519054578243711 -7.1637794927286063
7 5 -6.0996406875809344 -6.7216574771080939
7 6 -3.0657198909146475 2.2487356384747277
7 7 4.5460810320818092 3.2257549027788572
8 0 -0.21808984437023135 0.0000000000000000
8 1 0.17422724670616693 -2.0910398094625986
8 2 1.6610290997443045 2.0133762460169371
8 3 2.7828849529860866 4.57024010974154335E-002
8 4 0.40933149363549631 0.38492152535740010
8 5 -0.20041871322132135 2.2105941603026511
8 6 -0.58439942094683439 0.96497774104411982
8 7 -1.6711340740677048 -1.8911718103429243
8 8 -1.7217734316030799 -0.21355391937196253
9 0 -8.61322786710988081E-002 0.0000000000000000
9 1 -0.45372752090257296 0.33508976870200335
9 2 -5.75242959030756382E-002 -0.30484536819386576
9 3 -0.30070497389046996 0.14925029940464429
9 4 0.40877720395509409 1.03486192790489939E-002
9 5 0.48284069348342196 -0.55402870172067820
9 6 -0.50168278959884383 -0.78355975490702201
9 7 -0.58894840524374958 -5.90925650932324562E-002
9 8 0.11496573976671343 -0.21843510745914960
9 9 0.30073855575506808 -0.34737630735593139
10 0 0.16587588864727809 0.0000000000000000
10 1 6.48510142159008929E-002 -0.20028744390163825
10 2 3.20363013362961191E-002 8.61702581656696893E-003
10 3 3.62028987010133557E-002 7.82412357879537085E-002
10 4 0.15693185900375090 4.35077484220622382E-002
10 5 2.60184322442922333E-002 -0.12050581184485867
10 6 4.57251162283276447E-002 0.10328509811725436
10 7 0.15249777330178116 -2.79467193759483923E-002
10 8 2.81140701073794227E-002 -0.18612734483320614
10 9 -0.13708473411698932 -1.53997384218840586E-002
10 10 -4.71907334670867706E-002 9.06159294994545311E-002
