-3810
1 0 -25647.842885493155 0.0000000000000000
1 1 471.09961040399401 -1822.8314356144256
2 0 -2523.4131402186063 0.0000000000000000
2 1 -1392.3445278650543 1879.0063899145480
2 2 2104.0221320856735 304.49112951401804
3 0 640.08673069354904 0.0000000000000000
3 1 904.18511217431603 15.739111679247751
3 2 585.45305024414904 -132.34262874490071
3 3 -1098.6075390727569 -213.70288778710074
4 0 -65.874420994826153 0.0000000000000000
4 1 47.783372031176654 -107.05468082564417
4 2 -540.97004153750845 -66.786705361292221
4 3 -177.18110151942892 155.63863787176777
4 4 175.41480072948715 -201.51869239142289
5 0 116.85547814833552 0.0000000000000000
5 1 -47.677796884248124 -35.231787325103042
5 2 74.648248598847871 79.208090639870548
5 3 62.344451632415741 -32.892991363719986
5 4 -36.899183669721012 47.263072885902687
5 5 -38.925161043116276 90.515959577265207
6 0 -25.253287424752376 0.0000000000000000
6 1 17.506673909393616 -1.6532283864439274
6 2 -8.2619438012149597 -11.842819408009696
6 3 -23.722240417146335 -5.5657436842839232
6 4 -15.877013060438069 40.245330097791779
6 5 2.8879769951829011 4.7286218835681657
6 6 -13.329526241605937 -22.918585923457048
7 0 1.7453400878355785 0.0000000000000000
7 1 1.9139966037794258 2.5169730741437122
7 2 -1.1220641061972829 1.3759707505456937
7 3 -1.2409324879650983 4.2072137484171854
7 4 8.8329919336078024 -6.1074614734845802
7 5 -6.4200356332980100 -4.4735865583747172
7 6 -4.2160604391207279 0.68960085100458268
7 7 5.4241862690671603 3.4166885481256881
8 0 -0.65005721834096686 0.0000000000000000
8 1 0.29293151042416432 -2.5590261500595584
8 2 0.98936959570014005 2.3451613928267454
8 3 2.8336709141249279 -0.47252017936348301
8 4 0.28737417395502562 0.99278677109920543
8 5 -0.13985085438707262 3.1715013921416921
8 6 -3.89049107959464346E-002 0.75926671456889883
8 7 -1.7037252063650488 -1.9601655143908732
8 8 -1.7946807740737871 -0.15618428896320624
9 0 -0.27134583497680664 0.0000000000000000
9 1 -0.47614145372537203 0.33857495321842701
9 2 -9.69113912268044220E-002 -0.39511195242346997
9 3 -0.28914665304175929 0.41710641942719340
9 4 0.22904228317816316 0.15669978286860259
9 5 0.68382172664489271 -0.30009385801712157
9 6 -0.52500977694197060 -0.97450765535584738
9 7 -0.62672434372334274 -0.19414264424644292
9 8 0.13680166953096520 -0.13800678560573917
9 9 0.33055029101564543 -0.32559168975414493
10 0 0.12526900612814768 0.0000000000000000
10 1 5.83771655569821704E-002 -0.21319747645398548
10 2 -2.01572781720205530E-003 -2.39158942891864491E-002
10 3 4.49367195394835342E-002 9.14275440315709398E-002
10 4 0.21880580957610604 9.65606045603154689E-002
10 5 3.67351278870846898E-002 -2.93481000483103646E-002
10 6 0.10137126995644292 0.11914706661793395
10 7 0.15689145316281139 -2.02473089660719710E-002
10 8 1.65756521335421875E-002 -0.20799647759929651
10 9 -0.12465106777042172 -2.22199016109173239E-002
10 10 -4.77562790991739733E-002 0.10965723354145417
