-3910
1 0 -25913.213476162506 0.0000000000000000
1 1 221.95994790069821 -1666.9040118832907
2 0 -2618.4573564506222 0.0000000000000000
2 1 -719.18191458225567 1956.7609456838259
2 2 1708.4753880467058 428.63226533259621
3 0 581.09369696708882 0.0000000000000000
3 1 666.00299869559353 -135.31628894888166
3 2 607.22828278663826 -151.71791641748180
3 3 -1238.7982348428395 -241.01427621769858
4 0 6.1650513928879169 0.0000000000000000
4 1 121.02682634372809 -123.57530057873942
4 2 -549.91840049917482 -59.113247669280007
4 3 -174.11865270696697 164.56484522951226
4 4 133.90877793609684 -182.76941784106558
5 0 118.08752944458398 0.0000000000000000
5 1 -54.212927119854740 -45.509765548737441
5 2 98.424037774988619 57.851045991906190
5 3 58.898934509818552 -34.549176595239942
5 4 -36.432559487522994 38.655902804180009
5 5 -35.798060665082190 89.326786919886274
6 0 -22.375799967651968 0.0000000000000000
6 1 21.933475450073974 -0.89727936913545392
6 2 -6.1822891641091182 -7.9766955945947782
6 3 -20.992213407824085 -7.9814990141254434
6 4 -17.365901440451495 42.939872134538653
6 5 2.1668850596180187 0.93246114222060017
6 6 -10.779233916000376 -24.464672321595561
7 0 1.0614005797536077 0.0000000000000000
7 1 2.0712592271202905 1.2623987034268258
7 2 0.66992013269752215 0.30369469032993279
7 3 0.94311631576330923 5.8384758480162908
7 4 8.9415091626854917 -5.3691954832694391
7 5 -6.0439959725333514 -3.7575182458252026
7 6 -4.3522911406528859 -0.42425279753632861
7 7 5.9107532196584698 2.9699425735799245
8 0 -0.68555582710216267 0.0000000000000000
8 1 0.10740598970408194 -2.4401788719068094
8 2 0.65499684373930145 2.4852237608975911
8 3 2.9170996252483574 -0.67854157778463009
8 4 0.72156362427108367 1.4522427508255360
8 5 -0.10631768210753761 3.2897629731081484
8 6 0.34683738134831038 0.47243311960772916
8 7 -1.5422552906353992 -1.8985005593012581
8 8 -1.6466877257029362 -0.12828489287539444
9 0 -0.29148930758463903 0.0000000000000000
9 1 -0.44419988573258701 0.24686707005104355
9 2 -8.72845835277350213E-002 -0.43610072979714337
9 3 -0.17892572026162590 0.58015285848977172
9 4 0.20729049338507777 0.32061390846444437
9 5 0.74965231205862104 -0.14639677988873145
9 6 -0.55451160655432907 -0.95565974681453225
9 7 -0.56581827854152111 -0.26841492323975447
9 8 0.21889768540071400 -9.62306499844241131E-002
9 9 0.34598844372352267 -0.29139484777527824
10 0 0.10883893624420438 0.0000000000000000
10 1 4.64680346399475308E-002 -0.20891660283197949
10 2 -3.12877391839122554E-002 -4.17472677723896846E-002
10 3 3.76015685746680997E-002 7.56741403140483299E-002
10 4 0.26323494954022331 0.12194705620207348
10 5 4.09937000023131576E-002 4.03258360737549643E-002
10 6 0.11197838800135759 0.13916831983083416
10 7 0.15200863952961385 -3.45233947957757211E-003
10 8 2.24883774588847188E-002 -0.20852574588425124
10 9 -0.10049657640719081 -1.73012401979498395E-002
10 10 -4.01247879441412880E-002 0.11902930627434244
