-4010
1 0 -26009.002847081811 0.0000000000000000
1 1 -4.7565251487628757 -1126.7074260817408
2 0 -2660.8449379084495 0.0000000000000000
2 1 132.76864933834668 1616.5965549446898
2 2 1474.5447206074323 591.50265979355504
3 0 526.75051565704985 0.0000000000000000
3 1 362.64862491531227 -170.86303166924361
3 2 533.70502168955284 -291.35555023104411
3 3 -1364.3947724116852 -281.09280569269197
4 0 58.285636654011718 0.0000000000000000
4 1 207.49354107428130 -155.46029816298821
4 2 -538.22679484432365 -51.848299652146423
4 3 -148.97409518019148 184.19969506366954
4 4 105.37913547205775 -182.56439762119780
5 0 107.54534738230804 0.0000000000000000
5 1 -59.389576861422661 -41.856798601943602
5 2 116.44182639419328 35.451613236382570
5 3 66.939427634765721 -31.393084686012045
5 4 -32.700696582639168 22.321450300480500
5 5 -32.764171320716692 83.985960119896902
6 0 -20.556998031549110 0.0000000000000000
6 1 27.118806302699412 1.4620978335401604
6 2 -1.6546058580200109 -0.84865290366132240
6 3 -15.941217265531879 -8.7306314837578114
6 4 -16.056316242995095 41.139296315451119
6 5 2.8675147022031053 -4.8507314167182756
6 6 -7.4273932046679274 -25.728179988383882
7 0 -0.20052068147284707 0.0000000000000000
7 1 2.2886561020905880 1.2535793329109512
7 2 2.4416207180629703 -0.57105894682997527
7 3 4.1528659220511148 7.1898747859381746
7 4 9.5113645718596498 -4.9705749890394459
7 5 -5.3328338161369890 -3.4193720833350056
7 6 -3.9448479214367485 -1.1034439251637700
7 7 6.3610313470525259 2.6031923687858032
8 0 -0.62821985057193197 0.0000000000000000
8 1 -5.72569403037879315E-002 -2.0092396492069962
8 2 0.61119148948846624 2.7481650675836948
8 3 2.8906136901563104 -0.88027374199481190
8 4 1.3271157950486983 1.6854746246796291
8 5 4.02320748538544104E-002 3.1805325704860081
8 6 0.81659419776818665 0.28618833400677934
8 7 -1.3790753397654045 -1.7773985764205109
8 8 -1.4871906060641580 -0.10194768575109843
9 0 -0.33181821566820235 0.0000000000000000
9 1 -0.39469723372003918 0.16796898141549510
9 2 -4.86692841274116716E-002 -0.44746747763019717
9 3 -6.97332980571705157E-003 0.71131299649225599
9 4 0.22697537219447092 0.46436619677086055
9 5 0.78655822430957223 -6.62665833714177199E-002
9 6 -0.55454484927044068 -0.87549832501426450
9 7 -0.48233274416775301 -0.28560497227319942
9 8 0.31351984235992458 -2.88180313964845058E-002
9 9 0.36139101526901352 -0.25179217669064674
10 0 9.72483624725593992E-002 0.0000000000000000
10 1 1.49690554044072961E-002 -0.18525258553279816
10 2 -4.25794662613858330E-002 -3.16201255773252352E-002
10 3 2.01867118563011858E-002 6.23688294808335056E-002
10 4 0.30495700143793592 0.11752400654310520
10 5 4.91986953347977457E-002 9.04285922522923280E-002
10 6 0.11736637392179447 0.16195665129738446
10 7 0.14303433264611365 2.25495717280412358E-002
10 8 2.87796039443252438E-002 -0.19411515445883004
10 9 -8.12107055493424268E-002 -4.24641698021371167E-003
10 10 -3.59723354027245978E-002 0.12735214104350043
