-4110
1 0 -26229.070659124020 0.0000000000000000
1 1 -95.601163506439875 -605.77585472071189
2 0 -2518.0156267944440 0.0000000000000000
2 1 796.73589537955104 1266.2665535569338
2 2 1434.9560372058590 586.60314189481574
3 0 387.71294126404581 0.0000000000000000
3 1 128.60290819252586 -173.73942534150709
3 2 506.03323070953934 -395.62763444424428
3 3 -1446.9619668890703 -270.65839501254857
4 0 94.172816346459555 0.0000000000000000
4 1 266.63652546812244 -170.66742873094285
4 2 -528.86731315973054 -52.767727971664243
4 3 -118.04741660961815 214.10696225893204
4 4 86.903005184544000 -175.81591870482890
5 0 91.193632685934006 0.0000000000000000
5 1 -61.142225862515673 -41.370388188336278
5 2 132.62971095385143 16.550770926852593
5 3 79.086920759750313 -24.356259359252888
5 4 -29.889298961277103 11.247071691929138
5 5 -25.381510301505884 81.902374955996038
6 0 -17.333356211814504 0.0000000000000000
6 1 31.027358565444970 5.6655958688102421
6 2 2.8555568882706961 4.5194688746048577
6 3 -11.131368178620319 -8.5946908672028499
6 4 -16.658575024260809 41.807709547026064
6 5 4.1641709778801799 -9.0531926492953172
6 6 -3.8995381012532140 -26.623567938157414
7 0 -1.0384734520913896 0.0000000000000000
7 1 2.9887718749242120 1.4288313677830697
7 2 3.9993961524850103 -1.5295542641574915
7 3 7.1497627815885680 7.7076677703720620
7 4 10.020133439120306 -4.5503403994131144
7 5 -4.4211807981211626 -3.0672384247144011
7 6 -3.4533984538073370 -1.4527316123979233
7 7 6.7609895777077806 2.5757696076677905
8 0 -0.48599861369183628 0.0000000000000000
8 1 -5.26044536241358981E-002 -1.3406734360626547
8 2 0.66261167495564255 2.9005060238536529
8 3 2.9589166005479295 -1.1843684545629254
8 4 1.8523941404758641 1.8238941859013504
8 5 0.16811175688332727 3.2250174632098290
8 6 1.2580492277336244 0.17409021401837707
8 7 -1.3394357705993591 -1.6038150035387300
8 8 -1.4124453668628190 -5.82525231821854825E-003
9 0 -0.35467819678841073 0.0000000000000000
9 1 -0.30043990183043967 0.13601378872738273
9 2 4.98992188090794375E-002 -0.38403956896384689
9 3 0.12285878292849675 0.75765506418708906
9 4 0.27083609436041478 0.53815595871810706
9 5 0.83791288759392635 -1.44394468198128737E-003
9 6 -0.55848128320787549 -0.82655244226132096
9 7 -0.49077692257995975 -0.30632321573350402
9 8 0.37762522696691864 4.74696376750542437E-002
9 9 0.37297074751545151 -0.20303150442570359
10 0 6.30694550610441246E-002 0.0000000000000000
10 1 -9.06475087716552413E-003 -0.15520141052717387
10 2 -4.09066802152087891E-002 -1.54749151846358957E-002
10 3 1.50698200450908783E-002 4.80010305075014368E-002
10 4 0.34959436762080653 8.82242141870490243E-002
10 5 7.01142976987422922E-002 0.12182733475335435
10 6 0.12891333037737462 0.18170646891569439
10 7 0.11980386084583396 4.97308150018039227E-002
10 8 2.14129233537046840E-002 -0.17669452971167984
10 9 -7.20765139160334661E-002 1.17254833627755684E-002
10 10 -3.76212169227248122E-002 0.13967577578606699
