-4310
1 0 -26089.430692304311 0.0000000000000000
1 1 -524.48141453859648 -419.56298009996317
2 0 -2370.6986663607690 0.0000000000000000
2 1 1298.4443518022595 887.03076590324929
2 2 1347.9800990116364 657.95207418973246
3 0 99.847448133453739 0.0000000000000000
3 1 -103.18624825156037 -215.69901719176144
3 2 648.00316485612097 -356.72247129067665
3 3 -1566.6705462998309 -110.48450308124143
4 0 124.11059631104590 0.0000000000000000
4 1 358.95974038019352 -103.08405422864983
4 2 -525.62661703260483 -95.375084750389860
4 3 -140.99606715950594 254.51601035242771
4 4 56.539492757523583 -112.47571742864760
5 0 78.057750008957214 0.0000000000000000
5 1 -41.641410403229116 -49.470733263464588
5 2 181.07697068390755 -10.106844289392942
5 3 85.572590858501712 -9.7009744776806670
5 4 -26.674238400416492 7.5650371126754239
5 5 -12.382773936194207 81.245855532146237
6 0 -10.165055945726184 0.0000000000000000
6 1 34.776725594878599 11.400798700167767
6 2 12.360227878253534 10.398601563909947
6 3 -5.2355672116861180 -9.3645901295193212
6 4 -21.706768298147086 48.023920162325894
6 5 7.7316203676758013 -14.673427232934307
6 6 0.41531164594190323 -28.533272347837652
7 0 -1.6360873580681052 0.0000000000000000
7 1 2.7249034100903420 0.61421494152841061
7 2 7.5119365784582008 -3.8499451209191089
7 3 11.379661095889897 8.6040761639677648
7 4 11.148718243267004 -3.6964133755259949
7 5 -1.5288518949256369 -4.2366230538281604
7 6 -3.3870661772615773 -3.0612050235291250
7 7 6.8581095628621158 2.5612136795400851
8 0 -0.12534806490527486 0.0000000000000000
8 1 -1.40378747136959119E-002 -0.85190900343632237
8 2 0.72161891152387281 2.9733377641524266
8 3 3.7713216533248830 -1.5973079828291885
8 4 2.8787558157458641 2.3244078444110876
8 5 0.46302380150297123 3.1788373220287069
8 6 1.6999478127716887 -0.34154609390238871
8 7 -1.3747995732978000 -1.5674520743047149
8 8 -1.3946977053069420 5.75015196120705965E-002
9 0 -0.31743067342327025 0.0000000000000000
9 1 -0.16570473191791285 0.13055557126396863
9 2 0.15885837579912007 -0.26406945353997607
9 3 0.35053893464015845 0.73227091037182768
9 4 0.37499643661674031 0.56720954784080080
9 5 1.0586325588309595 3.36336441154068411E-002
9 6 -0.59316931232718295 -1.0079209657230961
9 7 -0.61010351312858468 -0.49688873468022587
9 8 0.41640815786852159 0.13432383358348951
9 9 0.41456468559419313 -0.12848789306203684
10 0 -2.18990646766640965E-004 0.0000000000000000
10 1 -1.81771445852657969E-002 -0.10928534679164537
10 2 -5.10615105562088958E-002 -2.60592801925432702E-002
10 3 3.25132106903681870E-002 -5.32660036493565626E-003
10 4 0.45741496674407944 4.65458237483098725E-002
10 5 0.13646446713226842 0.15445402786767162
10 6 0.15085635688335122 0.16087201315132882
10 7 7.27077255819987001E-002 6.54481867606524909E-002
10 8 1.00022551661140616E-002 -0.16710437203036360
10 9 -5.25842039448297938E-002 2.72350289974493433E-002
10 10 -3.79667324130047446E-002 0.15492083795549969
