-4410
1 0 -25481.727187124467 0.0000000000000000
1 1 -903.52730484868164 -384.41842030199143
2 0 -2774.3012350466893 0.0000000000000000
2 1 1163.1289080910099 548.25267524191884
2 2 1294.2065274851909 782.66922304371724
3 0 94.688908849007461 0.0000000000000000
3 1 -145.65986728268660 -137.39175219085828
3 2 655.77456883513150 -381.75572686195090
3 3 -1583.6380933254620 -142.43683759778594
4 0 111.38443666960285 0.0000000000000000
4 1 399.67221100787435 -70.235265123707791
4 2 -486.11622963640252 -148.23373794512037
4 3 -178.23997105775831 245.56518703985236
4 4 61.981993925449707 -100.12520456975290
5 0 89.025895221600251 0.0000000000000000
5 1 -21.856938073262782 -43.123781262458188
5 2 200.96160753489863 -21.160216317606498
5 3 83.698752327055431 -12.369593636034971
5 4 -21.451884496086350 3.5615892781640488
5 5 -7.8355931799924363 74.053028743743710
6 0 -8.6305985980648998 0.0000000000000000
6 1 37.523249399254354 10.268810485251278
6 2 19.373645826744813 11.334876218389365
6 3 -2.7788101399795129 -11.525562207044798
6 4 -22.169821699335685 45.862968415836860
6 5 12.569365770851613 -17.705951661440466
6 6 3.4476225810469021 -28.756545383894256
7 0 -2.3477393059893359 0.0000000000000000
7 1 2.2411931411058141 1.0551248258098633
7 2 9.1343850829202413 -4.5954816271956922
7 3 12.652138238223202 8.2310010080372287
7 4 11.935071430597382 -3.6484974678862434
7 5 0.57443202157180906 -5.4001702405970722
7 6 -2.5200963934970417 -3.9467952192773144
7 7 6.8552350191806193 2.6816795879095658
8 0 -0.21319410772689013 0.0000000000000000
8 1 2.51260245622033432E-002 -1.1316545410063630
8 2 1.1084447297787230 3.1666575005408344
8 3 4.2134087582255599 -1.4705215052116252
8 4 3.2703302750925403 2.4463075883272238
8 5 0.91407645863265397 2.8706165755149926
8 6 2.0015353477731126 -0.56946463198987407
8 7 -1.2226927275563668 -1.6050085379726144
8 8 -1.3111753144585314 0.10190247376258932
9 0 -0.39467585718814541 0.0000000000000000
9 1 -0.23161997554880137 0.13446864330491615
9 2 0.12300858713224501 -0.24070529525661941
9 3 0.51234333328719406 0.72476588809913500
9 4 0.42890239452339496 0.56277915999408878
9 5 1.1946963431563911 -2.01319768628894797E-003
9 6 -0.48195345505301390 -1.1079938048569133
9 7 -0.56807237093305263 -0.52896899360918137
9 8 0.43066484531192295 0.21959319037481090
9 9 0.43679034070222111 -7.71952795341548786E-002
10 0 -6.46306346016562588E-003 0.0000000000000000
10 1 -4.99218386476562373E-002 -9.37608381352272452E-002
10 2 -4.95826039183950712E-002 -2.60018623892935979E-002
10 3 4.03410043925676726E-002 -2.14411269688709067E-003
10 4 0.48242934072672128 4.58215540179441327E-002
10 5 0.16682944590908988 0.15161606282216930
10 6 0.17118638982276965 0.13712926167768313
10 7 6.95256985850193771E-002 7.53545628738798712E-002
10 8 2.42887456255263395E-002 -0.13650946588024473
10 9 -3.96420947814631955E-002 4.60722523373615148E-002
10 10 -4.23422735539052825E-002 0.15747257309781962
