-4510
1 0 -24888.684943620421 0.0000000000000000
1 1 -1106.7804006802110 -500.98144712921192
2 0 -3119.7591591712385 0.0000000000000000
2 1 997.08716847599771 319.87581353439475
2 2 1276.9894246759632 876.85035612761294
3 0 51.643383372988460 0.0000000000000000
3 1 -166.93554410492433 -102.66341961673172
3 2 680.65395298878605 -393.36568554253734
3 3 -1545.9650388590364 -182.81869312161459
4 0 79.989778385024223 0.0000000000000000
4 1 393.76455689574954 -52.624016117918465
4 2 -424.50184834306970 -208.26356974116916
4 3 -201.73372641486984 226.28730409799880
4 4 72.199060970284677 -103.03697472390435
5 0 100.62726268207741 0.0000000000000000
5 1 -5.1373200040416567 -41.940923399493897
5 2 213.62576992926714 -33.885755853570259
5 3 83.611252324915114 -15.639202560055644
5 4 -21.307197793696727 2.2929008572847769
5 5 -1.8921595978271979 65.733770969139513
6 0 -6.5789100108631011 0.0000000000000000
6 1 38.643407878967523 9.2952864305362084
6 2 24.322361986337082 7.0029036037640369
6 3 0.55079139468225535 -14.892442678119281
6 4 -23.206051232330871 43.315967104076819
6 5 16.702391603065415 -18.623013291806210
6 6 7.2729835715892577 -28.466453357884706
7 0 -2.4968854805386340 0.0000000000000000
7 1 2.2819258808071599 1.6901086598732717
7 2 10.050528249112860 -5.4289945370779851
7 3 13.241252652683306 6.6991656637340018
7 4 12.244872852974495 -3.3091855336870672
7 5 2.2788216386463622 -5.9091504451262962
7 6 -1.2125700793067737 -4.6690910938559638
7 7 6.8432566854728698 2.9116041676296258
8 0 -0.41745235263866332 0.0000000000000000
8 1 0.16493063381671658 -1.3657167584711976
8 2 1.3949494273072907 3.1368357489182417
8 3 4.5334531610841262 -1.4130000242015559
8 4 3.5082941419638818 2.4971325496736014
8 5 1.3639259873943539 2.7388003001851744
8 6 2.1986678620329805 -0.76011653760390419
8 7 -1.0863427951114553 -1.6374914697856253
8 8 -1.1569831750358908 0.25700126935958340
9 0 -0.48449250817459666 0.0000000000000000
9 1 -0.30641282363942396 0.13750889221925935
9 2 8.98346879526788628E-002 -0.18657505047515408
9 3 0.57623816083904700 0.68274068197208382
9 4 0.49505890977425687 0.52799161254759230
9 5 1.3168450172688881 7.38802954527178774E-003
9 6 -0.34272010381694690 -1.1602738778875672
9 7 -0.55127550361979050 -0.53356273443032631
9 8 0.44541515381046715 0.30983743150899085
9 9 0.45310281417094106 -1.32391570001771028E-002
10 0 -2.43615393255744613E-002 0.0000000000000000
10 1 -8.09743702147324301E-002 -9.19323638598035509E-002
10 2 -4.32549168534652681E-002 -1.81783360331320420E-002
10 3 4.88195883021128110E-002 1.16260897348292661E-002
10 4 0.48217890862003449 4.99551924162772096E-002
10 5 0.19556531870918173 0.14527957139140019
10 6 0.18955939231757030 0.12307362708743050
10 7 5.74740450291100838E-002 8.42077688586525680E-002
10 8 4.03237215697344609E-002 -9.71887715691871906E-002
10 9 -2.58270676253393554E-002 6.51386626346750625E-002
10 10 -5.02688137487740799E-002 0.16293376237880083
