-4610
1 0 -24419.987651286017 0.0000000000000000
1 1 -1091.0584410421864 -637.66410738065588
2 0 -3089.7564351896071 0.0000000000000000
2 1 1095.2020120257143 422.02967919391102
2 2 1054.7836865790741 814.58804494892934
3 0 -20.555448192139579 0.0000000000000000
3 1 -212.33522780935709 -139.74867894322031
3 2 641.81073502679931 -382.29164611408140
3 3 -1497.3059924166146 -139.31462848851555
4 0 24.645693997115384 0.0000000000000000
4 1 344.67258775576317 -34.060127342580437
4 2 -368.38254549237172 -247.76175848418319
4 3 -216.38565251464894 208.98228561470415
4 4 78.526606609046453 -125.52241683507879
5 0 102.14454766412692 0.0000000000000000
5 1 1.3158033408594272 -49.829148698059015
5 2 221.64257015788803 -40.904211603504805
5 3 77.681822876734188 -13.004962089778006
5 4 -25.034487372077812 3.6730312485557080
5 5 4.3310570515886644 60.378695397445895
6 0 -5.4275251108716329 0.0000000000000000
6 1 35.666832858895766 7.6378264936226463
6 2 24.590790521620050 0.76412495772644651
6 3 3.2181925943699872 -17.565908648315862
6 4 -24.691266912074475 40.923370317322139
6 5 18.851347469926299 -19.228533642170767
6 6 10.458315256074926 -28.529464683615760
7 0 -1.6597797825876457 0.0000000000000000
7 1 1.6763393047017217 1.5501017850416934
7 2 9.9447959132209061 -6.4927669425875605
7 3 12.972001849551356 5.2548400883243591
7 4 11.891145990018980 -2.5512933875323465
7 5 3.2973871576179294 -6.3555588205837594
7 6 -2.89667466973565768E-002 -5.6631356904032462
7 7 6.6736229316860936 3.1326490051847502
8 0 -0.43183641289777019 0.0000000000000000
8 1 0.24648598921322659 -1.6839631756047926
8 2 1.1895776867652068 2.6989559727785513
8 3 4.6752598060897226 -1.4931080412695070
8 4 3.6124923588631610 2.6256005136961593
8 5 1.6051531722636598 2.4840430224493848
8 6 2.1070414124570380 -1.1172207903981277
8 7 -1.0792926574919548 -1.6728513912186629
8 8 -0.94115539325801079 0.43786349316196038
9 0 -0.48010720697805176 0.0000000000000000
9 1 -0.31685983310564370 0.12079905246634318
9 2 1.90669216714243958E-002 -0.18020312890735563
9 3 0.52784621019588140 0.60499302627773177
9 4 0.53031492959632209 0.46209390319747157
9 5 1.3727258155561177 7.71951470363666133E-003
9 6 -0.27336940617569472 -1.2336267390222724
9 7 -0.55294298177620693 -0.57612363934330557
9 8 0.47527963725737454 0.35101545653046334
9 9 0.45515767928638562 3.72704982403065030E-002
10 0 -4.15154215047656566E-002 0.0000000000000000
10 1 -7.57282672283853819E-002 -9.91686753373252072E-002
10 2 -4.11823583662062898E-002 -1.82475719498844703E-002
10 3 4.80748252632018508E-002 9.21293130568938369E-004
10 4 0.46590232365621703 5.50675394891598502E-002
10 5 0.20761720036110762 0.13740949978378997
10 6 0.18828979234247986 9.57390887368938931E-002
10 7 3.57079044284258906E-002 6.87161991988330390E-002
10 8 5.85480583171538033E-002 -7.60706369642648178E-002
10 9 -1.00760552392790623E-002 7.41313906825066260E-002
10 10 -5.36196474288878622E-002 0.16933403549260154
