-4910
1 0 -23771.770946959357 0.0000000000000000
1 1 -309.93702944077660 -868.71180409259966
2 0 -2568.8691667573980 0.0000000000000000
2 1 1140.3355613130052 935.68163643785306
2 2 635.96795272564054 326.09960242140750
3 0 435.59193344203044 0.0000000000000000
3 1 -521.14627404234773 -89.332464763524356
3 2 208.08136971639630 -575.66602609213498
3 3 -1031.4018767514294 202.29051394122146
4 0 -155.41607995547565 0.0000000000000000
4 1 173.39113123357146 -130.72116469243650
4 2 -182.30511955495470 -123.51890336939942
4 3 -90.433890977211362 162.02979292885655
4 4 40.690970570261470 -383.36252553614736
5 0 77.642307619022716 0.0000000000000000
5 1 -6.5245622938643359 -38.915911869167658
5 2 211.96360287248015 -7.1300756576624957
5 3 58.086705184870326 -25.386884076216880
5 4 -69.001382288406177 -3.1662752416909239
5 5 5.1712013158159351 93.536850308359845
6 0 -19.547302274367869 0.0000000000000000
6 1 32.345996357243394 -10.102701589022427
6 2 16.497676058783625 -8.9978539772287949
6 3 -5.6711257569062949 -20.573946443618794
6 4 -23.419770791401774 31.677868561947058
6 5 22.141797582045395 -13.324979266542130
6 6 6.2241538606946349 -36.641804012148299
7 0 -1.3964906702573252 0.0000000000000000
7 1 -1.0794264674545586 1.0046139596550638
7 2 2.9522397125539985 -9.2415280791186216
7 3 8.1656578645741877 4.5795119870555627
7 4 8.6327337548992524 0.17124123590297810
7 5 2.7738429453061308 -6.4188534476030075
7 6 1.2455042164854455 -6.5857207515327358
7 7 4.6645975195330909 5.0964512481264679
8 0 -0.24114515939622275 0.0000000000000000
8 1 -0.74576017015760943 -2.9255295046052958
8 2 0.27506747090229944 1.5011468860495636
8 3 3.6471190360086889 -0.72180158101226732
8 4 2.4968906074413915 2.9276158826870780
8 5 1.2633686230183834 1.5362060493947867
8 6 0.79263928280042184 -1.3889171866705872
8 7 -2.0566751249312478 -1.0452030864518067
8 8 -0.46716007775357299 0.32102295100206962
9 0 -0.57223620270618014 0.0000000000000000
9 1 -0.68077001345029386 0.12569450604254928
9 2 -0.40443963999617505 -0.53665240897181399
9 3 0.36431633804748104 0.47363291105372063
9 4 0.42244257569610388 0.44570538991320036
9 5 1.0647306976589712 -0.18087060959790480
9 6 -0.49074978578121525 -1.0610368966461896
9 7 -0.59491375192958285 -0.20805105598224810
9 8 0.69716225710196544 0.24493588909106556
9 9 0.32214765037574705 -7.70862529715112266E-002
10 0 2.09300498960277824E-002 0.0000000000000000
10 1 -7.52317780595757324E-002 -7.21089843819150700E-002
10 2 -4.34240434568586367E-002 2.49463194528357036E-003
10 3 -3.28675762132887989E-002 1.29635192115158306E-002
10 4 0.36969094683029191 7.18940251114893458E-002
10 5 0.11080077967798589 0.11775781506630625
10 6 4.08011086922972915E-002 8.18402954186549236E-002
10 7 -1.21088973565533281E-003 6.14375021929379969E-002
10 8 0.11202827070392619 -4.94410564591987872E-002
10 9 -6.69263961206599395E-002 7.63092433936976428E-002
10 10 -2.61290308416457263E-002 0.16635714660422665
