-5010
1 0 -24070.998766967477 0.0000000000000000
1 1 -171.13432709052589 -1006.3530791647516
2 0 -2386.3053309677289 0.0000000000000000
2 1 921.72952389699833 1059.0528775690379
2 2 829.42986386730036 228.16379375922830
3 0 493.96803168013355 0.0000000000000000
3 1 -455.40411469739354 49.949870688986742
3 2 204.67149583273908 -596.23059915944236
3 3 -901.33042434232641 197.57059987038187
4 0 -162.59188542976034 0.0000000000000000
4 1 164.17012701327883 -132.93082722679833
4 2 -151.29808976443655 -105.62161474363599
4 3 -55.293626393532513 165.25392325008684
4 4 15.232561952088922 -405.88129671240989
5 0 82.235810188345226 0.0000000000000000
5 1 -7.9843100349003446 -29.947432984360642
5 2 198.16450219287978 -6.0916534540443426
5 3 48.508712916954131 -30.488500211634509
5 4 -80.258050312127395 4.1844040069887063
5 5 5.2576212798702091 101.71003294620587
6 0 -18.881866264255201 0.0000000000000000
6 1 34.407763838448368 -12.202364892748164
6 2 12.687316807847512 -12.268335008513462
6 3 -12.877940456549609 -21.134468158655359
6 4 -24.989940174356658 33.530333862425223
6 5 22.609407531237256 -9.7947518098936186
6 6 3.2124003971016188 -37.122230684023236
7 0 -1.1975030291353634 0.0000000000000000
7 1 -0.30833028600952750 1.0138414736021413
7 2 1.3429355916077474 -8.9297580444308711
7 3 5.2804582438563603 4.0538884150796415
7 4 7.1293497995929904 0.49117519862615777
7 5 2.5891968690036373 -5.3039307173572734
7 6 0.58908379658063115 -5.9544004175257870
7 7 4.2042001364226804 5.3995833922895962
8 0 -0.41424728347242018 0.0000000000000000
8 1 -0.84381014966322010 -2.9324944638045261
8 2 0.27936450491665987 1.6264725479870645
8 3 2.9170216778895801 -0.63793489264286807
8 4 1.8580694807615350 2.8574863825105692
8 5 1.2796621146560465 1.6188316660565711
8 6 0.56163685966930266 -1.1674392787846330
8 7 -2.3064066914721453 -0.80029385447219248
8 8 -0.48433377410974260 0.22611661211631440
9 0 -0.66645383507308920 0.0000000000000000
9 1 -0.74287905335554216 0.11481803563719098
9 2 -0.41845867148697680 -0.50667138356941255
9 3 0.27332300814327698 0.51139020186125861
9 4 0.31965019872417660 0.48672968615830475
9 5 1.0264648629495801 -0.17800736773926429
9 6 -0.52302658251687295 -0.97511287205092589
9 7 -0.64409572105631030 -9.20370235338179576E-002
9 8 0.69883453188868783 0.20167467989167204
9 9 0.28391889922104241 -0.11627588239659595
10 0 1.88655998441071941E-002 0.0000000000000000
10 1 -8.79375509937585925E-002 -6.69378567099063876E-002
10 2 -4.63593276982495889E-002 2.16841879090336684E-002
10 3 -4.08999007457522892E-002 4.78450375134793909E-002
10 4 0.33089718111588828 9.01066540048276188E-002
10 5 9.79843697021826610E-002 0.11859132990215013
10 6 3.67825439026738948E-002 8.06385387745968962E-002
10 7 -1.17756175690058827E-002 6.97771367912895929E-002
10 8 0.11129326244195227 -4.86519186363570527E-002
10 9 -8.04382311426854874E-002 6.90464207056094709E-002
10 10 -2.32435192023558376E-002 0.15648196389594035
