-5210
1 0 -23983.965050653136 0.0000000000000000
1 1 -421.41549280225411 -974.34509188213360
2 0 -2563.9864112745317 0.0000000000000000
2 1 498.24519973279479 1012.7797796098314
2 2 1414.5504927578127 149.63226400259492
3 0 608.38989963290476 0.0000000000000000
3 1 -155.50885059005481 473.45298994142655
3 2 389.35264278208609 -740.16266350742285
3 3 -787.04714548316156 -62.211773404330962
4 0 -111.21501214166707 0.0000000000000000
4 1 253.42686244813177 -109.59148766475003
4 2 -203.39676623903367 -169.36496585275157
4 3 -29.116686337555553 247.84446201979841
4 4 61.622834728075446 -292.32377266443967
5 0 126.92520100254701 0.0000000000000000
5 1 -26.763666445625006 -20.157842815100047
5 2 164.90828601898360 -8.6499234852486175
5 3 51.011160411057993 -22.276343939755158
5 4 -44.549860577952735 23.037807496731432
5 5 -10.597650605729569 95.858520234659778
6 0 -12.775141539664894 0.0000000000000000
6 1 35.941169655012224 -19.254882924654495
6 2 4.5228351013284529 -10.460689831390667
6 3 -23.502171683702603 -18.337707089498593
6 4 -20.894327581629717 40.174598284871465
6 5 22.860194987761560 -6.0202622463296827
6 6 -2.0285120070693536 -29.784733315197872
7 0 -0.27643477934052418 0.0000000000000000
7 1 0.80645920795022952 0.86396891635385198
7 2 -0.46103887295182844 -8.3090761351787634
7 3 0.14303889775928877 4.2266880489890459
7 4 6.4712529987343217 -0.46144197367158768
7 5 1.9623761099046213 -3.1731463244637190
7 6 -1.7963067987947272 -2.4289142023752563
7 7 3.8848789719998091 5.2261020140096885
8 0 -0.42915809053429221 0.0000000000000000
8 1 -0.25948989425485980 -3.1249595571236743
8 2 0.52527033914477927 2.2377583123553757
8 3 1.3657290619726128 -1.0793982667840254
8 4 0.77141848116967582 2.6343582850816065
8 5 1.1331537427543048 2.2197965238547894
8 6 0.74231907121501572 0.18905204211424764
8 7 -2.2360791815493721 -0.44289983179715697
8 8 -0.91659615714901521 -7.46336349064816301E-002
9 0 -0.83841115328248628 0.0000000000000000
9 1 -0.60056549859392916 0.14468118127861440
9 2 -0.44240755302136714 -0.56454449329497147
9 3 0.12134579535780148 0.51438587667305657
9 4 1.60765044413704178E-003 0.53076048156244726
9 5 0.99307699142995198 -0.11286941269718470
9 6 -0.54567947184262511 -0.77764328787704118
9 7 -0.63552293655896452 0.12299611860540241
9 8 0.52079195026667868 0.23262900830270469
9 9 0.26908920195305469 -0.20364805595655963
10 0 2.01462619826900113E-002 0.0000000000000000
10 1 -8.08559085483997048E-002 -5.34573705081528780E-002
10 2 -3.77835884939428726E-002 4.37450118923989259E-002
10 3 -6.34618685621516215E-002 8.33891220232526736E-002
10 4 0.28498105921866945 0.10252796039517699
10 5 8.52057689822673658E-002 0.12041965579210548
10 6 6.67789557599029054E-002 9.48299637685902502E-002
10 7 3.22549115185143207E-003 0.12557362983467085
10 8 8.07964720208725062E-002 -5.03812201851520786E-002
10 9 -9.31377880370188455E-002 3.83023641546249710E-002
10 10 -3.94176315048691828E-002 0.12140491227876975
