-5410
1 0 -23232.975276511217 0.0000000000000000
1 1 -1124.2894709847787 -351.01998603249251
2 0 -3099.5686136266936 0.0000000000000000
2 1 256.10050108318188 1090.8983257626148
2 2 1524.0099245721974 724.52476040774184
3 0 748.17338072429777 0.0000000000000000
3 1 287.25380669180299 655.15283831304919
3 2 610.82531052697129 -825.39876998016996
3 3 -1030.8983819425155 -453.06012136146990
4 0 -31.207137907287262 0.0000000000000000
4 1 410.66080567409449 -79.576313166260050
4 2 -333.61579520567608 -240.13540246288454
4 3 -91.973708530739913 276.69480897776020
4 4 136.62161173095384 -158.28766884965290
5 0 154.11517236522914 0.0000000000000000
5 1 -44.675972261605956 -20.386741666364937
5 2 145.69820772265609 2.5859103482776877
5 3 48.951743886900040 -22.205787478941051
5 4 -2.0405767333394524 22.862553989815993
5 5 -24.076651640463499 81.656763793001801
6 0 -14.769078258523304 0.0000000000000000
6 1 28.302710220702334 -22.643125348570322
6 2 -1.1650841491619481 -2.6927782608089297
6 3 -30.657058081896075 -13.556063836583268
6 4 -16.242409650821902 44.637231132622986
6 5 24.532720898276814 -7.5242844924393859
6 6 -4.9963658790119378 -22.526755555399859
7 0 -0.63754415235277551 0.0000000000000000
7 1 -1.0559582229999591 -0.61132142398287936
7 2 -1.2727222059592622 -7.6481287745766773
7 3 -2.2300926906371461 6.3770825080197575
7 4 7.4592785975151594 -1.8789765365636510
7 5 1.3490699153379726 -2.7500503762521764
7 6 -3.7820190244449359 0.82586944262119844
7 7 4.9843982349582658 4.7841421770251724
8 0 -6.82527976399164155E-002 0.0000000000000000
8 1 -2.48332376953310993E-004 -3.3396570191610087
8 2 0.24740935323786095 2.4596990860335701
8 3 0.75670548640608093 -1.5682727102544733
8 4 9.60636772313342296E-002 2.6314957161808561
8 5 0.61692350245175642 3.0027155683211353
8 6 1.3275173379252905 1.3423917075143774
8 7 -1.4319835769414540 -0.52171259752305676
8 8 -1.3845422653165398 -0.45164130107583988
9 0 -0.70163539229548766 0.0000000000000000
9 1 -0.37080130102880932 0.24084586915457470
9 2 -0.49114878683020768 -0.74097805749663859
9 3 5.40053655168289386E-003 0.32985790352717803
9 4 -0.25668803031829407 0.54211117584887758
9 5 0.90498373302981983 1.79839685744737007E-002
9 6 -0.53467760031458245 -0.70802991505503488
9 7 -0.47895242911392821 0.13628711301056290
9 8 0.36606535213111857 0.23256501467290513
9 9 0.33464266836437728 -0.22024309026413108
10 0 5.91772800453000680E-002 0.0000000000000000
10 1 -7.13581444880204835E-003 -4.09568828244928351E-002
10 2 -3.98231547732608299E-002 -2.09878215503497140E-004
10 3 -6.35665594008269358E-002 2.03571785663726017E-002
10 4 0.28404366150839910 7.38775294926380111E-002
10 5 6.04831793180613947E-002 0.12426717097865311
10 6 8.96133587989950409E-002 0.11899395494684439
10 7 6.07782011507300990E-002 0.14541275053912275
10 8 5.85963436305444035E-002 -9.79704186743381583E-002
10 9 -9.06153991542725523E-002 2.67122531704321216E-002
10 10 -5.02665244713733222E-002 0.10028929146705734
