-5510
1 0 -23835.245554714493 0.0000000000000000
1 1 -1261.1610031485272 103.06741860102595
2 0 -3465.4160932042623 0.0000000000000000
2 1 242.43231328215103 968.85356762348181
2 2 1441.8380004830867 1098.5679074797040
3 0 966.85833225487181 0.0000000000000000
3 1 368.29921874779023 565.99336919155212
3 2 636.97150432003093 -1003.5304848414182
3 3 -1232.9079112056263 -589.76751541145381
4 0 -3.2811297067729224 0.0000000000000000
4 1 503.48168994729605 -78.542560638658387
4 2 -368.98602569657487 -283.95298036563730
4 3 -66.965787368073805 254.19944210213512
4 4 191.15566549414115 -156.68933605862378
5 0 159.33130388098419 0.0000000000000000
5 1 -35.839251345651611 -3.3233832822454241
5 2 150.40972290879154 9.9210849358098354
5 3 66.820281755107800 -35.544295714423534
5 4 22.471183414852089 22.057143658082868
5 5 -29.551044207334890 89.195727011114883
6 0 -21.272038543645365 0.0000000000000000
6 1 31.890802000677297 -16.171108759756859
6 2 -3.1352195143529187 5.3907202104329146
6 3 -29.414437653751715 -15.116188202163652
6 4 -7.8240879183880336 46.390378129793191
6 5 28.782243761926189 -6.3704849955197904
6 6 -5.1086505295985463 -22.310070083526334
7 0 -2.2552228735105810 0.0000000000000000
7 1 -1.2766056003468405 0.60797937045231487
7 2 -1.0098286822561564 -5.3997742162103357
7 3 -2.4080781461277456 7.6772901450799740
7 4 10.115392392847028 -2.0419314056376132
7 5 2.6652909918630221 -1.2853751932365074
7 6 -3.7045120458330847 2.5615872007457248
7 7 5.4636098522199132 4.9510228441124076
8 0 -0.36409787663368071 0.0000000000000000
8 1 -0.13426791724354992 -3.4632354803418117
8 2 0.25349042752150808 3.2289930597078289
8 3 0.50944183542209298 -1.4314701322020826
8 4 0.19996349820349801 2.6807212601181645
8 5 0.96556450177758257 3.6115368437449669
8 6 1.6707403286360647 2.0623842786708981
8 7 -1.4189019363677480 -0.52384391586879520
8 8 -1.6355554733146505 -0.55577129142366988
9 0 -0.67912473201061108 0.0000000000000000
9 1 -0.47703538397488154 0.25173826700829210
9 2 -0.45262577243564361 -0.72350416991085531
9 3 -0.12131766859434910 0.41407877293891909
9 4 -0.39582185431861833 0.49804101545447671
9 5 0.95964380656459192 7.66456270258896732E-002
9 6 -0.50886371539651121 -0.58411857942039225
9 7 -0.45583220832314614 0.22626057305000385
9 8 0.33486529470010928 0.27323938752854088
9 9 0.36064005520991405 -0.25318308247341553
10 0 9.51845596192161802E-002 0.0000000000000000
10 1 -2.08742956125399157E-002 -6.80473628070354247E-002
10 2 -2.88333723634295186E-002 -1.47793963749427784E-002
10 3 -8.11696379858962980E-002 9.12717008825474812E-004
10 4 0.25746873047274288 5.17194967268036973E-002
10 5 3.73256253786561562E-002 0.11306835666116688
10 6 9.54348596642409230E-002 0.16395809314305929
10 7 6.25342645170835626E-002 0.18741460823990411
10 8 2.79523950979574491E-002 -9.64217927623759463E-002
10 9 -0.11110396557282436 2.85095938523034775E-002
10 10 -5.62016218213679461E-002 0.10297560968943138
