-5610
1 0 -24736.657276529597 0.0000000000000000
1 1 -1425.8643656057770 311.08519761058540
2 0 -3737.5325736083928 0.0000000000000000
2 1 103.08713968432751 812.27725707933212
2 2 1387.1697074331844 1315.7288731737985
3 0 1221.6716293444813 0.0000000000000000
3 1 363.09946423872537 390.04806164705872
3 2 700.83179355049822 -1201.7812735813959
3 3 -1389.9040501794709 -735.03856365173021
4 0 20.307661831612116 0.0000000000000000
4 1 573.24666942467002 -92.138232200889391
4 2 -392.38785533662326 -317.48126481774517
4 3 -27.799824652303226 205.10845571259426
4 4 239.14501614938075 -171.42060260853364
5 0 166.64099798344901 0.0000000000000000
5 1 -24.943492263166107 17.102849463941240
5 2 153.92134344878150 21.197704633990345
5 3 88.921907877033902 -54.869897958335940
5 4 45.383767065489309 17.795221741398898
5 5 -34.086295420133467 97.713854851950188
6 0 -28.193493396168023 0.0000000000000000
6 1 37.966677072284241 -8.7363866623559794
6 2 -5.4130424660137608 14.381793723655347
6 3 -25.601714173927242 -18.089477500186113
6 4 2.4716635592804206 46.389999714596279
6 5 33.970316618580156 -3.7534482940017924
6 6 -4.5592754236386481 -22.427853877143054
7 0 -3.8575429544132582 0.0000000000000000
7 1 -0.83090971861811769 2.6693660076212447
7 2 -0.71655150580162075 -2.2908668205764338
7 3 -2.2924895283847588 9.0958566927778648
7 4 13.064601380267682 -2.5963271036713387
7 5 4.5896628568594426 0.31684019342115627
7 6 -3.0734546806459928 4.1090476253815211
7 7 5.6186404946021842 5.0326657845853662
8 0 -0.75387717880752858 0.0000000000000000
8 1 -0.19602435929458104 -3.5564666917127221
8 2 0.41750164810952561 4.1999682146356685
8 3 0.32456715545841786 -1.0352120850174642
8 4 0.46074915326803501 2.6008927607078842
8 5 1.5237878872360284 4.1528229424708503
8 6 2.0962800656076137 2.7353845965820285
8 7 -1.4556249207129492 -0.50839505523087902
8 8 -1.8491655400145306 -0.60828236770550348
9 0 -0.68467623803825406 0.0000000000000000
9 1 -0.62129914714476220 0.24759308993371015
9 2 -0.38682489557930477 -0.67228980158178220
9 3 -0.24648459962585048 0.57952081451812287
9 4 -0.49159094390525659 0.42631750943618402
9 5 1.0469803146831720 0.10965513132958368
9 6 -0.43463834437134902 -0.43066274208414079
9 7 -0.43902207015386302 0.35130214223415812
9 8 0.29636997808823651 0.34061420403380671
9 9 0.37255495851886566 -0.29049207030918467
10 0 0.13396441041530197 0.0000000000000000
10 1 -4.80731629850981168E-002 -0.10925759864362072
10 2 -8.33609572665311958E-003 -2.45655795083911839E-002
10 3 -0.10396332277760427 5.07392140652595906E-003
10 4 0.22403344762823735 3.78606702738757683E-002
10 5 1.05146416315509694E-002 9.28400075542379355E-002
10 6 0.10401177023112083 0.21012866414744363
10 7 6.48475353585858116E-002 0.23610997691224705
10 8 -2.84919208424440785E-003 -7.55954711159071424E-002
10 9 -0.13415793599129155 3.06449956386219691E-002
10 10 -6.28786425784465530E-002 0.10314757668748094
