-5710
1 0 -24451.890189047950 0.0000000000000000
1 1 -1596.9475289284812 556.88889091386886
2 0 -3863.9775365421783 0.0000000000000000
2 1 17.036666425463249 1046.2162704975799
2 2 1259.3631644447651 1463.5892128583562
3 0 1213.7236417009460 0.0000000000000000
3 1 342.27172369089755 284.67588131679940
3 2 799.64211851154164 -1140.1518976025432
3 3 -1499.3790559496060 -784.70654064441101
4 0 22.260563127007917 0.0000000000000000
4 1 558.99580572413458 -124.31452804990246
4 2 -415.56301781901209 -266.10396201411311
4 3 -57.545389419847147 182.66084704533370
4 4 223.78733317425761 -194.04953112788894
5 0 171.67418713717743 0.0000000000000000
5 1 -43.562107564215168 16.040069249717483
5 2 147.04379023807746 28.073278186412324
5 3 82.492810813465709 -71.166963645554787
5 4 41.487949262827968 4.3066237969309267
5 5 -39.292969127186140 96.600371895222395
6 0 -27.740717792956289 0.0000000000000000
6 1 38.023312254670806 -9.2799607647662690
6 2 -9.2217390828568053 13.414006612760547
6 3 -26.317443641364623 -20.997659471307301
6 4 2.9311233090215891 43.805498456856611
6 5 33.641298176135351 -3.8321691180001172
6 6 -4.3818103321620665 -22.704708001589573
7 0 -2.4988597489382611 0.0000000000000000
7 1 -0.16547814270453937 3.1670166475608927
7 2 -1.3561022353606456 -1.9451798172894399
7 3 -2.3498861825594135 9.1719212360744375
7 4 12.691720586954714 -4.2926449106636513
7 5 4.2890855229031253 -0.10427682495854421
7 6 -2.6114950462706137 3.8269114160110012
7 7 5.5962853856305497 4.2584934114958113
8 0 -0.55793825685247689 0.0000000000000000
8 1 5.49937467872926231E-002 -3.3045786354100510
8 2 0.39682023424235452 4.3794604757930147
8 3 0.35059734695541717 -1.3022247488130805
8 4 0.43969805693640174 2.0685558036541560
8 5 1.6293986470493609 3.9603772380491513
8 6 2.4666437035787472 2.5669071077713239
8 7 -1.2953794967329477 -0.75168696243819855
8 8 -1.8593173964856218 -0.60838431125715042
9 0 -0.68464507854809431 0.0000000000000000
9 1 -0.52290880791699790 0.31555378575875337
9 2 -0.32031119264631741 -0.64976170435598224
9 3 -0.23726843179035767 0.58551196198935052
9 4 -0.43225001223039788 0.28970233102774279
9 5 1.0696601274242963 1.37784684186249215E-002
9 6 -0.38329374918811482 -0.48675234664910766
9 7 -0.36476182660952311 0.29645670367943694
9 8 0.29243692387437398 0.35542946115059992
9 9 0.36626584258426026 -0.31616495547003642
10 0 0.13702731436289414 0.0000000000000000
10 1 -2.28689397553176882E-002 -0.11633174936834409
10 2 8.68669464496625923E-003 2.16491764438315158E-003
10 3 -0.10250047358520177 8.40131056476027538E-003
10 4 0.24292416479471049 7.88768127125334152E-003
10 5 1.71368620144018774E-003 6.09187253801147591E-002
10 6 0.11988257839558450 0.18919655455193468
10 7 9.88478359495334885E-002 0.20264222291742731
10 8 7.88815590097409632E-004 -7.76176754258840890E-002
10 9 -0.13073362954021542 3.40649004900023950E-002
10 10 -5.93499160434268619E-002 0.10126686282218524
