-5810
1 0 -23948.386738474499 0.0000000000000000
1 1 -1952.3304781199122 579.47799589532997
2 0 -3902.5285840052411 0.0000000000000000
2 1 7.4113985165081999 1322.9957795197415
2 2 1189.8014630086789 1460.4467737112641
3 0 1002.4774618017194 0.0000000000000000
3 1 341.76758483699564 338.27013643182022
3 2 895.21506905479475 -877.13650287022438
3 3 -1500.4164424930304 -747.54280757287859
4 0 4.8550796909066349 0.0000000000000000
4 1 478.96838485964133 -161.99038203513686
4 2 -408.80921869156185 -177.21378772262966
4 3 -116.75900541977308 172.73986784545016
4 4 162.49541565155300 -223.22693391325032
5 0 171.23360322383184 0.0000000000000000
5 1 -81.445580246791792 3.5748361708376177
5 2 135.21472029457493 26.290815008638010
5 3 59.760507875811967 -87.831992337713160
5 4 20.418240309822600 -13.778067112853670
5 5 -42.439345923996903 89.618189695107802
6 0 -22.225505768004812 0.0000000000000000
6 1 32.369357455325684 -17.377844477134872
6 2 -11.645760593754268 3.6781901229752947
6 3 -30.219451146204854 -22.979841439712857
6 4 -3.9823888295046088 39.127249916696847
6 5 28.877153973178441 -5.4542737989437216
6 6 -5.1935782978786289 -22.594662556797442
7 0 0.96237570025462493 0.0000000000000000
7 1 -0.23043243873176822 2.0257305136507808
7 2 -3.1928477615077973 -3.8536743284445958
7 3 -2.6926837153620102 7.6750274929324149
7 4 9.6585712035088367 -6.3806424113857005
7 5 2.3221418633923383 -1.5706226445012834
7 6 -2.1064556404109740 2.3680952960537685
7 7 5.4839097066285509 2.9383348417622512
8 0 6.35501973681067145E-002 0.0000000000000000
8 1 0.24239141730108898 -2.9147527454421711
8 2 0.10926980128256993 3.7114102771799611
8 3 0.34077414144588480 -2.1128980022950534
8 4 6.28145093152861628E-002 1.4040954139889830
8 5 1.4671533515746780 3.4004811126811929
8 6 2.7671116437527403 1.8701717496651020
8 7 -1.0636915275948862 -1.0635584390290078
8 8 -1.7189532841251303 -0.54570815338026080
9 0 -0.66810131301963738 0.0000000000000000
9 1 -0.26240663072184789 0.39897871089777071
9 2 -0.34408096785104669 -0.70650888092235142
9 3 -0.15898191578658727 0.44424884842905799
9 4 -0.27657416332145951 0.17342690244572875
9 5 1.0102059585406105 -0.11736990976570214
9 6 -0.36677914138179196 -0.65237365650151868
9 7 -0.26767491633117585 0.13923499666110234
9 8 0.31335263811630293 0.31408317313228074
9 9 0.34138550407262452 -0.34183263062994784
10 0 0.13036201288624633 0.0000000000000000
10 1 3.87317430995864770E-002 -8.70673434782436445E-002
10 2 6.30731638483325412E-003 5.83533523934811338E-002
10 3 -9.19552967840950586E-002 6.35519345072947488E-003
10 4 0.27618022498308781 -4.14390271081778380E-002
10 5 5.96638183996890496E-003 3.12620739382477725E-002
10 6 0.14325152353511689 0.12780496513760262
10 7 0.14354168229798445 0.11129832811997260
10 8 2.43132887511117099E-002 -9.28690004422066534E-002
10 9 -0.10792126275664275 4.12710469248224951E-002
10 10 -4.44874351969427387E-002 9.83108607822742731E-002
