-6010
1 0 -24385.335906249755 0.0000000000000000
1 1 -2631.6525915954635 53.100140279840943
2 0 -3120.3981997519672 0.0000000000000000
2 1 -116.59063681865231 1348.0359509080022
2 2 1226.1584555995412 1304.5156630922390
3 0 630.74032278227719 0.0000000000000000
3 1 493.24029406677334 398.98837864088136
3 2 891.18734516310656 -263.08686391786819
3 3 -1300.2555595556228 -471.35262423627398
4 0 -27.990548363597391 0.0000000000000000
4 1 236.90517842370832 -209.75730962968319
4 2 -346.40601847450336 -60.982475262493537
4 3 -115.74608462262661 146.28002492856098
4 4 83.716915693788735 -270.19520687953769
5 0 157.30956732170995 0.0000000000000000
5 1 -125.40240817046282 -8.4869444134931378
5 2 105.20332735044529 30.057930755636697
5 3 42.916393848959835 -85.150651569217928
5 4 -9.6529485147322660 -17.568692979670633
5 5 -30.782635839725373 81.383514384338781
6 0 -10.490623187003415 0.0000000000000000
6 1 19.022541361191536 -27.508867305005545
6 2 -11.235991033477077 -14.913953810612961
6 3 -30.199129769835533 -14.897496746591671
6 4 -8.1447475103293812 34.225390557917656
6 5 19.462538457515233 -3.5617725184837354
6 6 -9.3050151673950321 -21.872948939445628
7 0 7.1884442116794247 0.0000000000000000
7 1 -0.47690072450099924 -0.15525460866655941
7 2 -6.7531177516217786 -4.7288394675459973
7 3 -3.4930768378430428 4.7333076949269826
7 4 5.9289054153341603 -7.4930828933653331
7 5 -0.40876464661127399 -2.1313686514739594
7 6 -0.53582106537927032 1.2582755380158550
7 7 5.3924312343464234 1.5597578197711108
8 0 1.0586567900833621 0.0000000000000000
8 1 0.21969300516883919 -2.3769799150304753
8 2 -0.21586139722520337 1.9065811384931397
8 3 0.17211777166120845 -2.6849364422874604
8 4 -0.44153050503993518 0.88777229750525133
8 5 1.3115928026583494 3.0466647107834710
8 6 2.6032775162233235 1.0633245448361812
8 7 -0.93571999889472801 -1.1309115810574499
8 8 -1.5093840330332877 -0.26044696891680053
9 0 -0.45961368181803219 0.0000000000000000
9 1 0.13458881651637125 0.30481357832870914
9 2 -0.40731060606777442 -0.81643748980418962
9 3 -0.20508190859464859 0.17141590052737801
9 4 3.78509007281935400E-002 0.13309532136640831
9 5 0.80931090305757747 -0.19492683358775381
9 6 -0.36480412155811015 -0.64207358942194148
9 7 -0.21427449768268006 5.10459282406834913E-002
9 8 0.32862235018726144 0.14817504348261079
9 9 0.27088153843099172 -0.38616995044746905
10 0 0.14396785634785236 0.0000000000000000
10 1 0.14294876226809911 -7.49862969575772337E-002
10 2 -2.05248771580930425E-002 9.49486209011251581E-002
10 3 -7.21747167949135793E-002 4.57053463226168334E-003
10 4 0.22529053874409413 -0.10099227427330218
10 5 1.36560541632300830E-002 -1.25388355873554264E-002
10 6 0.15776401185386962 8.29832688688764281E-002
10 7 0.18081868938703516 8.30163088358076146E-005
10 8 3.78931415890337436E-002 -9.51348371990769631E-002
10 9 -8.87277851477791257E-002 5.48139527152286324E-002
10 10 -2.01260390180819024E-002 9.32767969653556100E-002
