-6310
1 0 -24355.931836224841 0.0000000000000000
1 1 -1617.5389502939504 -262.36599418842906
2 0 -2806.4726833371778 0.0000000000000000
2 1 -1186.1885154847105 1341.7121854765692
2 2 942.14698838371703 897.80515579460962
3 0 748.59156886582957 0.0000000000000000
3 1 866.09103752974863 320.68931834534015
3 2 584.30939676818662 86.574978934132815
3 3 -1049.4079960375802 107.24010824413980
4 0 -51.732279641251957 0.0000000000000000
4 1 -46.419687395929749 -210.82104880466758
4 2 -287.09586523907075 -44.318232971620589
4 3 -69.753943271034359 57.552885894007595
4 4 114.35735966529235 -281.57908152439745
5 0 145.29559115746468 0.0000000000000000
5 1 -107.46823684262272 9.3655948476279551
5 2 84.350356747307814 51.730482187974921
5 3 54.645175582226400 -64.113502627159590
5 4 -16.524317948880501 11.381824552046522
5 5 -1.0894716302588090 66.684247074809306
6 0 -6.4420621453790083 0.0000000000000000
6 1 9.3909916126277189 -35.216802951949305
6 2 2.2011846090687128 -24.964225579880587
6 3 -17.345969076227572 -0.14189145085148883
6 4 3.7180553612402618 30.923042544638815
6 5 15.535903958609996 -1.2994200649609546
6 6 -17.270271588973589 -22.523322256095462
7 0 9.7577557830851482 0.0000000000000000
7 1 -1.1634737711600853 -1.2498998542406656
7 2 -8.5866882938057163 -2.7364383511406132
7 3 -2.2750772384994891 2.0890532016295604
7 4 5.5976070044327004 -7.0673147131081544
7 5 -0.90988176124768194 -3.8839230037178143
7 6 0.98502090214574167 0.99467424916675418
7 7 5.3122679784361342 2.0039621046348426
8 0 1.4709623136225929 0.0000000000000000
8 1 3.15093455295227809E-002 -2.8770247618627689
8 2 0.31799853280896745 3.57519329731292024E-002
8 3 0.69162749457419315 -1.8540644249860940
8 4 -0.67864953252453120 0.85018731989918583
8 5 1.0513859645266035 3.0230830309568448
8 6 1.5781535599355501 0.55583637486331461
8 7 -0.78494118636491805 -0.70996383338080238
8 8 -1.2564168855472224 9.94715166577458815E-002
9 0 -0.28604372281846147 0.0000000000000000
9 1 0.20720956831474266 2.44779611881751763E-002
9 2 -0.56542902673665740 -1.0559107734994693
9 3 -0.30036882874349002 -0.17397830937405478
9 4 0.21622904582640845 0.19171967451231922
9 5 0.46669902987126755 -0.14220422114566722
9 6 -0.34728276719276030 -0.40764029734089130
9 7 -0.22414693449742909 0.26326660479650388
9 8 0.35639790975233143 -2.60320073699070106E-002
9 9 0.22971408490073930 -0.40790604420141807
10 0 0.15936286923515006 0.0000000000000000
10 1 0.18591377112895438 -0.10718207942367088
10 2 -5.77946791422382852E-002 1.56261774278797609E-002
10 3 -7.58040745695219564E-002 3.15859047289476363E-002
10 4 5.31847045080752548E-002 -9.39354522190377628E-002
10 5 -3.26314084619445041E-002 -2.03364377793876297E-002
10 6 0.11631271223462368 0.10962604727692388
10 7 0.21724300801334634 -1.50030411204432629E-002
10 8 6.97321150189772199E-002 -5.19276113491466615E-002
10 9 -8.67107705639184462E-002 6.57615672330281315E-002
10 10 -1.89568389124568099E-003 8.52354278979772645E-002
