-6510
1 0 -24553.421889330533 0.0000000000000000
1 1 -387.54781405715818 -779.94915403317214
2 0 -3061.1695301080458 0.0000000000000000
2 1 -1638.4602799927097 1126.5088204216802
2 2 963.11456846607598 1290.0769362929932
3 0 880.93718262976518 0.0000000000000000
3 1 1098.0135714833175 274.10385436688892
3 2 247.99209616442283 387.17490491797372
3 3 -1102.3670027675662 274.87606378295106
4 0 -157.41532379700664 0.0000000000000000
4 1 -124.65023373500721 -226.54786336421515
4 2 -306.38011814049241 -95.192753417124095
4 3 -108.92846660607803 -32.605578112103011
4 4 186.56157524946110 -251.14928831699117
5 0 115.55851588817191 0.0000000000000000
5 1 -51.324408133891410 3.0505810822772301
5 2 61.537059242997778 67.507667472467062
5 3 50.055792584230076 -52.208466117829801
5 4 -23.211828609524751 32.108822587273600
5 5 -5.6002526104281953 63.132034099283004
6 0 -11.553188909986099 0.0000000000000000
6 1 3.9708005807544318 -31.332750712206462
6 2 6.4049148148339894 -23.087121279394442
6 3 -15.222028670829458 2.9799811845771940
6 4 0.30812157251838934 27.218543493707042
6 5 10.911104209687556 -2.0104944779811720
6 6 -17.336475351499505 -23.994327425526425
7 0 6.1862705958583346 0.0000000000000000
7 1 -2.7301384700373186 0.75217918887557333
7 2 -8.2456556648796031 -3.4607410244214369
7 3 -2.2669083523970959 -0.24592482009280592
7 4 5.9960801953691032 -6.6160558602299275
7 5 -0.86830787026210965 -5.4017804529124600
7 6 1.3539714600456987 0.91785129658958076
7 7 4.9950861877646826 3.1821793607343367
8 0 1.1164641017852559 0.0000000000000000
8 1 3.63021366188295627E-002 -2.9302630370084959
8 2 1.0238410485699856 -0.60911639803947037
8 3 1.1425460291763041 -0.76483223164340819
8 4 -0.71904014325686771 0.79707093948383767
8 5 0.15680313340767726 2.9008814405394188
8 6 0.67101867659885162 0.30931501367326258
8 7 -0.86144443644632540 -0.72936967316682566
8 8 -1.3083276869606022 0.18358350908148852
9 0 -0.19644120832702947 0.0000000000000000
9 1 -5.61782162358311944E-003 6.19778390073546237E-002
9 2 -0.57258418457396021 -0.89277391263369454
9 3 -0.38675064207615251 -0.41585198219018893
9 4 0.15602220043971560 7.50723909261077488E-002
9 5 0.20668068319514107 -0.17473780206000855
9 6 -0.33749516229760052 -0.48928560867270299
9 7 -0.29147288750941852 0.26429083148670957
9 8 0.34156973178160677 -1.59222816264859256E-002
9 9 0.30142943618822921 -0.37233963505210649
10 0 0.13264600800211235 0.0000000000000000
10 1 0.12881289516929276 -9.17133173715092703E-002
10 2 -5.11015620762668848E-002 -1.61775090762564071E-002
10 3 -8.18271061514922876E-002 1.59325736246610922E-002
10 4 -1.07333045257497813E-002 -9.08674682979296044E-002
10 5 -3.81485124688140526E-002 -4.75635916723967794E-002
10 6 6.18703387934755114E-002 0.10907966829852764
10 7 0.20139395731257687 2.82970394687580284E-002
10 8 6.89486218512429389E-002 -1.18155824922940734E-002
10 9 -8.72275491524926450E-002 5.92200879545820083E-002
10 10 -1.89100603595842923E-002 9.04377808457443033E-002
