-6610
1 0 -24356.313812486387 0.0000000000000000
1 1 120.51962324284675 -894.00641252926994
2 0 -3611.9685626307723 0.0000000000000000
2 1 -1674.6155326666233 954.60328041104356
2 2 893.88440529554657 1519.0637131298379
3 0 846.11735226817518 0.0000000000000000
3 1 1130.6452944000714 278.03964296053459
3 2 150.04538776903834 417.32744691404093
3 3 -1080.5283453546099 275.05971412691525
4 0 -212.66797425140069 0.0000000000000000
4 1 -116.74587142463204 -226.31070189882070
4 2 -328.13756304149774 -110.72381960614261
4 3 -134.09307027383207 -46.367175524858105
4 4 209.78489175309875 -230.03476986343651
5 0 100.02983473020525 0.0000000000000000
5 1 -35.100148044535786 6.5336869998793832
5 2 56.614561333965149 68.279516881936274
5 3 44.323849911695170 -48.348297319584397
5 4 -27.074244405790811 28.012646671147753
5 5 -12.916536881227195 60.682095973031267
6 0 -15.557652696969889 0.0000000000000000
6 1 1.8839978186990969 -28.553084855403345
6 2 9.1718492548114909 -19.912962328875999
6 3 -16.617276347065893 1.2009295377059130
6 4 -3.1058529490703295 24.257918685142617
6 5 7.8080912968382572 -1.8348658990075841
6 6 -15.465331247789736 -22.868958416778529
7 0 3.6779721886622223 0.0000000000000000
7 1 -3.7404977019237644 1.9418472270081666
7 2 -7.6642377447247982 -3.9555438654943038
7 3 -2.2735928448305756 -1.1253620894876106
7 4 5.4687850009046866 -6.5978185563276623
7 5 -1.4821220776325137 -6.0185703816822054
7 6 1.1736256197306885 1.1323809458757466
7 7 4.7418905210624969 3.5570457944321072
8 0 0.82234053059971912 0.0000000000000000
8 1 -6.32327208221161313E-002 -2.8085808294357157
8 2 1.1919569922295115 -0.49935207367144613
8 3 1.2842426508878000 -0.42724426862600995
8 4 -0.82948495396560840 0.74350566259217965
8 5 -0.30299432564226664 2.8160365160482295
8 6 0.41899303849641312 0.30135440346084091
8 7 -0.79114838264154930 -0.80460015099858695
8 8 -1.3137797211630331 0.17218573287029976
9 0 -0.22023195513446864 0.0000000000000000
9 1 -0.14351555458849541 0.14969028643314211
9 2 -0.59085398720795768 -0.79056093059355304
9 3 -0.33916071426344058 -0.44550581373810028
9 4 8.27177046027872398E-002 2.78050532240109449E-002
9 5 0.13837202434441154 -0.18381690249982313
9 6 -0.32979809997419329 -0.53133132626809210
9 7 -0.31973636134209882 0.22925136277295685
9 8 0.30867751291504464 5.76831886167572137E-004
9 9 0.32143244341397736 -0.32903689358434296
10 0 0.12201891689147955 0.0000000000000000
10 1 8.86787786045222237E-002 -6.97706986812249574E-002
10 2 -4.16308218142038278E-002 -1.28490432866748064E-002
10 3 -7.39599103917483874E-002 2.18577613583852484E-002
10 4 -1.28614608785967959E-002 -9.51450923323672870E-002
10 5 -3.72533036732091427E-002 -5.32636155066287531E-002
10 6 4.17938127753699623E-002 0.10154513397397974
10 7 0.18975368534568987 3.94913937889349309E-002
10 8 6.42092076209469786E-002 -1.15573346174704487E-002
10 9 -8.99668973031356040E-002 5.25307297396397505E-002
10 10 -2.71323667988165838E-002 9.20177904079828857E-002
