-6910
1 0 -25965.684915932932 0.0000000000000000
1 1 211.80830459234528 -378.15212434097367
2 0 -4235.9545141117624 0.0000000000000000
2 1 -878.30078229581159 618.21016846305872
2 2 1525.5627059233245 1923.0211547537933
3 0 268.94989917040647 0.0000000000000000
3 1 916.76436020697054 621.04662911158869
3 2 178.24695429831900 112.24176280368448
3 3 -794.94600826822852 215.83206781927746
4 0 -281.93537866374783 0.0000000000000000
4 1 -31.638515445460481 -164.66773919144956
4 2 -249.15741660321794 -145.27798568385501
4 3 -33.291226565932760 -26.987233428946322
4 4 271.62849240705935 -220.25188060670808
5 0 26.352762577328985 0.0000000000000000
5 1 7.4208310784976206 18.445137976510445
5 2 68.223062555451222 49.865795001628392
5 3 76.005752656379670 -30.068122483870667
5 4 -25.750625135720480 -15.219695204448389
5 5 -27.343325279833927 50.272559857766197
6 0 -17.108615655721710 0.0000000000000000
6 1 0.34776486756931013 -7.5919438274103657
6 2 22.395699011569938 -5.2338582935152926
6 3 -12.881948055440612 -4.0660110847200608
6 4 -7.5312788309151788 6.6513844660830070
6 5 2.2716632042667819 -8.6778619273840896
6 6 -9.6958865954045859 -20.225324970054498
7 0 -2.1925564758773413 0.0000000000000000
7 1 -3.3749804157953540 3.1751289492781116
7 2 -2.5622881573872962 -3.4975270373784331
7 3 1.6808736830454076 -3.4579495847024311
7 4 5.5845073337265365 -8.5810232239493924
7 5 -1.5500195753855390 -9.0273192735248635
7 6 0.21499379070230926 2.4325130763532838
7 7 4.1728330147114434 4.1042202598466684
8 0 0.34478423660961172 0.0000000000000000
8 1 -0.46712334292522978 -1.3053060636584617
8 2 1.6908771556554889 0.12102797704264609
8 3 1.9874114200453692 -0.18514270810487438
8 4 -0.42694149690673278 -0.37174682780061385
8 5 -0.87067693683375391 1.5876990681219803
8 6 -2.06667162349224685E-002 0.36519488299375685
8 7 -0.61423046997682906 -0.94922650774499950
8 8 -1.3059382147600980 2.19804238478801851E-002
9 0 -0.12768326420497075 0.0000000000000000
9 1 -0.39987904171774180 0.26695525102498763
9 2 -0.29234239087295794 -0.32394537237150672
9 3 -4.58273718063694629E-002 -0.48826554173068548
9 4 6.39811392201352497E-002 -0.16345404739505884
9 5 9.03117122064548972E-002 -0.48518144168979510
9 6 -0.32430309460252627 -0.61390647521717312
9 7 -0.33535308179299073 5.67669307419795197E-002
9 8 0.33153750386280678 1.94234168775764444E-002
9 9 0.35088772738551299 -0.21863201999852547
10 0 5.11189188764122546E-002 0.0000000000000000
10 1 -2.80964496859004050E-002 -1.09517535075105369E-002
10 2 -2.91979334567686669E-002 -3.70162512127512403E-002
10 3 1.56306949376541701E-002 -5.67632033396653184E-003
10 4 7.10221357696685096E-002 -0.14239862145266713
10 5 1.47317972382376323E-002 -0.11120517846477965
10 6 -1.22984783836669275E-003 7.63518736483113358E-002
10 7 0.16452140618065175 4.98696012358958440E-002
10 8 6.87080286781518584E-002 -2.98106792338387709E-002
10 9 -0.10552415119307239 3.31208038974782348E-002
10 10 -4.45315484866245087E-002 9.59621098460895633E-002
