-7010
1 0 -26966.973271591633 0.0000000000000000
1 1 266.67253117481937 225.89001547956363
2 0 -4387.1917147314343 0.0000000000000000
2 1 -379.94702497304320 610.84385087245812
2 2 1862.8082424251204 2042.3600343393025
3 0 246.10423610978023 0.0000000000000000
3 1 770.82607151227376 807.63477729714020
3 2 312.46439079454575 -44.313502250218669
3 3 -637.80451886419064 154.31140586529565
4 0 -286.07358467934756 0.0000000000000000
4 1 30.931101029364388 -158.40203413125352
4 2 -152.28474937593899 -141.09314182189175
4 3 36.901399603940455 -33.381655562985102
4 4 289.49319536714825 -237.72304040118360
5 0 14.719183703228978 0.0000000000000000
5 1 20.036145466674792 31.633575637884121
5 2 80.194224952409641 39.339234862889498
5 3 95.316807570942260 -32.175205962445673
5 4 -21.316943182464993 -36.748582806417048
5 5 -34.540397549771342 42.653572776318661
6 0 -16.746996541854251 0.0000000000000000
6 1 3.3754290796434465 -2.5237679387722194
6 2 28.425100082498169 -1.6806132092950157
6 3 -7.5253629207260371 -8.7172961068900179
6 4 -5.7396140085226603 -2.4412026240611131
6 5 0.58571551074592354 -11.399106592979479
6 6 -7.8895286184033164 -18.976174024200805
7 0 -3.4967100787819811 0.0000000000000000
7 1 -2.6990083103775140 4.1040294237505748
7 2 -0.47800992609580784 -3.8881344279329024
7 3 3.8385367388524454 -4.5117699272604099
7 4 5.8477264093104839 -9.6776968485684431
7 5 -1.7681625964191261 -9.8006444319771422
7 6 -0.17856119267362980 2.7725717343627521
7 7 3.7125310312574724 4.0985091409134471
8 0 0.24732061242824566 0.0000000000000000
8 1 -0.45782618782036399 -0.91259331166776136
8 2 2.0407151787834050 0.34083703678013244
8 3 2.2164285688569754 -0.32402570450861762
8 4 -0.15692592014448542 -1.0061264064961537
8 5 -1.0050472922768765 0.94931501939838137
8 6 -0.20789475188486811 0.40583643347511300
8 7 -0.54727221713745866 -0.93415182365151339
8 8 -1.1956022739721055 -5.37828128425487523E-002
9 0 -0.14357844480393717 0.0000000000000000
9 1 -0.46300476228903575 0.29917920412683818
9 2 -0.18067096180597431 -0.23467876852603500
9 3 0.11902164751259461 -0.51655262460230267
9 4 9.42383853554816103E-002 -0.27807563135973756
9 5 6.39965864245959498E-002 -0.61496615574077729
9 6 -0.32940922496919711 -0.57407265801882368
9 7 -0.29839097857492625 5.19400106508376425E-002
9 8 0.34379699403715064 2.88244752822890762E-002
9 9 0.33847131274648179 -0.19707420277220694
10 0 3.87403584193242168E-002 0.0000000000000000
10 1 -6.18701923123992151E-002 5.44557724848149325E-003
10 2 -1.18848379720634806E-002 -2.43169012087702113E-002
10 3 3.98550341410449857E-002 -1.95702785283087891E-002
10 4 9.89948152848702939E-002 -0.16582098917467952
10 5 2.50388428302241242E-002 -0.13691526946022395
10 6 -2.30876963225345802E-002 6.93793380948879573E-002
10 7 0.15635424520853008 5.71246654783329477E-002
10 8 7.46273353662489092E-002 -3.48467210559337964E-002
10 9 -0.10583816360909828 1.90686042487625308E-002
10 10 -4.88261579209105581E-002 9.07353507181408725E-002
