-710
1 0 -37288.632851334994 0.0000000000000000
1 1 -2610.7906779653517 -2855.2810238845586
2 0 -593.44357076240885 0.0000000000000000
2 1 -934.60446935093069 1085.7000602102012
2 2 1498.0049283399987 334.50706197041637
3 0 -1096.0438539990364 0.0000000000000000
3 1 -155.91845247902850 227.22268744060844
3 2 -535.53281642389652 96.138868412077613
3 3 -454.16715626242876 571.12264888690231
4 0 -123.16591456283626 0.0000000000000000
4 1 -254.57091237651969 34.010318065045993
4 2 -325.53614322724138 -45.366629270591218
4 3 184.89454056098080 41.452956628399413
4 4 27.636915153300027 -380.13271041081504
5 0 -8.3690053777768671 0.0000000000000000
5 1 -20.752437570831603 -77.990653498011227
5 2 61.908058546227267 41.881030613012413
5 3 118.88098641675479 -113.19965770508898
5 4 -82.582788508026795 -58.379936635262993
5 5 -120.49759902736596 151.08679123555046
6 0 -1.9785346842265017 0.0000000000000000
6 1 1.1467530810568614 6.2946204799290397
6 2 -12.343158229144811 -19.716139863401754
6 3 -12.642289679723673 -37.979549891672768
6 4 -42.929538986303996 -19.694967898738447
6 5 -37.919371893285437 9.4527314794290529
6 6 -11.844133572830973 -13.120543470323764
7 0 4.2139074904065383 0.0000000000000000
7 1 1.1056895847182959 -2.7091862016509598
7 2 -4.0449156765027583 -9.7013346418937907
7 3 -1.7345430488442664 -9.1413618398352909
7 4 -0.71720342654992164 -17.727656551637789
7 5 -16.523535033842311 -0.50583696776418718
7 6 -2.2138901883538820 7.4748468492012572
7 7 3.2847682093953923 2.4324224505382404
8 0 1.2542791448311419 0.0000000000000000
8 1 0.36941368767542893 -0.54350266481765586
8 2 -0.50016570828191520 -1.3608275378725292
8 3 0.74364614921629957 -2.9345880419837043
8 4 -1.6054746828869602 -3.6317751323523018
8 5 -4.8089363846880131 2.1505590606678462
8 6 -0.44860245410577299 3.4881870653242073
8 7 -1.5312894388448337 -1.5650764950161229
8 8 -1.6421017011585606 -0.82280795850839994
9 0 0.10443380070064109 0.0000000000000000
9 1 -2.04852070108300505E-002 0.45048102141604046
9 2 0.15836306592267188 -0.15955017330379234
9 3 -0.69731795811629849 -0.45162613713611638
9 4 -0.26181648867155050 -1.2124895338436816
9 5 -0.68207045291754675 -0.46334776714322196
9 6 -0.58842258091539734 0.22009556273639549
9 7 -8.33777803454618244E-003 -0.35969783076132189
9 8 0.21897322026484473 -0.38597141224779180
9 9 0.19104665824077746 -0.46000067331612926
10 0 -4.82029713736401022E-002 0.0000000000000000
10 1 4.59373280650824736E-002 2.93436020441921117E-002
10 2 5.46700711233745196E-002 -4.08981880494098567E-003
10 3 -4.57055936033047491E-002 -6.02911334019818612E-002
10 4 0.18811206393491384 -0.25927569541391421
10 5 -0.10124217070615014 -0.15842341149307362
10 6 3.56625331513368837E-002 0.36245394779926760
10 7 0.27765955857851188 -3.27529342809490115E-002
10 8 -5.77307436561554227E-002 -0.30381400050551244
10 9 -0.21046341369169549 -5.50190872585209628E-002
10 10 -2.76496616008180054E-002 0.12068728250853329
