-7210
1 0 -29444.505582095851 0.0000000000000000
1 1 344.50783613957066 926.50436445818809
2 0 -3565.6755023714404 0.0000000000000000
2 1 737.20001216078970 715.23590022817962
2 2 2447.8309917453494 1919.1727855546710
3 0 321.23763175473528 0.0000000000000000
3 1 469.55033285264278 1013.1667028944579
3 2 527.95366096983253 -245.79523085558043
3 3 -394.21531334426652 145.72323690488048
4 0 -207.53532199589512 0.0000000000000000
4 1 132.29195819968854 -142.44605416628582
4 2 16.258921927297965 -127.01425874676195
4 3 165.84934380093296 -59.681638571462408
4 4 285.72546856996485 -264.14427303980619
5 0 -8.54134472832013270E-002 0.0000000000000000
5 1 43.452533784244523 38.498327980190261
5 2 100.81409941172933 13.289789806393330
5 3 115.26515923776356 -37.528514933109129
5 4 -17.659036814043425 -60.820719950582635
5 5 -34.907418014296134 40.401703629224500
6 0 -11.068286607005760 0.0000000000000000
6 1 10.650113114113021 4.5765470686683987
6 2 34.373139590941946 1.9566153175961194
6 3 -0.98080115044745830 -15.227172820462057
6 4 -3.6745480354164450 -13.586195995430382
6 5 -1.5540936876529754 -14.535608134817517
6 6 -5.2412320028499391 -17.445587350939775
7 0 -4.3846484481462111 0.0000000000000000
7 1 -0.74902445012550878 3.6186087587772207
7 2 2.5189905430912090 -4.2909136914852573
7 3 6.6755003853751296 -5.8095990045541175
7 4 5.5581833827447547 -10.330153631578410
7 5 -1.4005814973214021 -9.5876959914447788
7 6 -0.14985186568188291 3.0820030761791108
7 7 3.0739755460100313 3.8956274294830431
8 0 -2.57313979711716913E-002 0.0000000000000000
8 1 -0.40977042245906331 -0.17702083758737383
8 2 2.1479331391586931 0.34064235191285003
8 3 2.3019691852395563 -0.72085476497700818
8 4 0.27333518728885647 -1.7125095861053001
8 5 -0.89735295079354116 0.11789571914969900
8 6 -0.31504851774571019 0.34847299375054791
8 7 -0.58497192279944188 -0.74311894026496783
8 8 -1.0078907795807419 -7.84354976416225813E-002
9 0 -0.16095199553314865 0.0000000000000000
9 1 -0.41169409882083824 0.26746599615120881
9 2 5.07458958285844086E-002 -9.26114632503458601E-002
9 3 0.31419937377433865 -0.46908549710656622
9 4 0.13859518770363746 -0.38748396377241073
9 5 3.78730481184493400E-002 -0.72597737665959028
9 6 -0.30933925287285435 -0.46319193903678135
9 7 -0.22231766370556255 1.91004544480477406E-002
9 8 0.38143886176020020 1.37156672260660088E-002
9 9 0.29142975769680624 -0.16448778361975419
10 0 -4.64352014897189032E-003 0.0000000000000000
10 1 -8.88615564215177178E-002 3.12191860465310216E-002
10 2 6.34726885069471138E-003 -1.10796927695044900E-002
10 3 8.18246817212075483E-002 -5.16613077703312606E-002
10 4 0.13280772281714728 -0.19593450499337678
10 5 4.34557376288302391E-002 -0.14908693130575951
10 6 -3.04194277127677465E-002 6.06590473108532813E-002
10 7 0.13497841452708156 5.49023496625807017E-002
10 8 6.80449708455650171E-002 -3.59651674265657056E-002
10 9 -0.10039190796120936 1.23548774857300918E-002
10 10 -4.35916913081390578E-002 8.64473712344967782E-002
