-7410
1 0 -30161.063592947765 0.0000000000000000
1 1 718.64222171469919 1217.2864188078261
2 0 -2531.8036674718892 0.0000000000000000
2 1 661.02084816926367 680.76448939760985
2 2 2601.8378544033303 1630.2357299350626
3 0 312.47653535384973 0.0000000000000000
3 1 342.19085982858292 818.97428681091878
3 2 781.16719718306126 -274.10182932419434
3 3 -366.83707278425891 184.49643526282395
4 0 -135.19986027901686 0.0000000000000000
4 1 157.08215888075307 -179.71850453188446
4 2 80.006986506403678 -77.917935842336618
4 3 177.26060419927012 -36.218580258529983
4 4 241.98741993318828 -255.40848438348746
5 0 -4.0524038957258890 0.0000000000000000
5 1 40.930688738518107 25.882079824173367
5 2 96.732850469163111 6.4439598818162356
5 3 109.18633176957401 -36.694275636487376
5 4 -25.463202811240201 -66.375868397037550
5 5 -34.675029207589013 39.745064683727662
6 0 -6.6189764536257751 0.0000000000000000
6 1 11.721902162390640 6.4818414376357030
6 2 29.905332734103531 0.46655774384307663
6 3 -2.2750374837234277 -14.269459563529796
6 4 -5.1665980120662924 -12.446275227366339
6 5 -1.6157876520337502 -12.352048193622913
6 6 -3.0902220840650028 -15.831821020057518
7 0 -3.6198863339999474 0.0000000000000000
7 1 0.31807392631981146 2.7811189316218483
7 2 2.0721280791253465 -4.3427059337774772
7 3 6.0218661870604802 -5.0295103766579397
7 4 4.3294977422593579 -9.5238344667671626
7 5 -1.1104555352740286 -8.3882710246597512
7 6 -2.99102102998137706E-002 3.4235280202376974
7 7 2.3704550364329751 3.2656276102192860
8 0 -0.11431874123273744 0.0000000000000000
8 1 -0.37616000376263115 0.32432772322080983
8 2 1.7506486796472049 0.21133114118970384
8 3 1.8351233693057365 -0.76125138405997728
8 4 0.10077423204988732 -1.8641049444970998
8 5 -0.66113448064344704 9.01792699399842079E-002
8 6 -0.10366710261067205 0.53611571728458529
8 7 -0.57966000280758445 -0.68707934711712282
8 8 -0.88621785407224052 -8.08245488409035512E-002
9 0 -0.16046242059746602 0.0000000000000000
9 1 -0.33072140090848345 0.30249726288226331
9 2 0.14591560649570162 -3.82880994726441728E-002
9 3 0.24535200922831052 -0.39928398688991307
9 4 0.10539878227840405 -0.39753635380038477
9 5 3.50058641384380920E-002 -0.68049826644327127
9 6 -0.28272008984094599 -0.33363045829372440
9 7 -0.21994399115128588 2.97639800236582548E-002
9 8 0.36043730659432771 3.20208784062453872E-002
9 9 0.25751209940651898 -0.15929154439584023
10 0 -2.67553285374818525E-002 0.0000000000000000
10 1 -7.37451669733836246E-002 4.79679666878981489E-002
10 2 1.35077544647856616E-002 -5.63281867598478848E-003
10 3 8.30202546610698255E-002 -6.14562507091481539E-002
10 4 0.12589584584138891 -0.19606329631954247
10 5 3.92209478854282922E-002 -0.14164301338372004
10 6 -2.73915776889206465E-002 7.43567480948379156E-002
10 7 0.12156193539879356 5.56833596935830885E-002
10 8 5.89101589421112612E-002 -3.23035345768604987E-002
10 9 -9.07543346488785818E-002 5.83047106549095320E-003
10 10 -3.92780396078749594E-002 7.80864486923587980E-002
