-7510
1 0 -30417.641169013019 0.0000000000000000
1 1 925.36789941640734 933.45973607402675
2 0 -2127.8419372795020 0.0000000000000000
2 1 497.00308525947401 571.79968574516272
2 2 2577.9113620735734 1363.2020225055028
3 0 161.27702116876793 0.0000000000000000
3 1 316.34481189792859 573.58327770960989
3 2 826.96079113683345 -329.06158345176488
3 3 -474.81193334333739 181.74179526477602
4 0 -126.75524343909512 0.0000000000000000
4 1 137.77909799737685 -207.88469041629034
4 2 55.297847900191847 -63.359770383879699
4 3 130.44741944701144 -38.729760295280293
4 4 208.32398987107305 -248.37433592019039
5 0 -14.414571599316339 0.0000000000000000
5 1 29.570385151907331 10.494881167127783
5 2 85.255279688246986 3.4561152042483458
5 3 92.755068657035352 -39.737712741251251
5 4 -38.090159546162297 -59.595716447361703
5 5 -35.408809725406954 44.669115945215218
6 0 -7.5802939583320157 0.0000000000000000
6 1 8.0727396759220831 7.4242153774234847
6 2 22.930836892575041 -2.6350695676751950
6 3 -7.5396689042441922 -13.758945592698206
6 4 -8.6809931875109800 -8.3479741657498998
6 5 -1.5700473068743737 -9.7242053317455976
6 6 -2.3186354759738772 -16.041225081642040
7 0 -3.5204109236572085 0.0000000000000000
7 1 -0.14225785631819224 2.1489195024283800
7 2 0.88587092575288795 -4.6326461183007286
7 3 4.4282051830287674 -4.1058605143871292
7 4 3.0892434158528799 -8.4629494464599837
7 5 -1.2535711738560329 -7.3663950487410377
7 6 0.26761211220182873 3.4175657993274120
7 7 2.1837371952635514 2.9765165964389513
8 0 -0.18920267565600091 0.0000000000000000
8 1 -0.60057220924034971 0.52861456831881903
8 2 1.2742231917101632 6.47148577376851220E-002
8 3 1.4540862846065474 -0.70263038916043163
8 4 -0.23739792982668015 -1.6947822167953817
8 5 -0.66824071268952168 0.36906160490093831
8 6 5.85441164485856619E-002 0.57424183178287569
8 7 -0.63258122229109159 -0.74795875580906712
8 8 -0.89885668004480035 -6.49123121545538834E-002
9 0 -0.13566611531290340 0.0000000000000000
9 1 -0.34530410491877200 0.34261632821178700
9 2 0.13975828341813509 -2.72555364154800674E-002
9 3 0.11773472623248163 -0.35236806735994436
9 4 1.76126014663282038E-002 -0.37031225313435739
9 5 7.80266745330673080E-003 -0.61397638728882642
9 6 -0.26318313644278091 -0.31824350777397992
9 7 -0.23220664130182408 2.35521605171919758E-002
9 8 0.34080509037631518 4.66596418741893476E-002
9 9 0.25207828606449745 -0.16952184838761519
10 0 -2.68687752181067177E-002 0.0000000000000000
10 1 -6.64869223412412891E-002 5.41739146416604506E-002
10 2 2.78481456231330794E-003 -8.68006604223492233E-003
10 3 7.01455600234079657E-002 -6.71916219903745948E-002
10 4 0.10855757389465481 -0.18314238140249292
10 5 1.85695334208033393E-002 -0.12896682460485648
10 6 -2.79753743170101689E-002 8.04790170834412816E-002
10 7 0.11563257065499097 5.27234338486106610E-002
10 8 4.72111863513581601E-002 -2.96586757867840674E-002
10 9 -8.90147278223961252E-002 6.39519039470036032E-003
10 10 -3.76817661071121093E-002 7.82739690664103760E-002
