-7710
1 0 -29483.306776923953 0.0000000000000000
1 1 1124.5071061257386 122.19386848064907
2 0 -1513.3802729230197 0.0000000000000000
2 1 -73.811133635833244 532.70137485758869
2 2 2573.2358250785101 920.79445617306806
3 0 -181.30084796906340 0.0000000000000000
3 1 453.57696081013535 194.69084609596422
3 2 974.32440803369445 -431.31583903785906
3 3 -596.42456521546956 112.94301658940780
4 0 -81.693287132591010 0.0000000000000000
4 1 129.76942200974298 -206.37741469245915
4 2 19.267831703144882 -42.946772113451047
4 3 52.486140616232746 -53.364501034836188
4 4 138.70354061451854 -242.30188427846059
5 0 -20.635523219827789 0.0000000000000000
5 1 20.128713678461828 -6.7813154807300684
5 2 77.950882806197313 4.6984572337229311
5 3 67.591216514158575 -50.965670542132081
5 4 -63.753988451467436 -53.440399954373227
5 5 -31.760466010476286 52.460730580223945
6 0 -7.2872124277208616 0.0000000000000000
6 1 3.4289651822413427 10.964094849306811
6 2 15.580022458109640 -8.3499166764202020
6 3 -16.627220651688493 -12.682781165822941
6 4 -15.143175382380107 -1.8390502859148783
6 5 0.53566755731356652 -5.3482115881083061
6 6 -1.5286051652613526 -17.111811994260314
7 0 -2.8096181067791739 0.0000000000000000
7 1 -0.21882019984249368 0.95789120504868741
7 2 -0.29884971345250722 -4.3489079887368609
7 3 1.6698987651042052 -2.1814903744407701
7 4 1.3026022075384760 -7.4724546688408315
7 5 -1.3064335005106837 -6.3330519713441076
7 6 0.74104239879568035 3.0847368263962549
7 7 2.1249583298143100 2.6007549709137607
8 0 -0.21641009674640410 0.0000000000000000
8 1 -0.93487701897552222 0.86533401270375443
8 2 0.70002159568654787 2.20154822194359688E-002
8 3 0.96925318348862688 -0.51226672511047733
8 4 -0.83862399010250321 -1.5379150834210238
8 5 -0.63593803180587971 0.80650644725774345
8 6 0.48888041794299858 0.54083022457776131
8 7 -0.63722399220465764 -0.90301069023558633
8 8 -0.95630136678128430 -7.32756962236331827E-002
9 0 -0.12153984673357122 0.0000000000000000
9 1 -0.36328971087278483 0.40676303577173334
9 2 0.16659752504882691 1.18016514543558479E-002
9 3 -8.07116706097399245E-002 -0.29237028845880186
9 4 -9.97878365101914633E-002 -0.32993585836273542
9 5 1.43653407567945757E-002 -0.54509781511867339
9 6 -0.20048831225572047 -0.34878513039303649
9 7 -0.27077183473745586 -1.00900132558470208E-002
9 8 0.30213324625488647 5.36958452928058966E-002
9 9 0.24949050077449006 -0.17623858951800822
10 0 -4.11718277580397501E-002 0.0000000000000000
10 1 -4.47094906987538648E-002 5.96605440377594651E-002
10 2 -1.09876436954807252E-002 -2.40876841598732447E-002
10 3 6.95430658734198653E-002 -6.14374225696117035E-002
10 4 8.65372561219321795E-002 -0.16125156459224022
10 5 -9.21671913659816155E-003 -0.12299906410846922
10 6 -2.00535270000783521E-002 8.51907210336522308E-002
10 7 0.11383212468896491 3.34847460258262952E-002
10 8 3.06099109842026991E-002 -3.53916105109741558E-002
10 9 -8.66702906942662804E-002 1.30351602372706654E-002
10 10 -3.21771236990907664E-002 7.79809489286714952E-002
