-7910
1 0 -25353.190339270965 0.0000000000000000
1 1 803.28557703610875 -131.27007298359447
2 0 -807.79890416077922 0.0000000000000000
2 1 -280.47034458012166 881.05439490576202
2 2 2392.1242150977341 627.53037070660764
3 0 -150.95261029533359 0.0000000000000000
3 1 619.41847088795703 174.61336689004614
3 2 955.60325054752559 -570.79022262766341
3 3 -640.19759330852696 -61.942042913934038
4 0 -10.239815126405537 0.0000000000000000
4 1 173.15129307663338 -138.50112157780478
4 2 -30.109022824432053 -95.441156325430910
4 3 -13.200063008049195 -61.931033098179554
4 4 121.86962843083091 -188.71285926348520
5 0 8.0343938550389513 0.0000000000000000
5 1 28.574801254209785 -0.45521989156442733
5 2 75.451074967235968 6.4972313755343416
5 3 49.150098148988384 -46.081992250372487
5 4 -67.357301585347230 -46.519517021819851
5 5 -29.062708593015063 45.335551301802923
6 0 -3.9118559271350319 0.0000000000000000
6 1 4.3368605066065182 12.124705653413328
6 2 16.531379195650725 -9.0530592522684561
6 3 -18.351581264811539 -12.210337122038249
6 4 -16.835301066678177 0.71778157214948513
6 5 2.8100891377236765 -3.7273711944280588
6 6 5.43851942581321246E-002 -15.528548004473516
7 0 -1.8786631471962443 0.0000000000000000
7 1 0.79217485833777501 1.0044668353633526
7 2 0.90167042660760743 -3.8425894665395579
7 3 0.70715740311741804 -1.0600310587357724
7 4 0.87515590328202608 -6.6645390850531898
7 5 -0.90864153518255941 -5.8445665862809140
7 6 0.98392890196897898 2.5316817102342570
7 7 2.0835553808442362 2.2030033169616794
8 0 5.43986205256179259E-002 0.0000000000000000
8 1 -0.53978524431929542 0.67512639476624492
8 2 0.94409877529034880 0.26639641917153800
8 3 0.95740434987508205 -0.37792349100121203
8 4 -0.92314742535141603 -1.2259312632134240
8 5 -0.63411849476441795 0.92951571807024203
8 6 0.78183160019085174 0.30513314577946044
8 7 -0.48050754717755756 -1.1313770847350539
8 8 -0.98197891935948711 -7.90713159885446520E-002
9 0 -0.12382322105149011 0.0000000000000000
9 1 -0.28455565180737091 0.38217230615717279
9 2 0.20147256848837303 -3.29844530558973245E-003
9 3 -5.28526151969056293E-002 -0.30694857204905546
9 4 -0.10643423387873681 -0.26598182283112315
9 5 0.10279727901451682 -0.49322366459523781
9 6 -8.89717042509819422E-002 -0.43015469563039643
9 7 -0.29455163802104789 -8.69106128576149356E-002
9 8 0.21912884922615009 9.09776960183233951E-002
9 9 0.26578896291735127 -0.13638950449770393
10 0 -4.87372922658256200E-002 0.0000000000000000
10 1 -1.86191050471546313E-002 4.86122775936052159E-002
10 2 1.00970716826623234E-002 -3.56787715290047408E-002
10 3 8.64826121234151396E-002 -4.96506787209436140E-002
10 4 9.29783799328561256E-002 -0.13401522560664447
10 5 -6.51689886296885970E-003 -0.12273831674242214
10 6 -1.10142943349890200E-002 5.88230732447467264E-002
10 7 9.57540679427124342E-002 1.38153019275766755E-002
10 8 1.85660326910241716E-002 -3.29680380041368626E-002
10 9 -7.08669229797518063E-002 1.20228214144321218E-002
10 10 -3.53884873855830825E-002 6.81988756589376049E-002
