-8210
1 0 -20015.066490915993 0.0000000000000000
1 1 -141.88755736094092 -388.42912815158820
2 0 732.62245071122607 0.0000000000000000
2 1 528.74225391583389 1243.1600760514341
2 2 1819.5789670320999 362.09713909383515
3 0 301.57948326222339 0.0000000000000000
3 1 635.44409687879136 414.82770679113116
3 2 596.65816835291002 -303.25218753236459
3 3 -316.95192273022008 -2.9238431382759495
4 0 98.479810321014853 0.0000000000000000
4 1 178.26701728839765 -60.073090251135824
4 2 -142.86829000860519 -174.06531970881574
4 3 90.972422736641704 -110.56030202374365
4 4 161.18908484297060 -157.55110005658494
5 0 46.704961071198461 0.0000000000000000
5 1 45.728496963207107 0.11758898820592445
5 2 77.089422438000653 4.2405798701700324
5 3 61.901277916724318 -33.435038881983004
5 4 -37.076662043215478 -29.311134273125155
5 5 -13.081784602562735 51.290337020234503
6 0 4.5903927245792380 0.0000000000000000
6 1 11.345602443408861 6.4257103705292078
6 2 17.074165563800946 -5.7861201504786157
6 3 -15.365121769385270 -4.3426083690588140
6 4 -12.487412588428285 5.4887199446852799
6 5 -0.88431604402172426 -5.3136879440558111
6 6 -1.4149771087962042 -15.115179756052108
7 0 0.42533420349854034 0.0000000000000000
7 1 1.2228239160989380 0.32932527951253893
7 2 0.69146285799252394 -2.7514065672682149
7 3 0.25262178489266995 0.94138383074438248
7 4 2.3830369585869713 -6.3300893450792417
7 5 -1.2379660465233671 -5.5847406436557714
7 6 2.0407796191364538 1.7252269918040635
7 7 3.4920298127642160 2.7874116417077115
8 0 0.32148490017535808 0.0000000000000000
8 1 -0.12107151100609732 0.25507764370368802
8 2 1.1087230770311050 0.13284058306174090
8 3 0.65874594363975347 6.31632167333380234E-002
8 4 -0.33212861526561560 -0.14808486520895209
8 5 -0.73526091369612123 1.2488795343389307
8 6 1.1068491972737369 1.76653130940066239E-002
8 7 -0.28993088986315207 -0.74096196132024639
8 8 -1.0261166692480579 0.12824167297450023
9 0 -0.12729069853020147 0.0000000000000000
9 1 2.37968039698896461E-002 0.18771576625955755
9 2 0.19143290904700450 -7.33280947892753499E-002
9 3 -0.10869051208936886 -7.60969054919488908E-002
9 4 -1.10061879976225754E-002 4.88294890386429190E-002
9 5 9.94023427820585614E-002 -0.40498853351861475
9 6 -4.58045505397795122E-002 -0.45941318602431580
9 7 -0.19143900536389916 -0.14975054193147533
9 8 0.22772712185438368 1.56788991962361068E-002
9 9 0.25957716903117833 -0.13571839806568642
10 0 -5.11922600628368016E-002 0.0000000000000000
10 1 3.35699586882537565E-002 2.60988377241741371E-002
10 2 2.29114865700436945E-002 -2.29332286037138358E-002
10 3 7.57355020814725888E-002 -1.65788487516062705E-002
10 4 7.26336741559844290E-002 -7.89006245783819699E-002
10 5 6.95786814526864507E-003 -9.70343969684526186E-002
10 6 4.83981370431122160E-002 4.79974324896582510E-002
10 7 0.14098506765166474 -5.43795711158864045E-003
10 8 6.34562875298295449E-003 -3.35824945931796487E-002
10 9 -5.66208711308752027E-002 2.87670697490272631E-002
10 10 -2.62329614087013080E-002 8.12878935452147761E-002
