-8510
1 0 -22139.496350009758 0.0000000000000000
1 1 -677.63277688720393 -51.230383901016502
2 0 1014.1637744875567 0.0000000000000000
2 1 745.68306890917813 1354.5251460744742
2 2 1654.3632495383702 601.63541635058550
3 0 366.18985320650290 0.0000000000000000
3 1 301.63629496249024 362.52571262955013
3 2 270.78378001001857 -228.68442531894786
3 3 -370.75023051252123 257.11478741065696
4 0 84.837288280781138 0.0000000000000000
4 1 110.12319499600140 -132.52206720501528
4 2 -191.71937291985697 -205.07090209487117
4 3 228.44042532485690 -67.216807441447429
4 4 214.00976626066992 -203.70550142302812
5 0 33.155312764214365 0.0000000000000000
5 1 21.244077925410760 6.4050485307729739
5 2 54.284081684287877 -7.5926098691694568
5 3 85.333765823133703 -17.265631562928704
5 4 -14.049509309024874 -32.178350024315641
5 5 -20.818840189723211 54.025770050115042
6 0 2.5831112160507632 0.0000000000000000
6 1 9.0486435786089174 3.1718404124691406
6 2 12.497276259234484 -6.3579823728253029
6 3 -8.0960053106868042 1.2832200816216945
6 4 -0.63915422334414784 6.7818404170469275
6 5 -8.1375970871074550 -8.4709205350297854
6 6 0.83886707060316246 -13.933804462876717
7 0 0.38909795018915222 0.0000000000000000
7 1 -4.45201458921282295E-002 -0.70000909436553915
7 2 -1.2324711642983712 -2.1602581427667040
7 3 1.5563916425440840 1.3869758321170280
7 4 4.6780069716599071 -5.2909293624486846
7 5 -2.2631713486072420 -4.5944465656222118
7 6 3.4860969345424664 3.0651332776436178
7 7 4.1995801978465543 2.0969796818678699
8 0 0.12213997304426433 0.0000000000000000
8 1 -0.57904411264203182 0.19761237081390967
8 2 0.78081618302598532 -0.26507261817092109
8 3 0.47932260480412220 0.11514265826754912
8 4 0.37450145780378713 0.34765743185573844
8 5 -0.49062518071221234 1.1687298617370920
8 6 1.1126016054528749 -4.59942428346696852E-002
8 7 -0.31423962304322772 -0.81280914219753586
8 8 -1.2193325606583472 0.46860581598626111
9 0 -0.11037728933532705 0.0000000000000000
9 1 0.10803099401401382 4.78297592608764328E-003
9 2 0.14526324515438335 -0.16202463625407260
9 3 -3.72481347910700589E-002 0.10063445515272540
9 4 0.20628994273815898 0.25448848002585567
9 5 0.12224833672117949 -0.41979494246640381
9 6 -0.15595040741528082 -0.36302803134720418
9 7 -0.10181372986446113 -0.17216679025328366
9 8 0.24166980763299867 3.02602997133231341E-002
9 9 0.23216989713832845 -0.17146914433420829
10 0 -2.62078174386424292E-002 0.0000000000000000
10 1 3.90951568401260580E-002 4.51319547408181483E-003
10 2 -7.07266890079771664E-003 -6.83272348437655511E-003
10 3 8.82565271762282832E-002 7.11120997680955626E-003
10 4 7.41251347727250737E-002 -5.44246807628169932E-002
10 5 2.98107604727648051E-002 -9.25835197108785535E-002
10 6 5.39852994035221190E-002 3.74430077230926625E-002
10 7 0.16568183781944792 -1.58956634395000622E-002
10 8 -1.30411443064754988E-002 -2.48301857433024728E-002
10 9 -6.13447241705774512E-002 3.73771616551586000E-002
10 10 -2.32260822638394246E-002 8.47259814399227290E-002
