-8610
1 0 -23546.270523379102 0.0000000000000000
1 1 -1072.3871193810880 -327.80095704275885
2 0 830.62464701978229 0.0000000000000000
2 1 697.07984921183390 1303.2438340393978
2 2 1689.3340402360191 841.81808349300968
3 0 315.43960947063124 0.0000000000000000
3 1 258.46630993213051 337.95734568741369
3 2 235.11695826114121 -154.04477428789363
3 3 -304.34492563894713 269.82957958287102
4 0 70.948351242030895 0.0000000000000000
4 1 89.749615012711359 -135.98455194322713
4 2 -175.78598472689103 -167.49808726564481
4 3 221.67417805849817 -43.449773179094230
4 4 197.59193464702790 -186.36465651576333
5 0 26.104450420186449 0.0000000000000000
5 1 12.876676309977814 2.0986412334168696
5 2 44.699318614871153 -7.2625443694268359
5 3 77.588355044590188 -11.703823861102249
5 4 -13.145955782254232 -30.127515964690108
5 5 -18.931391987119873 53.976982022883931
6 0 1.3672208955785536 0.0000000000000000
6 1 6.5672713376130503 1.8989596898591832
6 2 10.143517175798195 -7.1832429016572199
6 3 -7.7577631700691319 2.4071663549100011
6 4 -4.32000893100012995E-002 5.6689612772659483
6 5 -6.8029487860793747 -6.4108532438724808
6 6 0.14271398211965358 -12.352322523057861
7 0 0.16618768389778155 0.0000000000000000
7 1 -0.18279627496605710 -0.96339576497658286
7 2 -1.5623621849263813 -2.3692709954266511
7 3 1.4533942492648406 1.5839362196982254
7 4 4.5062832605020597 -4.5200989435093684
7 5 -1.9482205399261847 -3.8096772009086246
7 6 3.0151632573380769 3.0230773548288856
7 7 3.7316516203851160 1.8681650459126680
8 0 7.40055003591953281E-002 0.0000000000000000
8 1 -0.56432805283020626 0.15726668200251373
8 2 0.53373350593528435 -0.29026223116912681
8 3 0.42367236658622232 0.15356474062378439
8 4 0.42374568896240361 0.40759911977013480
8 5 -0.36285264909389581 1.1088282477836793
8 6 1.0151530087959462 3.66857579996214891E-002
8 7 -0.30437341554318975 -0.74812474908698090
8 8 -1.0867985176441202 0.38575958212795403
9 0 -0.11262424874483906 0.0000000000000000
9 1 8.46646469776572430E-002 -4.45280162676109630E-003
9 2 0.10489925272697800 -0.15114579799351496
9 3 -4.47146577078340324E-002 9.09114038628392185E-002
9 4 0.22374139482244307 0.27959949139235296
9 5 0.14201375215610409 -0.35868911339638321
9 6 -0.12684106420294733 -0.30179186039143219
9 7 -9.29707415551429550E-002 -0.14804294706095444
9 8 0.22271605368737857 2.11815685504630341E-002
9 9 0.21173861333054450 -0.14973416468199013
10 0 -2.67028139294648130E-002 0.0000000000000000
10 1 3.62559581755002441E-002 -3.94273392628159171E-003
10 2 -8.39157793652649600E-003 -7.76214627467586901E-003
10 3 7.78501168392701226E-002 7.70973782082759896E-003
10 4 7.64977772401912726E-002 -3.59833139973744220E-002
10 5 3.62700917547268686E-002 -7.84234451056340376E-002
10 6 4.79111786859805280E-002 4.31510488856586688E-002
10 7 0.14779793374097505 -1.29739942697604388E-002
10 8 -1.06086829357123977E-002 -2.44975840068695563E-002
10 9 -5.70319502727347147E-002 3.40972711001485060E-002
10 10 -1.98572614479791722E-002 7.76334521606876216E-002
