-8810
1 0 -26414.339120336568 0.0000000000000000
1 1 -1417.5647570340284 -734.06508729136124
2 0 471.66417544639711 0.0000000000000000
2 1 400.66690455840353 736.92465539885859
2 2 1496.0175808832873 1540.7081376947315
3 0 332.19571970726645 0.0000000000000000
3 1 159.30119809065258 100.40614715494732
3 2 85.333180216765584 -1.4911764631897033
3 3 -410.52330544588989 230.68983110120212
4 0 52.939903301452510 0.0000000000000000
4 1 5.6789470650283373 -176.71979925707444
4 2 -205.11355691163902 -65.676928386847621
4 3 154.49563347179651 -29.787896528092915
4 4 157.82385418281572 -163.07443309883777
5 0 13.645892114564385 0.0000000000000000
5 1 -12.001289857141749 -28.379156651446362
5 2 6.7860533647848778 -3.2706178852509007
5 3 31.470415741522476 -6.1169541815199739
5 4 -18.873961638903854 -0.69773734099278284
5 5 -3.6039400269281647 65.688587394352140
6 0 0.52742179755874208 0.0000000000000000
6 1 0.28460339639323751 -5.4435706984115759
6 2 -2.2720620062673498 -9.2197675775483265
6 3 -16.147693548340765 5.5418756040000412
6 4 -1.5577691597424002 9.1604500040986707
6 5 -2.4623590235451864 1.04172695917189584E-002
6 6 -2.2819338869463666 -11.654489054109684
7 0 5.58361671793671868E-002 0.0000000000000000
7 1 -0.45172153841189666 -2.1731516486084219
7 2 -4.4586997177518146 -2.9112926785314759
7 3 -0.56515074340354310 2.6327851066402079
7 4 3.5081139896061204 -1.9705018123866347
7 5 -0.67863727466937129 -1.5911722602098139
7 6 1.6604040875689678 2.6558644649439529
7 7 3.3768255865589003 2.2271181586943500
8 0 0.16570772066064912 0.0000000000000000
8 1 -0.34215226922571162 -0.10087992802036640
8 2 -0.39976852238619009 -0.26509930814137145
8 3 -0.18239348852203308 0.40561646206795055
8 4 0.16621469574057640 0.83769635805248210
8 5 -9.95107067703940723E-002 1.4085524345856062
8 6 0.79065812235617239 0.13640303059665526
8 7 -0.34168263539660376 -0.60612531565720618
8 8 -0.94810066592147180 0.24663840356493386
9 0 -5.78291633580622633E-002 0.0000000000000000
9 1 0.11479665777719281 -2.17154140655449138E-003
9 2 -3.20874001561100020E-002 -0.15250089558471872
9 3 -0.25703597451491361 5.28210205947338279E-002
9 4 9.44149626549966869E-002 0.33521418309538814
9 5 0.17207083914541763 -0.12648078361726750
9 6 -7.52086780316605641E-002 -0.19463177038709006
9 7 -4.41770815374545045E-002 -6.37822132493290617E-002
9 8 0.23223345093172695 -2.11431543811013631E-002
9 9 0.16743339761271564 -0.11925285354764202
10 0 -2.13160764233415664E-002 0.0000000000000000
10 1 6.46414828668294000E-002 -1.10027981422043501E-002
10 2 -9.62115550227046409E-003 -2.81570950231197561E-002
10 3 5.92373259484992726E-003 1.12706825139797379E-004
10 4 4.47022941021470582E-002 -5.53652084246120807E-003
10 5 4.20220619030176185E-002 -2.54548902376963426E-002
10 6 3.70350654139489296E-002 6.81041022560169851E-002
10 7 0.11989865516769355 4.13508494974782100E-003
10 8 -1.26989029533933311E-002 -1.30376539942964349E-002
10 9 -5.52850918543599940E-002 3.96003691726352150E-002
10 10 -1.09660226827917612E-002 6.90507855719107166E-002
