-910
1 0 -36244.872922615592 0.0000000000000000
1 1 -1690.3361759353520 -3839.4147561578948
2 0 -469.61969494684229 0.0000000000000000
2 1 -1762.6623457044441 905.10652751147177
2 2 2028.8098513117884 -262.80033356519874
3 0 -1102.4034102209810 0.0000000000000000
3 1 195.29706199574775 59.163255187647529
3 2 -618.79467845298018 297.77406928779317
3 3 -509.47400160967027 572.10163418543175
4 0 -249.13181342833784 0.0000000000000000
4 1 -302.62677869738354 80.097043960601866
4 2 -391.82524248210404 -114.94760297790690
4 3 95.193790433044100 80.120855187588376
4 4 33.393277923596166 -286.01684226213808
5 0 -5.4282405540646179 0.0000000000000000
5 1 -16.730472906937372 -42.710019246164023
5 2 34.902603817915498 63.466392862584833
5 3 72.691150640351935 -79.083666875040180
5 4 -79.502954097316334 -24.027453313939809
5 5 -108.85721347817987 124.11558188205041
6 0 -5.7744370905341205 0.0000000000000000
6 1 -1.7773720959342363 5.1994778961328727
6 2 -11.617906153162771 -15.758272240783949
6 3 -12.158434167600692 -25.375519463991289
6 4 -42.485078595542376 -8.0272144096011306
6 5 -35.740411804292592 8.0199637981022533
6 6 -15.418791832493365 -9.6575257369860914
7 0 4.8707612318122395 0.0000000000000000
7 1 0.15084647318023606 -0.70187048156206000
7 2 -4.9485122671059836 -4.8048780996964480
7 3 -2.8918837413616258 -7.9780175740003374
7 4 -1.4268928760396515 -14.770087311961129
7 5 -14.799847459665537 -0.45684951252021805
7 6 -3.4890340468609820 6.8042871499154058
7 7 2.5117610301379822 1.7877018043482784
8 0 1.3401066134291675 0.0000000000000000
8 1 0.43453595550095697 -1.0919635399783141
8 2 -0.34632528669571749 -0.54712669248935608
8 3 0.68977063204965861 -2.3885023660071525
8 4 -1.6768005097917840 -2.5525551565267208
8 5 -4.1232281433639413 2.2606427838576688
8 6 -0.91479147158383411 3.1547099251139090
8 7 -1.6145883059498549 -1.4288029597666578
8 8 -1.5015653968555491 -0.61110343404281797
9 0 6.26765179293514857E-002 0.0000000000000000
9 1 1.27518724894779990E-002 0.26443397447896982
9 2 -0.12124193752714946 -0.11533231332750263
9 3 -0.75534407970441042 -0.50702793230651200
9 4 -0.13626314722526087 -0.95421054379530590
9 5 -0.52514877835673024 -0.22440640965983472
9 6 -0.63840996323308619 0.27510831099010369
9 7 -0.13361248641892287 -0.29703175359892031
9 8 0.14367387214394053 -0.40522299141975354
9 9 0.19636956261356489 -0.45113407339370903
10 0 -2.88182436045028925E-002 0.0000000000000000
10 1 8.24006941024820194E-002 -2.46587342008080350E-002
10 2 2.48942489761633627E-002 2.77598082938918618E-003
10 3 -0.10500606555974533 -1.39994943556766664E-002
10 4 9.75957592708579513E-002 -0.19971683792358907
10 5 -0.10666323085578394 -9.01062021804779623E-002
10 6 2.86291863635794383E-002 0.35506887210006599
10 7 0.24552201734311752 -1.40916572154338067E-002
10 8 -3.72937415118036464E-002 -0.28678958105309021
10 9 -0.17486878074366669 -7.68419813909718419E-002
10 10 -1.51557317995251861E-002 9.36848286952768894E-002
