-9110
1 0 -27623.392467659600 0.0000000000000000
1 1 -1105.8398378628553 -560.10569178411390
2 0 227.90200755401949 0.0000000000000000
2 1 390.09132518880568 -600.15518642029053
2 2 978.35784145613104 1904.9285045892962
3 0 401.18450663533440 0.0000000000000000
3 1 337.34179787237900 -563.85398697088863
3 2 17.634949753189719 -17.456041564839303
3 3 -923.74194378017637 29.751830558414216
4 0 47.643171620656744 0.0000000000000000
4 1 -27.181150483106109 -382.76906983603493
4 2 -337.89459159519987 -9.8560259960884427
4 3 36.462269596811964 -58.525283991768354
4 4 166.07824441500031 -121.54434444817315
5 0 18.516522217831863 0.0000000000000000
5 1 -37.566995731400688 -99.926280985747908
5 2 -47.930954944747434 -7.6488739696826533
5 3 -29.424689157583728 -4.6113360281531248
5 4 -28.283939650939303 44.303608028689574
5 5 5.9731239813616588 71.197492154661461
6 0 3.6035422934748009 0.0000000000000000
6 1 -5.1507272945194842 -21.601391897074755
6 2 -19.364186667389337 -15.134380579905134
6 3 -32.396275098852634 7.7285425438681807
6 4 -5.4520577405077280 18.705165421351467
6 5 -2.5833315251944198 5.9379302526413840
6 6 -2.1128893614667890 -10.705884122324743
7 0 0.19458206065178990 0.0000000000000000
7 1 -0.76727082461276519 -4.6433659907233880
7 2 -9.4565770046874107 -4.4184756443042357
7 3 -5.3149130054098093 3.6043264619533697
7 4 1.5776493704959325 0.23615500123485814
7 5 0.15711597195900728 0.74622126773590858
7 6 1.1683841607295020 2.8806018015994819
7 7 3.7332880827669275 2.3572417606442024
8 0 0.25742576036841613 0.0000000000000000
8 1 -0.10354928208004438 -0.53317892327589811
8 2 -1.5700949248302303 -0.72406378023581053
8 3 -1.8826624802472181 0.48816877498634348
8 4 -0.55397607230527179 1.3578324693812622
8 5 8.60818635734231924E-004 2.4836140099113977
8 6 0.97614727887747132 0.17363946335834221
8 7 -0.23773864380643706 -0.83985146063660743
8 8 -1.1747186212369087 0.35612825751211430
9 0 -1.82888704060962977E-002 0.0000000000000000
9 1 0.26030942785635941 3.86591034356551389E-004
9 2 -0.22859783004484838 -0.35775482705155009
9 3 -0.73698678734061285 -5.61482988098013919E-002
9 4 -0.19097213713303587 0.36060430098548907
9 5 0.15760360467623777 0.18573136694182166
9 6 -3.66741146353473033E-002 -0.11459693815141292
9 7 -1.90734838903938004E-003 3.59345465308306532E-003
9 8 0.23332873809363311 -2.35659922704201628E-003
9 9 0.17672836821522347 -0.14566911985477418
10 0 -2.72477670331030646E-002 0.0000000000000000
10 1 0.12157020392432166 8.32862863282127219E-003
10 2 -2.82528775514662850E-002 -7.93731572299692517E-002
10 3 -0.10595661469401978 -3.78972199382645730E-002
10 4 -3.29036941893800505E-002 -1.19349552872806373E-002
10 5 2.98328023344098525E-002 2.79968686403117215E-002
10 6 3.18286345302415466E-002 9.43798610887143646E-002
10 7 0.11148876040193177 2.20225915599931120E-002
10 8 -3.37000241052784616E-002 2.19008088879495862E-002
10 9 -3.93307066513308226E-002 4.65084620598385096E-002
10 10 -1.33433453938871707E-002 6.07381751061306513E-002
