-9210
1 0 -25685.043306386357 0.0000000000000000
1 1 -972.25507494930275 -1003.5203222582470
2 0 96.425725327150914 0.0000000000000000
2 1 425.70018928694748 -540.62576461948117
2 2 974.02496570144490 1621.8694578019033
3 0 332.44775354304255 0.0000000000000000
3 1 384.56701830745249 -671.09733623722570
3 2 -20.192744479904935 21.753631743182446
3 3 -932.50801650397148 -9.4106897564852758
4 0 48.027002918859282 0.0000000000000000
4 1 -20.894884059824559 -439.35066745988456
4 2 -341.66853594574025 -27.872234023944060
4 3 -2.6211031647713163 -58.770523901820297
4 4 144.89748692390987 -84.534521804106106
5 0 21.016656568661293 0.0000000000000000
5 1 -39.277902156627412 -109.49778072967183
5 2 -48.550739817870301 -5.4020293057729845
5 3 -27.088740981225783 -4.4872613767438763
5 4 -30.169250275832880 36.344916262594289
5 5 -1.7245030208264538 66.807090621548653
6 0 3.5521145996275640 0.0000000000000000
6 1 -5.9678719802841309 -23.859382895681019
6 2 -20.382760994326130 -14.191961158376998
6 3 -33.563459590966517 7.1685827785418663
6 4 -7.4818008732210588 20.422375679235127
6 5 -1.7534934695995272 6.5014549566785860
6 6 -1.4937555605239554 -11.340681790176630
7 0 0.35796660838537941 0.0000000000000000
7 1 -0.61242694356903260 -5.3356755476136559
7 2 -9.8157749720590655 -5.0875118263940813
7 3 -6.4099214303139016 3.1990291094228622
7 4 1.0220684063000796 0.50131950714763651
7 5 0.17749574302325904 1.3550030618098798
7 6 1.6719840821788070 2.6514556602410879
7 7 3.4230448125686275 1.7845040864267205
8 0 0.35196462412260654 0.0000000000000000
8 1 3.42757387198469946E-003 -0.58375415984832579
8 2 -1.6964713548119443 -0.94598756976404674
8 3 -2.0973552171091416 0.39112738267712832
8 4 -0.78575018195024060 1.2819112864146829
8 5 -1.50174897138659735E-002 2.6030150120199864
8 6 1.1010658840434471 0.14070765206648791
8 7 -0.23816553244557820 -0.78814518845439008
8 8 -1.0977045320094403 0.30236188445466033
9 0 -2.70541587958716204E-002 0.0000000000000000
9 1 0.26129715176434776 -3.16091214800448767E-003
9 2 -0.27825857089503986 -0.40922424702631222
9 3 -0.78534458570380983 -8.57235348514541334E-002
9 4 -0.22979694180082522 0.34654001012539765
9 5 0.18093233679519932 0.19678796245774147
9 6 -1.60946635484622118E-002 -0.15030581674217725
9 7 -5.37034980398674727E-002 -2.27596091847024444E-002
9 8 0.20053534159890885 4.30134500548099707E-002
9 9 0.19660504424800351 -0.14356659295421292
10 0 -3.43445321083857905E-002 0.0000000000000000
10 1 0.12158777877034518 2.50311923615220266E-003
10 2 -3.50677420464892697E-002 -9.71127858534153454E-002
10 3 -0.12250434897874553 -4.83638220043492023E-002
10 4 -3.81329010960985218E-002 -2.32499377666877741E-002
10 5 2.62250388020448047E-002 3.30836718496742080E-002
10 6 3.20188348876305068E-002 9.61836969693206784E-002
10 7 0.10428405238069809 2.87399185120326695E-002
10 8 -2.47264166680041184E-002 2.25413462783196697E-002
10 9 -3.87892629514600407E-002 3.34805323346486147E-002
10 10 -1.54670529331619299E-002 6.01437279671225497E-002
