-9910
1 0 -12096.143459745881 0.0000000000000000
1 1 -1142.2411458850497 -1758.8996899432307
2 0 28.375988072949756 0.0000000000000000
2 1 1067.7868827600571 411.06169208508834
2 2 1519.8848604045777 153.76340739468597
3 0 -18.518523439409645 0.0000000000000000
3 1 -0.35176489181669257 36.067604632514751
3 2 -120.30789453405836 -40.840261155956689
3 3 -347.42935864075491 6.8550501608450150
4 0 -61.783561868788269 0.0000000000000000
4 1 -56.573897580169628 -83.687234012417363
4 2 -56.934099727464044 -56.697292878758333
4 3 39.643741280663001 -59.427273755009352
4 4 44.926610399384380 -54.159507755917204
5 0 -15.489009384546859 0.0000000000000000
5 1 -11.176779368921535 -21.669861755605162
5 2 -9.2056202459890955 -5.2808921454555025
5 3 2.8904505969027277 -6.4930243608776106
5 4 -12.146446803767882 16.055358781250256
5 5 -1.5566516384643390 26.714925879524703
6 0 -2.6100067840544314 0.0000000000000000
6 1 -2.0510978258714205 -2.7438702201613849
6 2 -7.1127873290343757 -1.2073409509222071
6 3 -7.0640614959957722 -1.1664853455393991
6 4 -3.3444419153063043 3.0810512758679920
6 5 1.20062753742584648E-002 -2.0441230432569673
6 6 -2.1306581128865423 -5.9173019190255562
7 0 -0.79903648900062707 0.0000000000000000
7 1 -0.40874396982099698 -0.54739691012504033
7 2 -2.4497975019642664 -1.1751263658026465
7 3 -1.0382442326483947 -0.80470438065632055
7 4 0.26226581967069007 -0.17181291833516113
7 5 0.40572430925768282 0.49564288225130049
7 6 1.0068868530429491 0.85607233933831095
7 7 1.2617175591837706 0.71310068920448744
8 0 -0.11370295517305366 0.0000000000000000
8 1 4.26271889469424514E-002 -5.58788976132560886E-002
8 2 -0.27857063634988705 -0.27147528209963057
8 3 -0.25252527148767467 -8.92058497214477802E-002
8 4 -0.23883820482273321 0.28118109796823454
8 5 -5.01989521318901427E-002 0.54455871315152016
8 6 0.11603079341882462 -1.23794626768289184E-002
8 7 -0.33195194302920661 -0.14018945553355247
8 8 -0.38534447565525748 1.05506497297949454E-002
9 0 -6.59923221930101746E-003 0.0000000000000000
9 1 3.67928645339093627E-002 6.82648947726205457E-004
9 2 -2.25036535414000587E-002 -4.81614398285048623E-002
9 3 -0.12835928856922679 -1.14192375028156802E-002
9 4 -8.54968132888054011E-002 4.30783344608017399E-002
9 5 -2.39286167748043455E-002 -3.44014109541122392E-003
9 6 -2.20006154282399204E-002 -7.90430825916752788E-002
9 7 7.68935236005906112E-004 -1.34136978065841073E-002
9 8 0.10959004667417779 -2.48070193355363518E-002
9 9 7.02224519236260142E-002 -6.41467030920128273E-002
10 0 -5.80090799792552618E-003 0.0000000000000000
10 1 3.69415122641212051E-003 -1.71699830700644497E-003
10 2 4.14968119473012320E-003 -1.11978883320028762E-002
10 3 -1.90779007922327500E-002 -1.63948790917122847E-002
10 4 -9.38907547101367271E-003 -1.79325347624819421E-002
10 5 -8.47313120909276400E-003 6.93261599272153740E-003
10 6 8.58336579814888458E-003 1.93372328660830137E-002
10 7 2.22083418204392230E-002 1.00984242775538444E-002
10 8 -4.16612572899812284E-003 3.28898131272736382E-003
10 9 -2.47442618776559861E-002 1.90874374183696710E-002
10 10 -4.86158546136197453E-003 2.47590480159484531E-002
