1290
1 0 -37592.706121985604 0.0000000000000000
1 1 406.63168436116911 -156.97827491759736
2 0 -497.97136968598272 0.0000000000000000
2 1 2422.6147388383392 2506.6066814648239
2 2 -214.53046356803293 -1197.6789299202933
3 0 -577.77845982806718 0.0000000000000000
3 1 -295.32777686359935 -672.91420415932521
3 2 923.19607522708361 -608.96149755551642
3 3 -305.19302819709162 -181.58289949496418
4 0 11.121758094168523 0.0000000000000000
4 1 -142.10315487416901 603.68882937459909
4 2 131.52095155592849 -306.61169172993101
4 3 63.991930832528880 -487.13107255076159
4 4 -9.5033082431408076 -18.556131759964831
5 0 35.442873466646674 0.0000000000000000
5 1 -14.012671944833931 -25.735198499392030
5 2 190.13670557700328 -52.243680778239863
5 3 59.723775417061425 -143.34108742335229
5 4 42.275837138748827 -28.493505850062551
5 5 -17.257178521578940 -52.783674206726531
6 0 5.2887858504747634 0.0000000000000000
6 1 -9.3356246488911161 7.6197907212311851
6 2 -10.897172427697255 -12.197748955161734
6 3 24.249761802496973 -50.651194976474621
6 4 16.101421984741648 -16.165126590405638
6 5 18.460096203606192 -22.430279076008539
6 6 -17.231522591345325 -16.697038936690728
7 0 8.6845246562974534 0.0000000000000000
7 1 -5.2602120229492657 -5.4003547712665352
7 2 3.3357726025519807 -3.5842819169414257
7 3 -3.1807134702946738 -4.6047304591982670
7 4 0.57190201844648048 -2.1065975322850337
7 5 8.0097731518804594 -2.1453451543872442
7 6 -3.21595900192805928E-002 -5.3770527444021274
7 7 3.3122066763856846 0.28152408892015268
8 0 1.6720984483421424 0.0000000000000000
8 1 0.49240576405435943 -3.2643488184314702
8 2 -3.1048287119829370 -0.95834804139936780
8 3 -0.76989617925834219 -2.4435466520175728
8 4 -1.0005088129885817 1.8810597659004993
8 5 2.3539273834370533 2.4864856849161128
8 6 1.9083233575144758 -1.1918141882003770
8 7 1.5779957834098883 0.10054947644265588
8 8 0.95030079235127896 -1.6415503769324518
9 0 0.46547699543478022 0.0000000000000000
9 1 7.06820910156822635E-002 -0.33152917023079853
9 2 -0.83542426685607529 -0.22092898941734040
9 3 -0.88660955940731823 0.10760159147303518
9 4 -0.78644596358207608 3.68660881434867901E-002
9 5 1.0704432762423206 1.3828650987351780
9 6 0.95305703870046821 -0.12131429683916742
9 7 0.33673598274181654 -7.92267347819179124E-002
9 8 0.32292016765564457 -0.46709180305920556
9 9 -1.31622592356413822E-002 -0.10772478980780105
10 0 -2.18014193986266619E-002 0.0000000000000000
10 1 9.80742298949767027E-002 -9.84002328344326244E-002
10 2 -0.19181259927392313 -6.74551205710351293E-002
10 3 -0.16563481931817198 -4.12341055342753046E-002
10 4 -2.35121265835576999E-002 0.19925583882511866
10 5 0.20262134856193631 0.38577266342358135
10 6 0.36403255838647458 3.24496600767128843E-002
10 7 -2.50589386670294970E-002 -9.42794073141523525E-002
10 8 9.26989845537443402E-002 -0.13722845394996300
10 9 3.80255846881905127E-002 4.51053391059613924E-004
10 10 2.14584177354632255E-002 2.69452955163261088E-003
