1390
1 0 -36523.007857131706 0.0000000000000000
1 1 -712.14509069731253 400.67640122797695
2 0 -694.59555978089736 0.0000000000000000
2 1 2547.8740291324584 2798.0769309711804
2 2 -668.79440365787377 -1362.0512396208926
3 0 -557.32625857862456 0.0000000000000000
3 1 -251.29889362476109 -581.13531469932320
3 2 1171.7048315723212 -458.00078647028545
3 3 48.135884450907319 -30.204551101995843
4 0 4.7027912167449806 0.0000000000000000
4 1 -44.515285677675202 643.72016564300839
4 2 186.73168156663814 -297.49958868251821
4 3 115.34259473894053 -472.13636928978536
4 4 -87.484279762573195 -51.932646762034025
5 0 42.319528769572997 0.0000000000000000
5 1 -10.577222026287332 1.7419554461203453
5 2 176.66716558749394 -43.378018925592279
5 3 13.741385418058547 -154.00648326746722
5 4 2.3802069688999477 -53.379129692265103
5 5 -35.214737261240856 -33.029530053263684
6 0 7.3035668717277256 0.0000000000000000
6 1 -10.163185960654140 7.9216324090288435
6 2 -10.901922253842901 -9.5491551697421713
6 3 14.690300507884478 -55.109334826734248
6 4 -3.2564797773687895 -14.875600377022339
6 5 9.0593565709431090 -16.768461671472970
6 6 -1.0558668278555883 -12.557813750928243
7 0 7.8019093156451449 0.0000000000000000
7 1 -6.4212957705931331 -5.2655660287945203
7 2 3.0459398447052748 -3.1482111713229988
7 3 -5.8927271888376040 -6.4968319987618903
7 4 -1.8022822434610193 0.29726615221794989
7 5 6.1010462705050665 -0.36033088606450436
7 6 5.1076117415400208 -7.9374133818798125
7 7 0.62561546525814982 -5.8560831161281053
8 0 0.97670484596380192 0.0000000000000000
8 1 0.16256658614208835 -3.2307177837655350
8 2 -3.4613010048871553 -0.35117141925588158
8 3 -0.88111161206888777 -2.2790016972971943
8 4 -1.1519224648498594 1.9590359611465225
8 5 2.7226231914687631 1.8182638596100376
8 6 2.8453493143263855 -1.9117006495927600
8 7 1.5299537929176026 -2.2870002426926845
8 8 1.0027416453709601 -1.7397905846984834
9 0 0.40561156307191321 0.0000000000000000
9 1 -3.40816191463027621E-002 -0.25345163834445411
9 2 -0.73764907709635796 -9.46270471703466315E-002
9 3 -0.75366286793047421 0.17211605219539916
9 4 -0.50025062564935896 3.95504049322894236E-002
9 5 1.2211410227956028 1.0507626412560600
9 6 0.76451535161872530 -0.58405711451598630
9 7 0.23233465132477069 -0.34146615943280995
9 8 0.31849050938645174 -0.35580105578894450
9 9 9.56932012947564331E-002 -0.23706172328543534
10 0 -5.78473007207175489E-003 0.0000000000000000
10 1 0.11252452066259161 -6.95852872941212369E-002
10 2 -0.15851944954442501 -1.45209187503098393E-002
10 3 -8.45740926510429314E-002 -3.50337183009985786E-002
10 4 9.27565290814460347E-003 0.14400605426284874
10 5 0.23920481685980965 0.32374352754390989
10 6 0.32604047500168376 -0.15048681862788077
10 7 -0.12781386911591358 -0.24971955979979096
10 8 6.84292067831635542E-002 -2.53145288018917607E-002
10 9 4.29031838283150599E-002 5.76817706863834018E-002
10 10 8.56571294027730010E-003 1.31507230637509468E-002
