1590
1 0 -34413.141868832899 0.0000000000000000
1 1 -1844.7610716649251 1607.5112548543648
2 0 -831.74630287854279 0.0000000000000000
2 1 2607.6117166579079 2682.8828877067795
2 2 -1500.3995994984627 -1573.1708541215994
3 0 131.09028111969752 0.0000000000000000
3 1 -316.10662836421631 -613.78595650719581
3 2 1088.4246328363661 -302.21395786756375
3 3 136.94349278157597 -119.51103516264187
4 0 195.20608874380247 0.0000000000000000
4 1 297.88547654713619 319.23480828470872
4 2 403.93725698501640 -650.43486781894228
4 3 247.24503394065945 -313.12925145603720
4 4 145.61640383395644 -97.994993004573615
5 0 87.948311383377359 0.0000000000000000
5 1 66.342067388737860 -15.189567199428545
5 2 164.15036908899472 -46.084346415758993
5 3 -214.95274299956421 -20.481933390058195
5 4 27.564562199299075 -24.889409948624859
5 5 254.41651700021322 -18.999755011506821
6 0 30.041990622295039 0.0000000000000000
6 1 -10.226329416988234 -8.8993103968685840
6 2 42.368473383656799 -12.338255722862179
6 3 -35.121781943207338 -63.269750488905615
6 4 -55.076191363447798 23.440845347685674
6 5 -11.732374904517986 -8.3784300898134738
6 6 46.445249545115033 38.758668118964565
7 0 4.0782857153865200 0.0000000000000000
7 1 1.5470854418314270 -1.2106463329652013
7 2 1.3835071255224629 -6.3298552721896426
7 3 3.3094622000330585 -16.393189245671472
7 4 -6.8476875587004384 -16.065258926469305
7 5 11.342798373766772 27.865977781668015
7 6 -0.92997164247559883 -8.3983325246269356
7 7 -25.063728102819194 12.365192630739589
8 0 -1.4605371051637737 0.0000000000000000
8 1 2.1218333369415117 -1.0636259573062303
8 2 -2.7031686653474618 1.0064637203099089
8 3 3.1413977100651453 -3.2036312467183672
8 4 -0.50276021286399730 -1.1128643420313842
8 5 1.6641766469872667 -0.27314933727664542
8 6 0.98005707761325678 3.7742153123540589
8 7 -0.99878617088865984 -0.33301961355671994
8 8 -5.8963904907073337 -4.0149008807836299
9 0 -5.97563252861774627E-002 0.0000000000000000
9 1 -0.17399259537345529 0.52097156917868559
9 2 0.26371102566828908 0.51782961293545293
9 3 -0.19295532205738716 -0.58704189024499331
9 4 0.19027812242063302 0.14695510830718628
9 5 0.52760908682434637 -0.20927927601536908
9 6 -0.75807206714156217 -0.31726134903973430
9 7 0.39580780247303182 0.63809513901352233
9 8 -1.0161124516609477 7.17094018217990029E-003
9 9 0.40953277620861595 -1.4556518014288278
10 0 -5.83682893365255612E-002 0.0000000000000000
10 1 2.73927496947290391E-002 3.85255228594286597E-002
10 2 3.80157669126502534E-002 0.14909359343909634
10 3 0.30365501296518038 0.17156278551030521
10 4 -7.07907268792728247E-003 -2.33428004938911332E-002
10 5 0.15873091587150065 -0.11023354812508901
10 6 6.25065593472488301E-002 -0.18014975460199939
10 7 -0.21383145516872229 -0.24632622391975925
10 8 -0.11413060272836488 0.49556907806881834
10 9 -0.28313112527013584 -0.40337394866249054
10 10 0.17611675246731978 7.36606285064325961E-002
