1690
1 0 -34423.603252975503 0.0000000000000000
1 1 -3611.0540974302207 3466.4685865244983
2 0 203.60289476435844 0.0000000000000000
2 1 2149.4378496246572 1542.3970785168026
2 2 -2009.9934845312473 -1233.1836860500364
3 0 711.79976836715105 0.0000000000000000
3 1 -290.46385635285901 -663.03023957267953
3 2 793.65339073823259 -2.7232833326962353
3 3 -226.51960517767091 239.52096725250871
4 0 306.51974966189545 0.0000000000000000
4 1 560.03307839339686 153.32696273066759
4 2 368.03322779233042 -813.52948091477367
4 3 232.66629865744477 -270.75123122923839
4 4 -17.233398698814131 -215.66407979788849
5 0 98.825958692411305 0.0000000000000000
5 1 223.39971707458906 -36.213482728572210
5 2 318.38308687210093 -43.822748645516619
5 3 -218.53573350674668 42.306680304156970
5 4 1.3152147694208041 -44.013409503110537
5 5 225.63849158430597 -123.00857257273752
6 0 41.058294554216488 0.0000000000000000
6 1 11.512229917633308 -6.7461665242990634
6 2 49.590076217211866 31.132757959972793
6 3 -130.94483088164114 -86.210008523051442
6 4 -25.128291966658818 93.242548292403029
6 5 -66.107466921445663 2.2845745340835233
6 6 14.823962360406995 36.600731780168928
7 0 6.9887971842465468 0.0000000000000000
7 1 2.2669839981166575 -3.7345008522427929
7 2 -15.350531752897375 -0.17932658395459738
7 3 3.9022063247385650 12.510215326956400
7 4 -28.180792857182450 -20.800249946558214
7 5 40.348436296591046 21.160434129735076
7 6 -32.405297857930520 11.725227481040733
7 7 -20.196568217239946 56.478873832126460
8 0 3.6496833556719350 0.0000000000000000
8 1 0.82526523173555644 0.45078178197973345
8 2 1.6816114026743390 -1.9922546297328909
8 3 -0.25946472830703537 1.8941486659052991
8 4 -1.4827277885690331 4.1527048202674388
8 5 0.58751034459434981 -0.40560940185429739
8 6 -6.81397526600096420E-003 -1.2181227913416990
8 7 -3.5074157872414848 16.166111969302971
8 8 -8.0471138995866482 0.41777856337190600
9 0 -1.2852090960812028 0.0000000000000000
9 1 1.4098260737520902 -0.41655946012906275
9 2 0.33581341336249071 -9.85842819199324316E-002
9 3 1.6959508995878105 1.9528723421120930
9 4 -3.0254568312622649 0.43910769540770644
9 5 -1.5438397332527454 2.0319462867359368
9 6 2.4684678202933825 0.19964918699174089
9 7 0.37638418252612582 -4.8277817383729582
9 8 -2.1087993361418302 0.70128752425865482
9 9 -1.3575952501955346 1.6118107439335443
10 0 -0.40481004438199164 0.0000000000000000
10 1 -0.16817391957113234 -0.21335629539294865
10 2 6.07783493565022398E-002 -0.33125464814667877
10 3 3.48614150867682382E-002 0.40262517254166236
10 4 -5.95473137171720138E-002 0.25704840701283427
10 5 -0.97123629481995988 0.32324481655788595
10 6 -0.20545228096707938 0.56799706793605365
10 7 1.1923751735035546 0.45703434967038625
10 8 -0.10410138175043544 -0.78213322449340816
10 9 0.42447819823667116 -1.3089163493693305
10 10 0.91325213332201516 -0.15526102811669051
