1990
1 0 -29770.155264935274 0.0000000000000000
1 1 -1855.8988112919494 5404.0927506839835
2 0 -2143.9817868795512 0.0000000000000000
2 1 3053.6888402112240 -2280.2577274867554
2 2 1689.3973290626868 -377.74260994962276
3 0 1313.5676919498890 0.0000000000000000
3 1 -2234.9683153427754 -281.54512702788702
3 2 1245.4468199359169 298.41462525403637
3 3 801.30892418375072 -351.38273447686083
4 0 941.64846407340633 0.0000000000000000
4 1 781.54001015682684 243.68732696403379
4 2 325.00972480681810 -243.54087592277301
4 3 -420.13427898232175 82.997992403663602
4 4 139.26193756368065 -302.27524879354678
5 0 -215.42090001403122 0.0000000000000000
5 1 348.17874736571906 48.552387194648183
5 2 245.47602039848056 158.00873041846464
5 3 -111.71546734320594 -151.97944865440837
5 4 -166.46575152642498 -67.544157730343898
5 5 -40.278707594938737 98.885757265956187
6 0 62.531170096270024 0.0000000000000000
6 1 65.738387449825709 -11.899436340412066
6 2 60.819597528537670 80.374733403706500
6 3 -175.09247264237203 69.286291223564035
6 4 4.0330327845817706 -50.015860405548587
6 5 19.717301298008209 3.1987924339354041
6 6 -95.006603763424181 24.042472715426889
7 0 74.815723902120254 0.0000000000000000
7 1 -66.263920431796805 -85.760644456516644
7 2 4.2943834802649752 -26.324290983264824
7 3 24.277944787304222 1.7359770354837356
7 4 -1.7792617796822423 20.871273868271579
7 5 5.8662568363604386 15.494726324358677
7 6 9.5004303232987120 -22.475009470937241
7 7 -1.4675016584272478 -3.1642434933774761
8 0 22.905897825886839 0.0000000000000000
8 1 5.9245748253055455 10.815911902383784
8 2 -0.24494235106911133 -18.540569130853175
8 3 -10.307862520502521 4.4772867120019502
8 4 -11.179483290375604 -22.116102644045046
8 5 5.8795830687986363 12.086714268964464
8 6 4.3549225970937702 12.326816914985164
8 7 2.0495749469422080 -15.231120595077439
8 8 -6.7603607281708049 -12.408333333086809
9 0 4.6957887403027039 0.0000000000000000
9 1 10.269617055741008 -21.450117239930051
9 2 1.3783214227573604 14.843546912105030
9 3 -13.045629201940871 10.930188324777159
9 4 10.432477110926282 -5.7045836096346072
9 5 -6.6429641921206954 -7.5030862013138924
9 6 -1.7930300623271100 9.0165933071098152
9 7 9.6060468962813097 8.2947012962295172
9 8 2.8806694643632724 -7.1603292307566520
9 9 -5.3416309934580157 1.3005425013161078
10 0 -2.0837807912218271 0.0000000000000000
10 1 -4.8463182800599114 1.9846309863573208
10 2 2.0679814777469794 1.5770124610223211
10 3 -4.1554890613465130 2.9826307736497442
10 4 -2.2417882515827601 5.9413680913596618
10 5 4.7723522021623630 -4.3112715765149687
10 6 2.7251982062069575 -1.2850809052697945
10 7 0.65786826333242232 -1.7947981464798755
10 8 1.5311003860892995 3.9968934952912036
10 9 2.2984010700597799 -1.60385692135056046E-002
10 10 -1.0136609503554457 -7.0966080219031689
