290
1 0 -35927.370776981377 0.0000000000000000
1 1 -1179.6206363991873 -1322.7123589849098
2 0 -1873.0417579647080 0.0000000000000000
2 1 6.8579888825992317 1380.1851826084751
2 2 1707.4694813325773 549.15651954621228
3 0 -1461.4012703775766 0.0000000000000000
3 1 -160.98766900232087 5.3070147681266695
3 2 -287.40143791342314 -230.16244168982809
3 3 -1247.0433112561118 -237.15966957457692
4 0 -49.797646743000143 0.0000000000000000
4 1 -325.01979607019467 -85.420974737754833
4 2 -394.30661084574689 162.95054321702045
4 3 102.12341219586135 -13.522744769079646
4 4 61.409136379757392 -364.48455780023897
5 0 57.561973844454876 0.0000000000000000
5 1 -124.34285746766780 29.197979909873339
5 2 21.425167900454433 50.900695915447393
5 3 127.90502913623969 -42.055659052262776
5 4 -75.587914260948693 -23.227890037729015
5 5 6.7420353681099385 96.352612120647933
6 0 24.798545862038139 0.0000000000000000
6 1 -10.591872942707269 45.141011541462817
6 2 -10.124681101836581 -8.2703280520132623
6 3 -22.244333945034072 -12.984149102842297
6 4 -2.2531101027120299 1.5724605541882430
6 5 0.60251043856297470 -9.7015056567716833
6 6 -9.4935122792399582 -44.702463733914406
7 0 8.7144220780324382 0.0000000000000000
7 1 3.4838163800616462 1.5773333303177886
7 2 -7.1404101407755842 1.1651319702816560
7 3 -3.6601278935578909 -0.78129967638600040
7 4 12.521826877203960 -8.5389797680353539
7 5 -4.2894413655698163 -4.7725357161019097
7 6 1.3671051215697951 -0.41587231191429952
7 7 6.1922634717563891 4.5973549655754624
8 0 1.3784187358883355 0.0000000000000000
8 1 6.93843898062568160E-002 -1.1618548573818157
8 2 -2.2396997310074003 2.5813216115770454
8 3 -1.0855106404102814 0.10747857846270974
8 4 8.07495386307130886E-002 9.09542729212112627E-002
8 5 -0.45503343249724648 3.6219796132750770
8 6 0.77144016741158217 1.3330772031947402
8 7 -0.46891008093384695 -1.6691743103458661
8 8 -1.2133352284577998 -0.15851504634677738
9 0 -3.74890847839534549E-003 0.0000000000000000
9 1 4.01031814606647927E-002 -0.35044978667492804
9 2 -0.57343628513252531 0.36657071395556079
9 3 -1.4713820707666161 0.51563221900420597
9 4 -0.70684116537466346 0.60778107855896435
9 5 0.57426977875471896 0.30872217172302530
9 6 0.15968067174098174 6.17975179885649623E-002
9 7 0.32753382108181489 -0.14940010955618974
9 8 0.89373835899068610 -0.37110563434910276
9 9 0.51734210286862503 -0.35220624437510711
10 0 -3.52759950420319310E-002 0.0000000000000000
10 1 0.19250687971596747 -0.19556748461539541
10 2 -0.18384153216428281 -7.09584425101471294E-002
10 3 -0.23297566191653393 0.18366497931699322
10 4 -0.14173356471932724 0.18609713254940805
10 5 8.83469730122162095E-002 0.18472132563275920
10 6 0.18127344542273255 0.44276375339226004
10 7 0.36665685645093327 7.83943851873730307E-002
10 8 0.17937370669217909 -0.24038263631203252
10 9 -5.00499232144068149E-002 -1.58306821300946790E-003
10 10 -2.47842456597647878E-002 9.44995588630567901E-002
