490
1 0 -34723.156192733855 0.0000000000000000
1 1 -1657.9239515672887 -1522.4037719858293
2 0 -2680.7617563671629 0.0000000000000000
2 1 -545.00509649651508 735.45693106709768
2 2 1846.3167051727542 294.26651912398989
3 0 -716.65627580143405 0.0000000000000000
3 1 -567.01992247804355 157.59115145243697
3 2 -285.81084099853081 -557.29765846884447
3 3 -1459.4846889957598 -445.31114300204752
4 0 -43.400702279496663 0.0000000000000000
4 1 -280.14463550266316 -208.71211094091453
4 2 -386.75783825760828 291.58155266279283
4 3 22.534219804134267 36.033252831412746
4 4 60.212195250320256 -351.87209499059162
5 0 43.572434305693797 0.0000000000000000
5 1 -125.26460160438380 89.233486745559645
5 2 -25.878017784485447 68.395967459448656
5 3 110.31204413895134 -21.908507664336753
5 4 -99.735643468336249 -46.180508248050948
5 5 30.274535620628527 104.28500594290045
6 0 14.667110738904986 0.0000000000000000
6 1 2.0606114067694832 50.595206808082629
6 2 -4.2739331166467203 1.8530769636247824
6 3 -23.446601045961494 -3.6465319358842305
6 4 -6.7751329498070412 -0.64282125716608696
6 5 8.3141791412434252 0.30896827215820394
6 6 -0.54957013796971832 -45.073966089945870
7 0 5.8325674276817958 0.0000000000000000
7 1 7.1811125599639034 4.4248349891760910
7 2 -4.5351445843012419 0.91330634779384523
7 3 -1.4201871650527742 1.9645029064746884
7 4 9.4847191981245391 -4.9454936214082261
7 5 -5.3191752577044955 -3.0253527606126687
7 6 3.4539400321636573 -0.28085617425258735
7 7 3.3398304276975153 5.2111837082630732
8 0 1.1883014786861470 0.0000000000000000
8 1 0.53763326543334278 -1.5755200226396062
8 2 -0.57100165869493502 3.3751402624729527
8 3 -0.86597295825209419 0.79102461476332764
8 4 -0.62617426642875595 0.47320817360348455
8 5 -1.4451081935528438 3.4621414603402072
8 6 1.0243500036436990 1.2728651650360425
8 7 -0.72153973120878956 -1.4655085047326364
8 8 -0.86445360744319322 0.57454929971734003
9 0 -0.31584631804419638 0.0000000000000000
9 1 -0.27958131398486363 -0.54077474492573963
9 2 -0.25013949142826264 0.39543077849915809
9 3 -1.0772419347993287 0.59200448741362433
9 4 -0.78938934286387674 0.80739938282278234
9 5 0.18100695520909851 0.34763863976519466
9 6 0.10362641257345018 0.11991512456530935
9 7 0.25467250267929892 -3.16572970304086834E-002
9 8 0.95846412252403257 -1.50123207745390501E-002
9 9 0.61120764849319387 -0.21031508708217314
10 0 -5.62093841080954781E-002 0.0000000000000000
10 1 1.82236044149852623E-002 -0.24695098040885935
10 2 -0.10726839047651356 -3.87551144906524772E-002
10 3 -0.18342324270392329 0.26953980622638618
10 4 -0.10160444337823561 0.22716029867513071
10 5 1.38206790574194778E-002 0.22098258418623440
10 6 8.62444233523849968E-002 0.43177392989293473
10 7 0.33397777912836557 8.14975606537572672E-002
10 8 0.20530117205639009 -0.16766335937634980
10 9 -1.98746239202578015E-002 3.61590173639618900E-002
10 10 -3.83973782173019640E-002 7.72324128330315191E-002
