590
1 0 -34237.134262316482 0.0000000000000000
1 1 -1301.6095622884313 -1759.1589084667685
2 0 -2871.4935587836185 0.0000000000000000
2 1 -570.16142927522958 460.52870200235031
2 2 1768.0114291027257 197.58072005938848
3 0 -298.53481503232490 0.0000000000000000
3 1 -769.94988147095341 365.63880979617562
3 2 -353.45134544433284 -603.35486314211539
3 3 -1484.9189870045770 -599.36591909795357
4 0 -51.955738431549449 0.0000000000000000
4 1 -344.43132026848855 -221.19480627560534
4 2 -361.14039044700098 234.14591547496360
4 3 -69.288787958152739 -69.988567792586679
4 4 84.391890157995732 -380.89946177694344
5 0 26.932060992184446 0.0000000000000000
5 1 -144.67011707776385 87.385952346921684
5 2 -54.302791202196488 38.335844359824826
5 3 73.822998382369192 -52.511735671887394
5 4 -87.267345881907048 -62.111357656372540
5 5 34.715424852604137 96.859794763040725
6 0 4.7680714102602044 0.0000000000000000
6 1 4.4534845615395087 42.044501545946872
6 2 -9.2739872943703094 1.1027742762387431
6 3 -24.413684217809667 -4.2060541312088837
6 4 -10.355164677811514 -6.4053944824969005
6 5 8.0212879484402571 4.2145601443016956
6 6 -1.2127734013015137 -38.555896645425527
7 0 4.5742969583608861 0.0000000000000000
7 1 7.8124936205330613 5.9929862481173721
7 2 -4.6867415997414463 0.95473793751572156
7 3 -0.49286252639189998 2.6996433230945143
7 4 6.2694718047734188 -5.0975417770539106
7 5 -4.6445162148519357 -1.1660869877132825
7 6 4.7170284454050115 0.13744572689143611
7 7 3.9232161632204479 6.3701216049757363
8 0 1.2924101295955590 0.0000000000000000
8 1 0.90114543734527874 -1.5189555364017822
8 2 0.23441649731612996 3.4656408629699227
8 3 -0.55946675123077116 1.1079154340692077
8 4 -1.1197499870325407 0.14551651253093201
8 5 -1.1915689853120282 3.2925904050421719
8 6 1.6133232208277781 1.2529038168595625
8 7 -8.01042813387177199E-002 -0.51449635434825503
8 8 -0.63316314896749237 0.72039100443391058
9 0 -0.27538470539370630 0.0000000000000000
9 1 -0.34412590765376716 -0.51057127229746713
9 2 -8.46834038952863216E-002 0.31467804514851089
9 3 -0.84974069528882468 0.63801950840646049
9 4 -0.82382835331117588 0.74367640618971620
9 5 3.46345269023270730E-002 0.33705830393175396
9 6 0.32138988239136179 0.19899757929188910
9 7 0.45495800627904071 0.18825324456787451
9 8 0.91137076551149132 5.77040380770973554E-002
9 9 0.48937285101884642 -0.20343589666413286
10 0 4.46320823246360715E-003 0.0000000000000000
10 1 -5.87141280108438093E-002 -0.26070416127242202
10 2 -5.75336833640810938E-002 -1.84500098720601288E-002
10 3 -0.18149034655607513 0.26604926207122409
10 4 -0.10292513978063657 0.24255912685473441
10 5 -3.80496343383313756E-002 0.20270973200428116
10 6 0.12232381352316062 0.44162368522774642
10 7 0.35177199746731552 0.10110455111260633
10 8 0.19848176206457485 -0.10687131905789486
10 9 -2.74032170646311170E-002 4.56816211302399980E-002
10 10 -4.86802651873665532E-002 8.72902489357560984E-002
