790
1 0 -33864.370384687601 0.0000000000000000
1 1 -952.98873044416678 -2622.0551795732667
2 0 -3120.0224401996002 0.0000000000000000
2 1 -658.06970194837447 796.81323070642497
2 2 1141.3005829498563 -232.83666999218184
3 0 -410.67898046843834 0.0000000000000000
3 1 -902.22050663990990 621.09837286462846
3 2 -205.30326590141686 -822.16940829193595
3 3 -862.07069203857577 -307.09604453153645
4 0 -63.546485188925089 0.0000000000000000
4 1 -236.25516145042798 -19.152389596456196
4 2 -165.89562694685821 -64.412363776407801
4 3 -37.295051863965234 -213.56580419152505
4 4 39.733712025310162 -459.84851345484049
5 0 37.838462269723394 0.0000000000000000
5 1 -100.02862892070684 46.585449720545995
5 2 -24.838633623030361 -34.336846517587475
5 3 5.4784869122722872 -128.26715958293650
5 4 -80.019076870480092 -118.76417818706084
5 5 7.9255816652770257 95.716262558989342
6 0 2.3003089857727939 0.0000000000000000
6 1 1.8847316406304229 21.536479827694333
6 2 -18.434705458785327 -4.8305992273457354
6 3 -40.285420025855430 -30.973401506453065
6 4 -21.289840573932167 -21.003325404909305
6 5 3.2336350480352198 17.327946822061016
6 6 -3.2129644816256429 -20.627246083085083
7 0 4.1272385146784911 0.0000000000000000
7 1 3.2221486793868785 2.4911950699243386
7 2 -5.1967795851037275 -0.27167726156642752
7 3 -7.5484757146922181 -0.89242118023967332
7 4 -0.52214101821209125 -3.1102770843945939
7 5 -1.2382277020911030 4.4421857514560239
7 6 6.1522183113056759 4.8135089730298830
7 7 4.4141889945108073 6.2589125124481182
8 0 0.71638072434735989 0.0000000000000000
8 1 0.34296817884577313 -2.3741591202555195
8 2 -0.45308181787518348 3.0497101881184272
8 3 -1.5131412223317833 0.76868400929097014
8 4 -2.1689282337956839 0.76992369766811830
8 5 -4.97498878099756001E-002 3.5829662988522220
8 6 2.5500108055923829 2.6144712094302145
8 7 1.3331715235909172 1.27954757380879820E-002
8 8 -0.27636495194471766 0.27716245831225611
9 0 -0.38504838951924059 0.0000000000000000
9 1 -0.43953300873147427 -0.24949466198033410
9 2 -0.16227155411354910 0.33715487783103215
9 3 -0.64419416101429561 0.76624247776499532
9 4 -1.0071248004645472 0.64833656358445202
9 5 0.25339421821546187 0.53201554323063427
9 6 0.91484080323646322 0.51019917976230611
9 7 0.90198033283865553 0.25351597563617728
9 8 0.60019043974456843 0.12564908572205666
9 9 0.18781294294404943 -0.15282812154662201
10 0 2.98875121220222167E-002 0.0000000000000000
10 1 -6.47333800947744176E-002 -0.14192275811695149
10 2 1.97382010796123795E-002 5.70838018160942269E-003
10 3 -5.33654414728424314E-002 0.28077151654582394
10 4 -7.32334513470754289E-002 0.26371208845716654
10 5 1.53522794746219927E-002 0.17167695396038601
10 6 0.25490167315803169 0.37749232055465465
10 7 0.35723495044280917 6.94389523061825775E-002
10 8 0.10161828046460179 6.90260695075563778E-004
10 9 -9.99676488323518464E-002 7.41994401934214232E-002
10 10 -2.49295425508694254E-002 8.85635746615460323E-002
