890
1 0 -34654.209061685026 0.0000000000000000
1 1 -728.09576725176430 -2620.6994398993838
2 0 -2559.8624791866569 0.0000000000000000
2 1 -470.40232781792218 1381.6746600244469
2 2 1025.2127739965317 -490.60607020006034
3 0 -446.10928848860232 0.0000000000000000
3 1 -975.36519533282376 424.97930919456422
3 2 117.87037269195451 -956.04624453712336
3 3 -590.28161151458255 -128.57987729135635
4 0 -59.362900627150715 0.0000000000000000
4 1 -162.75147683794404 53.317837488640670
4 2 -26.332504044951619 -207.17699190260691
4 3 12.874132286944810 -281.57887965517898
4 4 -23.101271841698285 -381.25995281803665
5 0 40.710598091868043 0.0000000000000000
5 1 -51.553947942934364 11.457458456008839
5 2 16.275032529021018 -56.472181542645714
5 3 2.9311195020647403 -159.65999546146784
5 4 -78.282467850108404 -111.91934925096069
5 5 8.9865284685840372 82.115924556240088
6 0 3.0733771186916394 0.0000000000000000
6 1 3.2270941423973949 15.395685455697180
6 2 -20.495539507848491 -7.7689428072050042
6 3 -37.010671159673116 -48.253416743464385
6 4 -22.813727459124490 -27.327379878921636
6 5 10.408808854898993 15.377931239567459
6 6 -7.8833404129428750 -21.598972892210302
7 0 3.7197043285944149 0.0000000000000000
7 1 1.4425359472110943 0.51489766572005524
7 2 -4.2281834204000948 -2.0601015898454111
7 3 -8.9655219062346934 -4.2197524706239466
7 4 -1.5766085775578058 -3.8402059949452170
7 5 2.3073506196583451 5.4007513869207218
7 6 4.1599144572347129 3.1171791436426886
7 7 2.6494479199755383 6.6131805477601784
8 0 0.35788201099591654 0.0000000000000000
8 1 0.21860792675910423 -2.5653269792333164
8 2 -0.97710466042372313 2.1885323302317876
8 3 -1.5825701925662172 0.11492907988491985
8 4 -1.9866250218682293 0.43357856719609300
8 5 0.71396005740299406 3.4189297192099373
8 6 2.4867846444320358 2.3960559334682028
8 7 1.1088817054279552 0.51107330000792883
8 8 0.19358455313115630 -6.58143144728736140E-002
9 0 -0.33210971687033181 0.0000000000000000
9 1 -0.49465102769614855 -0.11814924408988811
9 2 -0.13980666599441721 0.28723032005839799
9 3 -0.62221562654352358 0.72101876584643476
9 4 -0.95248976970010757 0.33913036266130819
9 5 0.44847448809186480 0.61109766551873546
9 6 1.1146321912092543 0.47450014562873688
9 7 0.84315450523699653 0.29015111275267952
9 8 0.65057746454246956 0.18456908999420948
9 9 0.15085291966234329 -0.16463339988439191
10 0 2.27848910958313687E-002 0.0000000000000000
10 1 -7.20302458813802948E-002 -0.10652803100519130
10 2 5.95470730084065730E-002 2.35808904007167716E-003
10 3 -1.63872161022146218E-002 0.24785030035766964
10 4 -2.95077170207450057E-002 0.24430461180574337
10 5 6.85586801396206313E-002 0.15966673373814341
10 6 0.32187490790022588 0.31644532580825041
10 7 0.29238149774373440 5.24330169531360343E-002
10 8 0.11785044748024480 6.34629880543167435E-002
10 9 -9.15643890238217462E-002 5.18568096898201422E-002
10 10 -2.04711623263011816E-002 6.42107732473216064E-002
