990
1 0 -35926.065789493456 0.0000000000000000
1 1 -12.469147758730315 -2034.5573264543814
2 0 -1866.2009529575039 0.0000000000000000
2 1 279.27212219911326 1822.7283942452063
2 2 794.23017172829054 -1004.4346456949331
3 0 -344.80642947658504 0.0000000000000000
3 1 -917.69873145611405 61.054952678654502
3 2 324.11544764760180 -1189.1446398038190
3 3 -687.51746089191704 8.7840839024006154
4 0 -20.688104134102730 0.0000000000000000
4 1 -150.75101585241600 83.936231320216351
4 2 58.091046327782053 -317.63800129439960
4 3 -40.791106839990483 -290.08977341504993
4 4 -12.907621205239609 -255.95916853644849
5 0 39.181106931829405 0.0000000000000000
5 1 -29.570421001373404 -27.387935533853884
5 2 55.647516037345149 -68.310230046366215
5 3 8.8794753164892892 -155.66581074418906
5 4 -37.929073777981507 -83.343470385611852
5 5 19.406485064756200 28.142426794080531
6 0 3.3091482989325032 0.0000000000000000
6 1 2.5802389575381399 10.917835592277722
6 2 -18.495045815254024 -8.5438140438141943
6 3 -20.562377744834205 -53.753970287607721
6 4 -10.278164906001738 -31.787571321553543
6 5 20.551781684360989 -3.8826168027726395
6 6 -19.464073144001759 -22.935117604277352
7 0 4.1689279770053957 0.0000000000000000
7 1 1.0062066426794201 7.97723055472139009E-002
7 2 -1.7348725013548036 -3.2149344006496792
7 3 -5.4872861475957286 -6.6950006343593857
7 4 0.35304833059995855 -5.7958905951442583
7 5 5.2722005000929295 1.7632658030103767
7 6 -1.1454727475259525 -0.11667728844839492
7 7 2.5149234883465676 7.4580244242190767
8 0 0.46999508959405856 0.0000000000000000
8 1 0.77232439987456647 -2.2551770575004868
8 2 -1.1497656501581772 1.0583564463371786
8 3 -0.66496314208495000 -1.0774802099195231
8 4 -1.2626850965257215 -0.22669819690590387
8 5 1.2958849853298668 2.5074012688108147
8 6 1.3771592938224084 1.4962899796371771
8 7 1.3391688680758302 1.4210817683183852
8 8 0.63479364593596743 -0.75797606198711021
9 0 -0.15483404599721309 0.0000000000000000
9 1 -0.36962803135797467 -3.25153663915504695E-002
9 2 -0.13511882697761071 9.14423154020896634E-002
9 3 -0.55729942731333970 0.47181311166798068
9 4 -0.79672211860774989 2.68345938749882731E-003
9 5 0.54860376644440600 0.68753923785419269
9 6 0.99158556353318228 0.30487130316341760
9 7 0.86039389223010865 0.48563647240284824
9 8 0.76760025276419408 9.85316377505333213E-003
9 9 7.33138914582422141E-002 -0.20544469668225424
10 0 1.32683961345971511E-002 0.0000000000000000
10 1 -7.49742940990709844E-002 -0.11828064179840445
10 2 5.48519842742775723E-002 -8.21302608505919407E-003
10 3 -5.15998555960904895E-002 0.17881462255839928
10 4 1.06707497164639162E-002 0.22344125068387968
10 5 0.10516430688067444 0.19697546468051347
10 6 0.34292402842868913 0.25802078417408869
10 7 0.23748921193424483 6.58687327461347782E-002
10 8 0.18967511490265690 3.37168642841214686E-002
10 9 -9.86509653391084013E-002 7.76999698361896529E-004
10 10 -1.49553072648344020E-002 4.88821482989184666E-002
