OPTIMAL FLOW WITH TARGET RMS   1.30E+01     LMAX_U  25 LMAX_B  4
  1   0     7.56372E-05      0.00000E+00     -2.39552E-18      0.00000E+00
  1   1    -5.63468E-04      3.80671E-04      3.34527E-04     -6.97525E-04
  2   0     1.45905E-03      0.00000E+00      4.54859E-19      0.00000E+00
  2   1     4.93241E-04      5.05826E-04     -3.66301E-04     -5.42197E-04
  2   2     2.93191E-04      1.17247E-04      2.84201E-04      9.78484E-04
  3   0    -6.74408E-04      0.00000E+00     -2.74938E-18      0.00000E+00
  3   1    -7.87107E-05     -8.56697E-05     -1.93465E-04      5.60097E-05
  3   2    -1.00921E-04      3.04238E-04     -1.83520E-04      4.58916E-04
  3   3     2.04890E-04     -2.48982E-05      4.57109E-04      3.09571E-04
  4   0     4.87399E-04      0.00000E+00     -2.33885E-18      0.00000E+00
  4   1    -9.29677E-05     -3.21123E-04     -1.52790E-04     -3.21676E-04
  4   2    -3.40657E-04     -1.36229E-04     -1.84089E-04      3.49877E-04
  4   3    -1.17007E-04      1.72771E-04      5.08173E-05      4.18182E-04
  4   4    -1.07800E-18     -1.02289E-18      4.08746E-04     -3.21535E-04
  5   0     5.98770E-04      0.00000E+00     -1.31136E-18      0.00000E+00
  5   1     7.00393E-04     -3.32674E-04     -1.46858E-18      1.07328E-17
  5   2    -3.56298E-04     -1.87467E-04      7.05545E-17     -1.80940E-16
  5   3    -2.47811E-04      3.01140E-05     -2.07836E-17     -1.70924E-17
  5   4     1.07178E-04      1.36249E-04      9.38414E-20     -6.28888E-18
  5   5     2.78677E-19     -1.46002E-18      8.20984E-20      2.34396E-18
  6   0     9.61195E-16      0.00000E+00     -3.09237E-19      0.00000E+00
  6   1    -2.39926E-17      3.82483E-16     -1.65935E-16     -3.23872E-16
  6   2     3.09875E-17      1.69814E-17      1.12900E-16     -3.46089E-16
  6   3    -4.85436E-18      1.16858E-17     -1.17403E-17     -9.91034E-17
  6   4    -8.11345E-18     -1.32012E-18     -6.05068E-18      5.35491E-18
  6   5     6.07243E-18      2.83695E-19      7.80549E-19     -5.30854E-18
  6   6     1.02787E-18     -7.15400E-19     -8.61923E-22      2.20952E-18
  7   0     8.64327E-16      0.00000E+00     -5.35223E-19      0.00000E+00
  7   1    -1.60333E-15      8.61907E-16     -1.03975E-16      2.88776E-18
  7   2     3.04869E-16      1.06548E-16      4.04304E-17     -1.01779E-16
  7   3    -4.67560E-17      3.79933E-18     -2.83259E-17     -2.23090E-17
  7   4     1.16196E-17      4.32235E-18     -3.95621E-19     -6.20402E-18
  7   5    -6.46251E-18     -2.89970E-18      1.58483E-18      3.13013E-19
  7   6     6.00887E-18      6.82971E-19     -7.09693E-19     -3.96083E-18
  7   7     1.89674E-18     -1.00940E-18      1.95040E-19      2.05273E-18
  8   0     2.84095E-15      0.00000E+00     -1.42767E-19      0.00000E+00
  8   1    -2.41752E-17      2.41368E-16     -3.31940E-16     -6.28199E-16
  8   2     1.79976E-16      7.51988E-17      3.29631E-17     -1.10457E-16
  8   3    -9.35955E-19     -6.13025E-20     -1.16019E-17     -9.36335E-17
  8   4    -1.60005E-17     -2.39151E-19     -1.18780E-17      6.00338E-18
  8   5     8.30650E-18     -2.88583E-18      1.80897E-19     -6.54365E-18
  8   6    -4.34920E-18      2.53335E-19      1.12930E-18      6.61864E-19
  8   7     5.79977E-18     -3.82276E-19     -3.44188E-19     -2.99905E-18
  8   8     2.21874E-18     -9.49867E-19      1.12453E-19      1.86993E-18
  9   0     7.11123E-16      0.00000E+00     -3.10257E-19      0.00000E+00
  9   1    -2.85108E-16      1.63654E-16     -1.33342E-16     -2.31413E-18
  9   2     5.47599E-16      1.90868E-16     -1.13322E-18      2.82272E-18
  9   3     1.44552E-17     -3.04591E-18     -2.25239E-17     -1.69338E-17
  9   4     5.36912E-18      3.09304E-18     -2.05635E-19     -1.98495E-18
  9   5    -1.62312E-17     -2.44567E-18     -8.56779E-20     -2.53540E-18
  9   6     8.97453E-18     -2.03528E-18     -1.27263E-18     -5.80943E-18
  9   7    -1.82688E-18     -9.04649E-19      1.14328E-18      1.22422E-18
  9   8     5.34349E-18      6.14538E-19     -5.33042E-19     -2.87966E-18
  9   9     2.90643E-18     -1.35650E-18      2.64567E-19      1.72140E-18
 10   0     3.25704E-15      0.00000E+00     -9.36209E-20      0.00000E+00
 10   1    -1.42233E-17     -1.20996E-16     -3.00023E-16     -5.62517E-16
 10   2     2.18785E-16      8.99970E-17     -4.79753E-17      1.25733E-16
 10   3     9.26412E-18     -1.65725E-17     -7.23757E-18     -5.73480E-17
 10   4    -1.50548E-17      1.32147E-19     -1.29893E-17      7.70053E-18
 10   5     3.77946E-18     -2.32283E-18     -1.88371E-19     -2.81058E-18
 10   6    -1.39931E-17      2.63953E-18     -7.15169E-20     -2.08976E-18
 10   7     1.00472E-17     -3.58417E-18     -9.84668E-19     -5.22938E-18
 10   8    -1.70105E-18     -3.64416E-19      1.08698E-18      1.37039E-18
 10   9     6.83271E-18     -1.51915E-18     -4.65669E-19     -2.30238E-18
 10  10     3.62391E-18     -1.05843E-18     -1.11287E-20      1.63249E-18
 11   0     2.48172E-16      0.00000E+00     -1.92453E-19      0.00000E+00
 11   1     1.55524E-15     -8.16859E-16     -8.86359E-17     -4.02986E-18
 11   2     4.51225E-16      1.55423E-16     -3.29679E-17      8.25334E-17
 11   3     7.32919E-17     -9.99552E-18     -9.72736E-18     -7.55663E-18
 11   4    -9.46492E-19     -1.57762E-18     -1.24133E-19     -4.64757E-19
 11   5    -1.68203E-17     -1.82805E-18     -3.49526E-19     -2.24956E-18
 11   6     4.97455E-18     -1.61933E-18     -7.05212E-19     -3.17145E-18
 11   7    -1.13524E-17      1.24463E-18     -1.00297E-19     -1.38776E-18
 11   8     1.00846E-17     -2.59625E-18     -1.34683E-18     -5.56191E-18
 11   9     5.83462E-19     -1.11360E-18      1.06776E-18      1.41215E-18
 11  10     5.38919E-18      6.02671E-19     -7.76505E-19     -1.48911E-18
 11  11     3.28111E-18     -1.82903E-18      3.33736E-19      1.33188E-18
 12   0     1.60348E-15      0.00000E+00     -6.71663E-20      0.00000E+00
 12   1     4.82603E-19     -4.69119E-16     -1.20429E-16     -2.21804E-16
 12   2     1.10946E-16      4.66472E-17     -9.07040E-17      2.52535E-16
 12   3     1.64125E-17     -2.75151E-17     -9.67666E-19     -5.95960E-18
 12   4    -1.31388E-17      2.05061E-19     -1.02706E-17      6.36087E-18
 12   5     1.10678E-18     -1.79383E-18     -2.70058E-19     -1.02672E-18
 12   6    -1.60348E-17      3.29078E-18     -3.38818E-19     -2.16569E-18
 12   7     6.81727E-18     -2.88712E-18     -7.51039E-19     -3.29816E-18
 12   8    -1.26024E-17      2.43356E-18      7.20267E-20     -1.10647E-18
 12   9     1.19039E-17     -5.13028E-18     -1.54672E-18     -5.13592E-18
 12  10     3.20195E-18      5.47393E-20      8.88270E-19      1.64574E-18
 12  11     4.23132E-18     -8.13828E-19     -2.63895E-19     -1.00278E-18
 12  12     2.47596E-18     -1.28053E-18      5.55790E-19      1.16600E-18
 13   0    -4.14729E-16      0.00000E+00     -1.35572E-19      0.00000E+00
 13   1     2.70396E-15     -1.43297E-15     -5.66482E-18     -3.09153E-18
 13   2     4.48372E-17      1.25761E-17     -4.20383E-17      1.05349E-16
 13   3     9.21770E-17     -1.20232E-17      4.19601E-18      2.22600E-18
 13   4    -7.09750E-18     -7.85987E-18     -8.00531E-20      7.56832E-20
 13   5    -1.53604E-17     -1.35406E-18     -3.37278E-19     -1.68997E-18
 13   6     2.10705E-18     -9.80552E-19     -3.25684E-19     -1.56676E-18
 13   7    -1.44497E-17      2.15890E-18     -4.52910E-19     -1.83367E-18
 13   8     7.51953E-18     -2.55003E-18     -1.00302E-18     -3.89961E-18
 13   9    -1.04802E-17      2.38189E-18     -1.00548E-19     -9.38334E-19
 13  10     1.10837E-17     -2.57999E-18     -1.88144E-18     -4.19134E-18
 13  11     3.60384E-18     -2.61545E-18      1.10224E-18      1.41246E-18
 13  12     3.29632E-18     -1.73901E-18     -1.03010E-18     -9.69796E-19
 13  13     2.85196E-18     -2.42309E-18      4.75561E-19      1.04332E-18
 14   0    -1.35512E-15      0.00000E+00     -4.53787E-20      0.00000E+00
 14   1     1.00432E-17     -5.69514E-16      9.48340E-17      1.84046E-16
 14   2    -8.25234E-17     -3.09778E-17     -8.14463E-17      2.30320E-16
 14   3     1.45084E-17     -2.43414E-17      4.39693E-18      3.78408E-17
 14   4    -1.12881E-17      2.31781E-19     -4.56604E-18      2.39875E-18
 14   5    -3.56845E-19     -1.29125E-18     -2.57815E-19     -2.22829E-19
 14   6    -1.55549E-17      3.19062E-18     -3.37336E-19     -1.76189E-18
 14   7     3.82641E-18     -1.87006E-18     -4.94434E-19     -1.83915E-18
 14   8    -1.72058E-17      3.75906E-18     -3.09131E-19     -1.71766E-18
 14   9     9.45323E-18     -4.57959E-18     -1.29585E-18     -4.00797E-18
 14  10    -6.34483E-18      4.55536E-18      3.35804E-21     -2.91128E-19
 14  11     9.08801E-18     -4.75430E-18     -1.30632E-18     -3.34672E-18
 14  12     2.15160E-18      6.55115E-19      1.18488E-18      1.40012E-18
 14  13     1.83243E-18     -1.56762E-18     -2.41914E-19     -1.14103E-18
 14  14     3.14036E-18     -1.82472E-18      4.97570E-19      1.17765E-18
 15   0    -1.00848E-15      0.00000E+00     -1.11792E-19      0.00000E+00
 15   1     2.33746E-15     -1.24408E-15      6.88569E-17     -1.21361E-18
 15   2    -4.29911E-16     -1.54548E-16     -2.84766E-17      7.13123E-17
 15   3     5.44100E-17     -7.07316E-18      1.33283E-17      8.62802E-18
 15   4    -1.03926E-17     -1.11603E-17     -5.87668E-20      3.00519E-19
 15   5    -1.37825E-17     -8.04779E-19     -2.73927E-19     -1.23757E-18
 15   6     1.44289E-19     -6.02073E-19     -1.30595E-19     -7.05918E-19
 15   7    -1.50240E-17      2.59525E-18     -4.71953E-19     -1.63386E-18
 15   8     4.63800E-18     -1.71204E-18     -6.44651E-19     -2.36806E-18
 15   9    -1.59543E-17      4.32080E-18     -5.20399E-19     -1.69349E-18
 15  10     9.80541E-18     -2.73495E-18     -1.57366E-18     -3.55877E-18
 15  11    -4.41791E-18      6.62850E-19      1.95404E-19     -1.71259E-20
 15  12     8.35816E-18     -6.36361E-18     -2.72467E-18     -2.95562E-18
 15  13     2.24538E-18     -3.80617E-18      1.27294E-18      1.30362E-18
 15  14     4.72128E-18      8.37076E-19     -4.70911E-19     -7.02950E-19
 15  15     4.23864E-18     -2.79102E-18      4.47179E-19      9.43455E-19
 16   0    -3.94330E-15      0.00000E+00     -3.91752E-20      0.00000E+00
 16   1     1.20587E-17     -3.35639E-16      2.34560E-16      4.46030E-16
 16   2    -2.44309E-16     -9.59208E-17     -3.35774E-17      9.71708E-17
 16   3     3.11581E-18     -7.05687E-18      6.67829E-18      5.62859E-17
 16   4    -9.62804E-18     -3.77695E-20      1.50319E-18     -2.04039E-18
 16   5    -1.13830E-18     -9.26626E-19     -2.30031E-19      1.15888E-19
 16   6    -1.44343E-17      3.00493E-18     -2.81109E-19     -1.34816E-18
 16   7     1.90943E-18     -1.14663E-18     -3.09516E-19     -9.86156E-19
 16   8    -1.82128E-17      4.11217E-18     -4.13367E-19     -1.67538E-18
 16   9     6.30761E-18     -3.36080E-18     -8.87784E-19     -2.70714E-18
 16  10    -1.17951E-17      6.93288E-18     -3.71271E-19     -1.09289E-18
 16  11     8.56952E-18     -5.05790E-18     -1.27475E-18     -2.99737E-18
 16  12    -5.18533E-18      7.51892E-18     -3.34354E-20      1.53024E-19
 16  13     6.77102E-18     -6.48016E-18     -1.62460E-18     -3.56196E-18
 16  14     3.89577E-18     -1.91698E-18      1.35267E-18      1.51273E-18
 16  15     5.66967E-18     -6.98461E-19     -2.48188E-19     -4.02034E-19
 16  16     2.57263E-18     -3.24975E-18      6.06179E-19      9.88600E-19
 17   0    -1.21201E-15      0.00000E+00     -8.77567E-20      0.00000E+00
 17   1     5.47108E-16     -2.99031E-16      9.94622E-17      3.99557E-19
 17   2    -6.90436E-16     -2.46314E-16     -3.06944E-18      7.78448E-18
 17   3    -2.04172E-17      2.40121E-18      1.43699E-17      9.45946E-18
 17   4    -9.34401E-18     -9.87855E-18     -5.76538E-20      3.59239E-19
 17   5    -1.21454E-17     -6.24346E-19     -2.19786E-19     -9.14401E-19
 17   6    -9.32181E-19     -2.93605E-19     -3.04163E-20     -2.68700E-19
 17   7    -1.41854E-17      2.69288E-18     -4.37077E-19     -1.33439E-18
 17   8     2.31547E-18     -1.09012E-18     -3.97552E-19     -1.35317E-18
 17   9    -1.79213E-17      5.32452E-18     -6.19866E-19     -1.73051E-18
 17  10     7.45550E-18     -1.89182E-18     -1.13680E-18     -2.52061E-18
 17  11    -9.47207E-18      2.98037E-18     -2.58940E-19     -6.87610E-19
 17  12     8.43598E-18     -6.05753E-18     -2.60878E-18     -2.78984E-18
 17  13    -6.90118E-18      5.36286E-19      3.98750E-19      1.99693E-19
 17  14     1.05937E-17     -4.41830E-18     -1.88579E-18     -2.89767E-18
 17  15     6.98460E-18     -4.33065E-18      1.19653E-18      1.20243E-18
 17  16     3.62427E-18     -3.16435E-18      8.74775E-20     -5.41481E-19
 17  17     1.74795E-18     -2.92162E-18      4.77560E-19      6.97394E-19
 18   0    -4.59914E-15      0.00000E+00     -3.69734E-20      0.00000E+00
 18   1     7.17410E-18      1.14678E-16      2.41899E-16      4.57774E-16
 18   2    -2.78729E-16     -1.10107E-16      2.35634E-17     -6.32051E-17
 18   3    -1.12652E-17      1.38410E-17      5.41828E-18      4.55502E-17
 18   4    -8.37318E-18     -4.16513E-20      5.60489E-18     -5.07756E-18
 18   5    -1.42994E-18     -9.11115E-19     -2.00819E-19      2.77274E-19
 18   6    -1.30942E-17      2.72371E-18     -2.36276E-19     -1.03436E-18
 18   7     4.04381E-19     -4.36599E-19     -2.11428E-19     -4.68445E-19
 18   8    -1.76737E-17      4.30482E-18     -3.97577E-19     -1.43590E-18
 18   9     3.68109E-18     -2.28382E-18     -5.57600E-19     -1.74525E-18
 18  10    -1.43621E-17      7.85365E-18     -5.09756E-19     -1.30117E-18
 18  11     6.88608E-18     -4.49322E-18     -1.02019E-18     -2.21999E-18
 18  12    -1.03028E-17      1.20509E-17     -6.86417E-19     -5.82183E-19
 18  13     7.20145E-18     -7.19300E-18     -1.70094E-18     -3.44829E-18
 18  14    -3.93358E-18      3.14825E-18      4.93046E-19      2.76121E-19
 18  15     1.05866E-17     -5.51140E-18     -1.88545E-18     -2.69844E-18
 18  16     3.32684E-18     -6.43801E-18      1.46450E-18      1.39239E-18
 18  17     8.14972E-19     -1.65198E-18     -1.88236E-19     -8.80477E-19
 18  18     2.02094E-18     -2.42259E-18      6.04147E-19      8.35110E-19
 19   0    -8.55899E-16      0.00000E+00     -8.04353E-20      0.00000E+00
 19   1    -1.70331E-15      8.93395E-16      7.75331E-17      1.19919E-18
 19   2    -5.80463E-16     -2.05452E-16      1.99805E-17     -4.97447E-17
 19   3    -9.07305E-17      1.06880E-17      8.57259E-18      5.57556E-18
 19   4    -5.09533E-18     -4.39938E-18     -4.40054E-20      3.62434E-19
 19   5    -1.07080E-17     -4.11100E-19     -1.79905E-19     -6.91293E-19
 19   6    -1.40711E-18     -1.49701E-19      2.18942E-20     -1.80629E-20
 19   7    -1.32562E-17      2.65564E-18     -3.90809E-19     -1.08475E-18
 19   8     7.38340E-19     -4.30638E-19     -2.12937E-19     -7.37789E-19
 19   9    -1.81996E-17      5.47385E-18     -5.86133E-19     -1.54472E-18
 19  10     5.34831E-18     -1.05941E-18     -7.33127E-19     -1.71063E-18
 19  11    -1.21540E-17      4.51339E-18     -4.41792E-19     -9.00783E-19
 19  12     6.98698E-18     -4.69605E-18     -2.05245E-18     -2.17846E-18
 19  13    -1.32562E-17      3.95598E-18     -1.58452E-19     -4.46906E-19
 19  14     1.09035E-17     -5.50686E-18     -1.99361E-18     -3.07091E-18
 19  15    -5.05688E-19      8.93959E-19      4.93329E-19      2.83157E-19
 19  16     9.21733E-18     -9.21409E-18     -1.32901E-18     -2.31959E-18
 19  17     5.60300E-19     -4.94380E-18      1.23256E-18      8.85648E-19
 19  18     2.04805E-18     -2.22083E-18     -4.94496E-19     -3.83522E-19
 19  19     2.87897E-18     -2.75339E-18      4.34637E-19      3.49714E-19
 20   0    -2.80146E-15      0.00000E+00     -2.73971E-20      0.00000E+00
 20   1    -1.76384E-19      5.31270E-16      1.30824E-16      2.46491E-16
 20   2    -1.62482E-16     -6.40470E-17      6.14979E-17     -1.70603E-16
 20   3    -2.09921E-17      2.84682E-17      1.82074E-18      1.58659E-17
 20   4    -7.42117E-18      1.44676E-19      6.73941E-18     -5.79649E-18
 20   5    -1.64733E-18     -7.02435E-19     -1.67937E-19      3.52361E-19
 20   6    -1.20383E-17      2.51609E-18     -1.83228E-19     -8.02075E-19
 20   7    -2.51675E-19     -2.73791E-19     -1.39540E-19     -1.65072E-19
 20   8    -1.66778E-17      4.01973E-18     -3.39644E-19     -1.16880E-18
 20   9     1.77116E-18     -1.33065E-18     -3.66638E-19     -1.10072E-18
 20  10    -1.50270E-17      8.20784E-18     -5.03820E-19     -1.24881E-18
 20  11     5.29107E-18     -3.27857E-18     -7.54295E-19     -1.53604E-18
 20  12    -1.30262E-17      1.43920E-17     -9.13224E-19     -8.26145E-19
 20  13     5.99875E-18     -6.50037E-18     -1.44852E-18     -2.74716E-18
 20  14    -1.01507E-17      7.12251E-18     -1.19160E-19     -5.38528E-19
 20  15     1.10871E-17     -6.61319E-18     -2.11297E-18     -3.02989E-18
 20  16    -3.10714E-18     -2.64079E-18      6.98941E-19      4.89987E-19
 20  17     4.49474E-18     -6.89868E-18     -1.75221E-18     -2.74693E-18
 20  18     2.64036E-18     -2.83178E-18      1.34750E-18      1.17036E-18
 20  19    -4.73659E-19     -1.17799E-18     -4.48251E-19      1.33416E-19
 20  20     2.59552E-18     -2.55797E-18      4.79046E-19      4.46627E-19
 21   0    -6.94212E-17      0.00000E+00     -7.05616E-20      0.00000E+00
 21   1    -3.14021E-15      1.65787E-15      2.09654E-17      1.08751E-18
 21   2    -1.40481E-16     -4.69801E-17      3.00032E-17     -7.48979E-17
 21   3    -1.21978E-16      1.43147E-17     -3.05927E-19     -3.60474E-19
 21   4     1.18096E-18      3.82999E-18     -1.60538E-20      3.29694E-19
 21   5    -9.33112E-18     -6.61156E-19     -1.52681E-19     -5.25243E-19
 21   6    -1.61295E-18     -1.26959E-19      5.91636E-20      1.20813E-19
 21   7    -1.21764E-17      2.45041E-18     -3.23650E-19     -8.65839E-19
 21   8    -2.10821E-19     -6.72665E-20     -1.22006E-19     -3.52593E-19
 21   9    -1.75359E-17      5.27137E-18     -5.33238E-19     -1.37221E-18
 21  10     3.43066E-18     -3.53854E-19     -4.95827E-19     -1.09995E-18
 21  11    -1.30309E-17      4.87147E-18     -5.07373E-19     -9.76327E-19
 21  12     5.47344E-18     -2.84850E-18     -1.52364E-18     -1.58491E-18
 21  13    -1.70898E-17      6.23043E-18     -4.40803E-19     -7.33985E-19
 21  14     9.38871E-18     -5.11164E-18     -1.71807E-18     -2.62603E-18
 21  15    -6.88838E-18      5.56450E-18     -5.68406E-20     -3.48868E-19
 21  16     1.03194E-17     -1.08941E-17     -1.67488E-18     -2.61470E-18
 21  17    -7.44182E-18      2.17316E-19      6.28128E-19      2.35018E-19
 21  18     7.02826E-18     -8.31104E-18     -2.30783E-18     -1.78249E-18
 21  19     6.33915E-18     -3.75459E-18      1.09031E-18      4.95040E-19
 21  20     8.19500E-19      1.30198E-18     -2.05375E-19      2.78761E-19
 21  21     2.58842E-18     -2.94828E-18      3.80000E-19      5.76967E-19
 22   0     5.88938E-16      0.00000E+00     -2.75241E-20      0.00000E+00
 22   1    -7.85236E-18      6.71425E-16     -2.81100E-17     -5.42917E-17
 22   2     4.87559E-17      2.09124E-17      6.43609E-17     -1.80310E-16
 22   3    -2.19241E-17      2.99575E-17     -2.16794E-18     -1.70241E-17
 22   4    -6.79243E-18      2.30106E-19      4.73602E-18     -4.11201E-18
 22   5    -1.76062E-18     -5.19911E-19     -1.38484E-19      3.51773E-19
 22   6    -1.10378E-17      2.33204E-18     -1.61867E-19     -6.27137E-19
 22   7    -7.61630E-19     -1.55242E-19     -1.01220E-19     -3.20183E-21
 22   8    -1.55646E-17      3.74256E-18     -2.91368E-19     -9.76844E-19
 22   9     5.19139E-19     -8.08831E-19     -2.56912E-19     -6.70620E-19
 22  10    -1.49398E-17      7.96478E-18     -4.65462E-19     -1.16690E-18
 22  11     3.60360E-18     -2.68750E-18     -5.74911E-19     -1.03437E-18
 22  12    -1.41012E-17      1.55662E-17     -9.63665E-19     -8.86698E-19
 22  13     4.59866E-18     -5.54541E-18     -1.13316E-18     -2.03147E-18
 22  14    -1.40876E-17      9.66733E-18     -4.41786E-19     -9.29240E-19
 22  15     9.95372E-18     -6.09980E-18     -1.85935E-18     -2.66108E-18
 22  16    -8.78774E-18      1.14044E-18      4.74231E-20     -1.94141E-19
 22  17     5.28975E-18     -8.62520E-18     -2.10060E-18     -3.06047E-18
 22  18    -2.70840E-18      4.23932E-18      5.76896E-19      4.84421E-19
 22  19     1.65111E-18     -6.19405E-18     -2.30964E-18     -8.27532E-19
 22  20     6.35214E-18     -4.44780E-18      1.44729E-18      6.90485E-19
 22  21     3.86849E-18     -2.43419E-19      4.51103E-20      2.99419E-19
 22  22     2.26921E-18     -3.42172E-18      5.35806E-19      4.25556E-19
 23   0     7.61760E-16      0.00000E+00     -5.88667E-20      0.00000E+00
 23   1    -2.89802E-15      1.53416E-15     -3.80614E-17      4.35895E-19
 23   2     4.01852E-16      1.46519E-16      2.39172E-17     -5.97356E-17
 23   3    -9.46954E-17      1.11112E-17     -7.99848E-18     -5.51756E-18
 23   4     6.24563E-18      1.04436E-17     -1.65595E-20      3.09539E-19
 23   5    -8.55095E-18     -4.29055E-19     -1.26884E-19     -4.05875E-19
 23   6    -1.83087E-18     -1.01301E-19      7.00482E-20      1.77673E-19
 23   7    -1.13203E-17      2.35441E-18     -2.62611E-19     -7.03323E-19
 23   8    -6.89074E-19      1.49368E-19     -6.53693E-20     -1.27523E-19
 23   9    -1.67756E-17      4.79516E-18     -4.53934E-19     -1.14899E-18
 23  10     1.85440E-18     -7.62668E-20     -3.13422E-19     -6.82465E-19
 23  11    -1.32845E-17      5.02898E-18     -5.02123E-19     -8.92836E-19
 23  12     3.81098E-18     -1.57000E-18     -1.11944E-18     -1.11494E-18
 23  13    -1.87606E-17      7.32550E-18     -5.69782E-19     -8.09151E-19
 23  14     7.62576E-18     -4.15396E-18     -1.37533E-18     -2.10101E-18
 23  15    -1.12775E-17      8.67397E-18     -3.75569E-19     -6.71032E-19
 23  16     9.76071E-18     -1.04445E-17     -1.58386E-18     -2.36784E-18
 23  17    -1.42262E-17      5.16797E-18      7.87040E-20     -2.65740E-19
 23  18     8.35477E-18     -9.94843E-18     -2.77512E-18     -2.13831E-18
 23  19     4.00311E-18      3.68174E-18      5.65536E-19      3.94113E-19
 23  20     3.74542E-18     -5.43564E-18     -1.56164E-18     -3.82229E-19
 23  21     6.33959E-18     -6.01987E-18      1.00696E-18      7.73176E-19
 23  22     2.08230E-18     -1.83664E-18      6.00949E-19      2.35033E-19
 23  23     4.28691E-19     -3.17535E-18      4.16964E-19      2.90516E-19
 24   0     3.76205E-15      0.00000E+00     -3.19563E-20      0.00000E+00
 24   1    -9.89640E-18      4.43646E-16     -1.50379E-16     -2.84999E-16
 24   2     2.42715E-16      9.82760E-17      3.51489E-17     -9.97731E-17
 24   3    -1.19359E-17      1.53260E-17     -4.69497E-18     -3.78817E-17
 24   4    -6.18232E-18      3.47781E-19      8.71170E-19     -9.78543E-19
 24   5    -1.91985E-18     -3.40744E-19     -1.22650E-19      3.50427E-19
 24   6    -1.00835E-17      1.97376E-18     -1.41939E-19     -5.03059E-19
 24   7    -9.98666E-19     -2.70329E-19     -5.92062E-20      7.44098E-20
 24   8    -1.47289E-17      3.69677E-18     -2.40123E-19     -8.18008E-19
 24   9    -4.83528E-19     -4.66030E-19     -1.60670E-19     -3.90745E-19
 24  10    -1.45641E-17      7.78410E-18     -3.84873E-19     -9.76486E-19
 24  11     2.45791E-18     -1.48305E-18     -4.33410E-19     -6.87479E-19
 24  12    -1.43176E-17      1.57108E-17     -9.23854E-19     -8.52199E-19
 24  13     3.13402E-18     -4.44017E-18     -8.37039E-19     -1.45574E-18
 24  14    -1.63498E-17      1.13229E-17     -5.83716E-19     -1.04814E-18
 24  15     8.52275E-18     -5.45471E-18     -1.53794E-18     -2.13698E-18
 24  16    -1.27435E-17      4.14442E-18     -3.67426E-19     -5.83668E-19
 24  17     4.62606E-18     -8.52920E-18     -1.96402E-18     -2.75146E-18
 24  18    -7.69602E-18      1.07966E-17     -1.32063E-19     -7.56218E-20
 24  19     2.85758E-18     -7.80415E-18     -2.82479E-18     -1.10995E-18
 24  20     5.42093E-18      2.22243E-19      9.66525E-19      4.23190E-19
 24  21     7.36654E-18     -5.17586E-18     -1.18641E-18     -4.00926E-19
 24  22     5.44670E-18     -9.13799E-18      1.31779E-18      6.36833E-19
 24  23    -1.31708E-18      3.86359E-19      5.25900E-19     -3.40757E-19
 24  24     7.32929E-19     -2.32899E-18      6.60839E-19      4.53982E-19
 25   0     1.19918E-15      0.00000E+00     -4.17682E-20      0.00000E+00
 25   1    -1.03671E-15      5.52674E-16     -6.97978E-17     -3.68600E-19
 25   2     7.50295E-16      2.70112E-16      6.57574E-18     -1.64110E-17
 25   3    -1.69246E-17      1.79761E-18     -1.09850E-17     -7.49333E-18
 25   4     7.81614E-18      1.19739E-17     -1.49476E-20      2.83852E-19
 25   5    -7.62775E-18     -2.70831E-19     -8.39059E-20     -3.31432E-19
 25   6    -2.15798E-18      6.31418E-21      5.15897E-20      2.08279E-19
 25   7    -1.07060E-17      2.20767E-18     -2.10618E-19     -5.77525E-19
 25   8    -1.25560E-18      1.63796E-19     -5.93230E-21      8.92828E-21
 25   9    -1.57903E-17      4.51102E-18     -3.89066E-19     -9.62009E-19
 25  10     7.87951E-19      2.82857E-19     -2.11253E-19     -3.97101E-19
 25  11    -1.31773E-17      5.42984E-18     -4.70125E-19     -8.02430E-19
 25  12     2.59403E-18     -5.59324E-19     -7.93058E-19     -7.39073E-19
 25  13    -1.91661E-17      7.93902E-18     -5.95021E-19     -8.06493E-19
 25  14     5.54132E-18     -3.29740E-18     -1.04291E-18     -1.60506E-18
 25  15    -1.38633E-17      1.05403E-17     -5.22013E-19     -8.03340E-19
 25  16     8.31145E-18     -9.26085E-18     -1.37857E-18     -1.97228E-18
 25  17    -1.87241E-17      8.74503E-18     -2.93483E-19     -5.38369E-19
 25  18     8.00202E-18     -9.41183E-18     -2.64520E-18     -2.04003E-18
 25  19     1.37275E-18      1.05668E-17      5.18204E-20      2.87932E-19
 25  20     5.19776E-18     -8.56647E-18     -2.01447E-18     -6.71538E-19
 25  21     5.32069E-18     -2.23371E-18      6.36583E-19      4.27740E-19
 25  22     4.84670E-18     -8.11631E-18     -2.44406E-20     -4.23227E-19
 25  23    -5.91954E-19     -8.58244E-18      1.05840E-18      2.91043E-19
 25  24     2.05647E-18     -3.60979E-18     -6.05449E-20     -3.35746E-19
 25  25     1.46449E-18     -2.60694E-18      4.89606E-19      2.10934E-19
