  360.00   71.63        0.59219       -1.68788
  233.09  -19.50        0.07908       -1.68253
   13.30  -42.58        0.03223       -0.42678
  239.27  -56.17       -6.61501       10.63364
   73.49  -41.71        3.58851       -2.95000
  235.78  -47.93       -6.34883       14.19334
  327.63  -50.95       -0.36805       -0.48882
  107.65  -27.98        8.07850        0.07636
  251.94   64.23      -16.96262      -12.17362
   33.05   53.58        2.12064       17.10311
  345.49   56.09       -4.99861        8.00399
  158.82  -58.53       10.08680       12.77943
  332.77  -55.44        3.10611        4.58133
  326.94  -15.99        0.03000        0.36759
   53.17   49.27        3.00872        7.27316
    1.95  -33.81       -0.00737       -0.79040
  352.92   41.32       -4.03121        9.22868
    1.89  -30.49       -0.00986        1.09839
  281.53  -18.58        1.19848       -0.75952
  165.95    2.29       -1.18710       -6.95600
   57.88   71.65        3.59968        4.84171
    3.82   -9.88        4.69942      -36.81725
   83.86    6.34       -0.46337        2.86660
  104.58  -36.09       11.73522       -0.77467
  202.07   35.63       -1.57727       -8.55662
   96.80  -19.36       18.36362       -6.93659
  100.05   35.24        9.17634        2.65772
  249.03   28.30       -6.72841       -8.03550
   89.17   -5.72        5.69015       -6.80285
  130.78  -15.19        7.95163        7.89328
  181.88    3.36       -2.47376      -15.82048
  315.89   -4.00        1.18880       -5.42073
  290.10  -69.36      -15.39206       -0.85517
  147.88   74.74        5.87585       -5.54516
  246.84   -6.12        0.58357        4.47941
  116.54   75.07       19.75183       -3.47620
  264.36    4.49       -1.20329       -1.97019
   58.52   32.83        3.51319       12.17533
  135.53   65.38        3.78169       -2.44423
  171.64  -38.27        6.19222       13.98205
  240.56  -51.61       -7.51394       12.62443
  106.99  -29.48        8.26840       -0.07414
  266.73  -20.04       -2.45281        5.25059
  124.21  -60.56       31.91394       10.13456
   10.35   -0.11        2.56498      -15.30264
  205.27   21.45       -0.64399       -3.10054
  142.67   41.50        4.14198       -5.76799
   26.48   -4.08        4.14292      -23.04073
  166.40   -7.45        0.93914        3.47480
  226.90    1.36       -0.88360       -4.30888
  290.65  -11.86       -0.06584       -0.09096
  129.94    2.55        1.67537        5.13820
   91.23  -18.76       16.53499       -9.81657
    9.05  -51.13        0.05171        6.92942
   77.80  -72.85        4.22212       -2.36201
  128.14   22.65        2.11468       -3.64821
  274.43   25.66       -9.22018       -3.59213
   21.82   34.04       -1.82835       19.37968
  116.52   -5.52       -3.87671       -2.37735
  267.65   40.97      -16.70092       -7.56242
   56.22  -47.19        2.54002       -3.44418
  195.84  -12.46        0.91494        5.43695
  133.19   38.31        4.87405       -4.98171
  327.40  -24.42        0.64926        2.53975
  267.60   24.24       -8.74314       -5.47779
  223.59   43.66       -5.66658      -11.92138
   47.38  -67.65        0.43889       -0.72124
  291.94  -20.14        0.10437        0.04507
  287.46  -66.98       -8.70568       -0.02638
  143.41  -28.25        7.40656        8.24599
   27.60   17.09        0.44392       -4.08968
    7.95  -33.16       -0.57842       11.29716
  155.06   39.49        1.17182       -2.90097
  132.24  -38.21       11.98403        7.29963
  304.30  -11.41       -0.34304       -3.87113
  122.87   14.25        0.32386       -1.14813
   65.70   -5.14        2.77593       -7.91349
    6.40  -59.10        0.82897       10.58789
   67.63   63.11        7.37319        7.70457
  287.55  -15.23        0.50657        0.02081
  322.20   42.26       -8.80004        7.45737
  173.32   35.57        0.44805       -4.05101
  263.75   59.44      -23.53371      -10.76562
  352.67  -37.64       -1.53247      -11.35481
  165.09  -61.90        9.58079       14.76939
  101.04   -4.64        3.00271       -1.33145
   80.96   66.04       23.00808       13.59742
  269.47  -13.28       -0.26826        1.45260
  231.30   33.80       -1.24824       -2.30329
   32.03   36.36        0.18001       10.60575
   16.11  -47.03       -0.08233        0.83782
  110.37   31.53       11.03570       -1.54959
  223.67  -54.30       -3.53034       12.01718
  219.80   -4.95        0.71627        4.97567
   98.63  -53.68       23.43818       -3.95363
  241.02   43.82       -6.99979       -8.45168
   61.09  -13.67        6.50973      -14.44625
   73.98   63.94       14.20968       11.52717
   93.93  -11.75       13.17518       -8.44466
   19.37   35.72       -2.07625       18.14846
   39.59    2.46        0.24965       -1.53810
  237.91  -49.60       -7.10984       13.92933
  127.76   -0.43        1.75277        3.52503
  138.26   -6.87        1.19895        2.30084
  246.53  -47.83       -8.52157       12.38748
  284.54   47.40      -23.33154       -1.33088
  266.61  -21.97       -3.06558        5.54542
  273.36  -44.25        1.85572       -0.80242
  116.90   43.08       13.78719       -4.15932
  234.67  -13.20       -0.01710       -0.57467
  209.93  -36.19        0.05425        9.67349
  215.49   -5.12        1.04237        7.17079
  236.72  -32.40       -1.86788        7.23783
  286.98  -31.52        0.31590       -0.00487
  167.24    5.25       -0.95847       -6.90988
  288.37  -30.34        0.77706        0.03968
  254.55   36.53       -3.79467       -3.23674
  131.74   19.90        0.52132       -1.40574
   84.70    8.41       -0.28484        3.67544
  333.79  -21.55        1.41065       10.44354
   10.53  -38.62       -0.22818        4.01156
  302.68   36.82       -5.63136        2.09799
  200.74  -51.64        0.60356       10.64964
   74.69  -60.15        9.64906       -6.39613
  345.09   32.51       -2.36129        4.67755
  193.28   23.46       -0.61479       -4.91353
  211.99   -7.98        0.95506        7.11724
   43.20  -50.74       -0.56677        1.14972
  107.59   23.94        4.80822       -0.09275
  174.45   -8.03        0.28526        1.19896
  192.97  -15.64        1.74138        9.60184
  147.91  -16.73        5.44979        9.37991
  233.98   -6.53        0.37239        3.05893
   83.73  -19.21       10.22959       -8.92124
  358.64    8.37       -0.73281        3.28288
   11.93   59.91       -2.87732       17.39365
   95.24   18.93        0.82345        1.07889
  336.01  -41.15       -3.72206       -9.05096
  210.87   62.94       -8.55015      -29.20495
   34.86   23.19       -0.84476       23.36815
  317.21   11.46        0.20131       -0.29908
   18.61   10.58        2.44152      -15.29155
  144.67  -28.54        7.08719        8.17364
    7.96   32.77       -6.14212       26.56744
  228.94   22.61       -1.91939       -4.59800
   12.74    3.01        1.80202      -10.53141
  212.04   35.39       -1.96844       -6.72493
   37.72   61.35        1.89196        7.84039
   56.00   20.69        1.01562       12.19707
  234.31   27.40       -2.70656       -5.08874
    9.33  -62.59        0.31968        6.80020
   45.46    2.97        0.64130       -3.98333
  217.04  -28.61       -0.17822       10.92229
  169.15   -7.59        0.51286        1.98780
  319.63   53.11       -7.13982        4.91959
  195.63  -19.39        1.85032       11.08091
  133.82   57.58        9.39311       -6.29403
   48.98  -27.94       -1.46288        3.16709
   74.43   29.75        3.12788        6.24327
   37.70   56.21        2.87880       13.70642
   82.20   66.02       24.33340       13.59786
  194.68   15.09       -2.25981      -15.16143
   39.95   23.48        0.01581       28.94057
  278.29   65.94      -17.84515       -2.88594
   47.36  -32.94       -1.91332        4.01955
  145.15  -57.95       16.70852       13.52583
  336.80  -29.04       -0.06827       -0.30583
  306.13   -5.32        0.15390       -0.63471
  305.98   68.73      -24.96865        8.47161
  239.78   50.72      -17.90665      -21.02842
  258.22    6.52       -0.45694       -0.83943
  318.29   10.65        0.72951       -1.16566
  306.99   60.68      -18.53679        6.91664
  284.83  -46.97        7.98532       -0.56164
  335.83    1.49        6.27028      -25.56734
    9.95   11.38       -0.65883        3.46435
  286.61  -56.87       13.00834       -0.21483
   39.02   -7.06        3.81927      -16.83220
  211.61  -28.85        0.38307       13.84828
  322.79  -70.40      -12.31684      -10.04832
  301.19   10.72       -5.85651        4.08070
  183.87   14.80       -1.41852      -13.56406
   63.26   29.65        2.61299        8.62127
   18.67   -1.36        3.91518      -23.41968
   95.72  -16.15       17.23776       -8.00899
  348.49   45.94       -6.31657       11.96849
   21.31   36.49       -1.41523       15.26152
   51.46   33.23        3.31477       16.30793
  146.66  -43.94       10.45188       10.09188
  159.80  -22.94        8.57574       17.40295
  267.71  -16.76       -1.26955        3.79694
   40.98  -59.79       -2.20145        4.68179
  324.01  -40.19       -6.85434      -10.49477
   51.90    0.64        1.69316       -8.69535
  110.69   -6.66       -3.44046       -0.72015
   72.63  -20.10        9.80816      -12.71006
  186.88  -38.06        2.48388       10.06104
   67.39   32.27        3.16370        7.56014
  323.51  -24.61       -0.11339       -0.36279
  159.77   17.57       -0.07480        2.35946
  232.24   34.81       -1.66337       -2.94169
  266.49  -47.00        0.84224       -0.52529
  280.53   38.83      -19.43826       -3.05328
  277.96   16.17       -3.69418       -1.38027
   95.74   20.55        1.44362        1.54224
  108.58   11.17       -0.01705        0.01247
  201.24   18.29       -1.49208       -8.28431
   61.98  -31.64       10.56442      -14.71632
  120.70  -49.22       23.01126        6.29844
   55.95  -77.24       -4.39055        5.31074
  124.17  -44.48       17.35990        6.37635
   34.78  -43.84        0.50625       -1.47198
  285.62  -16.50        0.92748       -0.22135
  310.68   37.92       -5.93376        3.38325
   11.99   16.18       -0.96737        5.18173
  301.93   75.07      -14.43293        3.72433
  180.87  -70.55        8.69765       25.87867
  130.97  -50.14       17.71869        8.77873
   55.19  -14.63        4.87301      -12.16173
  338.55   20.13       -5.06196       10.61229
  251.37   48.80      -14.24232      -11.63011
   33.71   29.60       -0.13534       23.90107
  300.57   26.43       -0.30037        0.11823
    4.82   -8.79        4.92248      -36.52488
  161.03  -10.52        3.78272       11.21563
   84.39  -44.44        7.38679       -3.76616
  131.94   -8.65        3.89489        5.38364
  309.11  -51.17        2.04890        1.22939
  327.54  -67.80       -7.99016       -8.01446
  223.22  -68.40       -8.25108       21.51833
  291.04  -15.27       -0.08115       -0.05169
  197.31    4.85       -2.05590      -12.38399
   31.47  -11.14        6.44790      -29.66664
  343.70   55.06       -5.71732        8.66871
  181.67  -12.15        2.07876        9.11350
  332.53    3.06        6.27019      -21.82437
   60.74   49.60        5.82835       10.18648
  342.67  -23.54        0.68602        7.59318
   34.32   21.66       -0.97685       19.92116
  338.82   53.31       -7.33802        9.59251
   13.55   57.13       -3.18431       21.83049
  225.84  -38.46       -1.50527        7.94299
   35.09    5.35       -0.09615        0.66616
   62.19   21.00        0.89617        6.52570
  259.80   17.73       -4.29901       -4.63221
  294.04   22.82       -1.04906        0.22796
  302.68  -45.15        2.74562        1.28526
   47.95   -8.30        3.61361      -13.03954
  226.03   46.08       -7.96526      -15.13255
    7.23   -1.93        3.05048      -18.69705
  168.02   46.14        0.33292       -1.22314
  190.91   23.71       -0.50244       -4.63614
   40.94  -26.58       -3.86808       10.79444
   83.37   29.04        4.78571        6.51544
  239.96  -23.38        0.26041       -1.65227
  299.12   19.54       -2.51930        1.06397
  122.72   -4.51       -0.37782       -0.41475
  206.54  -41.30        0.09898        5.04281
   28.52  -69.10       -0.58622        2.38679
  165.51  -28.04        6.34547       13.66091
   13.48   -5.23        5.40158      -33.72323
  284.74  -21.73        1.27007       -0.26525
  154.67  -27.88        7.91736       12.55058
  315.74   17.87       -0.36923        0.41027
   76.58    0.60        0.04939       -0.16019
   62.06   54.97        5.20853        7.69446
   51.41   22.07        1.36416       20.08721
  220.02   11.93       -3.42139      -12.99806
  221.32    4.97       -2.04182       -9.26924
   79.52  -30.36        7.36457       -5.81213
   18.07   16.12        1.28004       -8.18470
  354.20  -54.04        2.62553       10.98134
  124.35  -20.22        9.74912        5.86815
  332.77   42.55      -10.15348       12.12078
  146.70   13.15        0.06176       -2.89037
  154.26   -2.30       -1.11498       -4.20159
  154.05  -72.78       24.97318       25.83463
   83.88  -44.58        7.01051       -3.65641
  277.62  -67.41      -12.30986        2.44887
  248.98   28.20       -6.76397       -8.10500
  164.59   32.67        0.65369       -3.62943
  101.62  -68.49       24.52753       -2.46785
  141.00   -8.40        0.59827        1.15843
  128.55  -35.04       12.68864        6.84291
  281.60   -7.21       -0.30561       -0.75345
  317.69  -61.06        1.13627        0.85197
   68.97   26.34        1.93037        6.02938
  165.76  -27.10        6.25478       13.78173
  153.99    0.34       -1.36775       -6.12375
   39.09  -34.35       -3.31002        8.86030
  321.70   -6.66        1.48451      -12.01987
  100.72   52.75       20.84267        3.46839
  338.72  -14.39       -0.04716        5.82613
  174.64  -14.51        2.48362        8.88634
   93.94   34.72        7.10196        3.93651
  259.85   13.04       -2.07274       -2.63636
  358.13  -44.59       -0.35824       -3.01975
   57.21   52.45        4.01292        7.56611
   64.56   10.28       -0.01586        0.32675
  144.98  -17.20        5.18964        8.06417
  333.71   19.80       -7.00855       13.00083
   15.96   -6.73        6.18379      -37.99864
  127.84    8.27        0.31061        3.60403
   12.97   49.80       -2.71622       16.37781
   79.79  -42.99        4.20266       -2.67277
  131.56   -1.41        2.31393        5.02844
  101.47   44.56       11.60911        2.04016
  354.75   14.23       -0.76173        2.74988
  230.27  -31.94       -1.29761        7.43697
  304.33    0.33       -1.88111        3.19826
    9.72  -33.58       -0.89814       13.55825
  222.15  -49.98       -2.00885        8.49684
   30.88  -76.43       -1.17469        4.27468
  199.03  -29.88        2.57872       19.89641
  289.54  -26.27        1.05136        0.13919
  315.85    1.94        1.14345       -2.78352
  234.66   -8.94        0.18145        2.05137
  110.46  -12.45        0.32037        0.04659
  169.69  -18.80        4.51008       13.01058
  173.28  -11.29        1.59100        5.97617
  272.68   -7.32       -0.20410       -1.22634
    5.43  -20.71        1.16797      -13.76168
   73.72  -71.22        4.49079       -2.95047
  186.27   -6.10        0.64858        3.42227
   54.28   16.72        0.16002        9.49670
  176.09   -4.37       -0.97507       -4.69197
  247.48  -42.10       -7.40567       12.12661
  219.18   16.52       -2.23245       -7.79817
  238.63  -23.48        0.22980       -1.56649
   59.97  -27.75        9.88453      -15.70261
   94.48  -63.89       20.21842       -4.73487
  343.17   16.98       -1.25605        3.21598
  105.78  -43.74       20.98632       -0.69120
  141.84   32.08        1.26906       -2.42631
  316.35   36.54       -5.94075        4.40585
  258.18  -51.16       -3.06143        2.58868
   75.68   13.03        0.44844        7.94000
   20.97    5.48        2.49784      -15.60228
    2.36  -10.05        4.36469      -35.42158
  118.37   46.18       15.57843       -5.03836
   18.69   15.37        1.64715      -10.67268
   48.54  -44.51        1.63835       -2.90492
  230.08   61.52      -18.84107      -28.53547
  334.38  -57.23        3.15380        4.78531
  277.95   70.62       -8.66936       -1.42991
  340.46   69.60       -5.14600        6.63989
  332.77    5.50        5.46102      -16.69442
  175.28   -8.49        0.48044        2.02311
  327.91  -14.13       -0.06218       -1.69975
  164.65  -28.95        6.67467       13.80543
  343.94   -9.50        0.93382      -10.59975
  283.92  -40.47        1.40006       -0.15926
  221.18   -7.94        0.62266        5.21748
  220.72  -27.47       -0.34117        8.85595
  256.89   75.87       11.38916        6.57608
  105.88   46.21       14.11062        0.58172
  336.80   72.74       -7.61826        8.64788
    2.12  -16.09        2.62727      -28.99752
   84.10   65.01       25.94084       13.40772
  327.59  -53.95        1.56517        1.95067
  241.57  -48.59       -8.13723       14.10391
  183.49  -23.37        3.46602       13.58701
   59.11   55.80        3.72606        6.07100
  213.71  -15.44        0.44923        5.04393
  230.13  -10.03        0.13017        1.57021
  246.76  -15.82       -0.05345        0.74183
  105.66  -16.52        9.11860       -0.59280
  345.37   48.32       -7.53907       12.64299
  145.39    5.15       -0.65065       -4.21364
   47.17   29.49        2.80479       24.31418
   76.87  -82.48       -3.58833        2.07475
  299.43  -16.81       -1.49039       -2.53816
   82.94   21.62        3.64154        8.31612
  142.80   23.77        0.91229       -3.01400
  285.72  -66.42       -7.34003        0.24070
  148.29   62.45        5.32913       -5.90030
  201.53  -41.24        0.51215        6.64562
  185.67  -55.67        3.29467       12.38405
   11.99  -25.23       -1.27924       11.45660
  268.77   51.60      -24.77487       -9.30856
  250.38  -13.08       -0.09337        3.01916
  220.24  -32.02       -0.63813        8.99707
  322.70   77.83       -9.50555        6.61514
    4.39  -21.39        0.89732      -11.88669
  357.88  -67.14       -1.47217       -5.73989
  244.03   22.45       -6.92157      -10.98769
  183.02   39.40        0.06835       -2.37006
   12.01   40.62       -2.38472       12.72439
  281.34   -4.85       -0.52690       -0.67004
  171.99   -4.71       -0.89928       -4.04040
  174.82  -11.68        1.64047        6.29890
  286.16  -64.86       -2.48608        0.05978
  256.02   55.58      -24.15450      -15.69867
  275.55  -23.33       -1.10455        0.95927
   76.51   37.23        5.36072        7.09435
  257.38  -78.41      -26.32885       16.11069
  122.37    0.12       -0.33961       -0.53613
  175.45  -22.24        3.30506       10.38990
  142.64   59.20        5.76664       -5.41752
  214.09   68.58       -8.92906      -25.93769
   45.91   24.40        1.47867       28.23890
  155.70  -38.24        9.78919       13.50722
   19.52   40.83       -0.97870        9.68911
   62.30   -4.48        2.76651       -8.84166
  352.53   18.12       -0.89160        2.80348
  237.18  -38.08       -4.34927       12.63649
  263.74  -21.13       -2.92914        6.69753
   23.19  -63.06       -1.58540        9.45796
   32.75  -39.62       -0.52609        1.70137
  315.15   10.76       -0.53227        0.75597
  296.82  -60.78        7.53784        1.59714
  226.37  -39.80       -1.71512        8.19873
   89.50  -53.73       15.35408       -5.42444
  230.54   10.22       -3.61785      -11.58696
   87.57  -32.86        8.26170       -4.28867
  312.22    3.43       -1.10022        2.10082
  118.33    5.06       -0.63876       -1.53906
   11.72   60.36       -2.76024       16.44346
  238.93   30.41       -3.59116       -5.59438
   88.25   26.18        4.88645        5.96620
    8.80   -7.30        5.43751      -36.71936
   12.47  -19.68        1.84033      -14.27869
  161.53   19.94       -0.13126        2.48753
  189.95   43.39        0.10720        3.22058
  111.11   41.95       13.17851       -1.60597
  197.64  -78.65        0.74162       27.17572
  188.73   12.70       -2.42511      -18.48656
    5.52  -40.09       -0.01062       -2.49364
   16.51   48.87       -1.86384       15.51520
  216.42  -37.00       -0.43670        6.45724
  177.88  -34.28        3.69172       10.71003
  310.92   58.91      -14.09419        6.48185
  225.92   16.30       -3.66398      -10.92964
   18.46   50.91       -1.72298       19.24568
  292.07  -62.64        4.27788        0.43854
  346.49   38.36       -4.32783        8.28380
  263.94  -60.84       -2.05413        1.13142
  161.50   11.35        0.05170        0.87062
   13.44  -19.57        1.96134      -14.56258
  182.14  -22.29        3.32849       12.67549
  244.04   -0.66        1.60390        6.95106
  125.32    5.22        0.56678        2.20534
  299.23  -39.01        2.97428        1.26291
  349.30   -5.20        3.16922      -22.67439
  313.12   26.62       -0.36135        0.28476
  302.75  -44.85        2.59856        1.23098
   36.36   80.79        1.94086        6.21114
  250.99   26.43       -7.43260       -8.66991
  247.77  -49.37       -8.16383       10.90463
  357.42  -16.51        1.49121      -22.24357
   10.06  -53.95        0.04495       10.86842
   39.67   19.93       -0.70209       24.05945
   47.04   64.66       -0.50753       -1.16939
  335.19   62.56       -6.07171        6.70027
  152.61   61.67        6.91000       -9.09352
   87.17   18.52        2.38632        5.86056
   75.79   24.58        2.90240        7.47329
  264.95  -50.19        1.45042       -0.91399
  266.93  -41.80       -1.68403        1.17184
  356.63  -36.70       -0.78765       -9.50438
   57.04   -1.08        2.08742       -8.98714
   45.88  -36.36       -1.10969        2.33345
  135.14  -37.34       10.77188        7.51755
  168.00   13.75        0.05190        0.99485
  355.06   -1.70        3.33101      -19.85491
  280.31   57.39      -25.46981       -3.35383
  136.34   37.03        3.17515       -3.91417
   61.81   25.82        1.89405        8.69927
  242.84   17.48       -4.78761       -8.98420
  281.19   -0.68       -0.73591       -0.50704
  319.27  -11.91       -0.15831       -6.94114
   40.12   62.35        1.25727        4.35650
  117.01  -42.69       17.71031        3.76985
   18.14   33.20       -3.08772       23.46755
   74.66  -27.96       10.07964      -10.03512
  144.46   64.22        3.85552       -3.60836
  358.96   -7.37        3.81529      -28.99930
  227.60   42.15       -5.80718      -10.85586
  217.10  -32.37       -0.42851        9.94874
   38.25  -19.08        2.09067       -7.11940
  204.83   61.56       -5.25308      -26.79693
  130.46  -14.59        7.52714        7.53150
  309.93   32.52       -2.93615        1.77286
  301.40   70.57      -23.04744        5.78210
  219.09  -22.18        0.10980        7.15832
  169.97  -21.30        4.60544       12.70088
  234.83   -2.59        0.68273        3.89724
   66.27   69.75        8.71712        8.80690
   92.30   59.94       28.77950        9.90750
  271.37   12.02       -2.76618       -2.09146
   54.39   38.11        3.31923       10.98611
   12.09  -58.78       -0.10619       12.39363
  123.28  -11.67        2.61601        2.01198
   82.89  -19.15        9.68205       -8.77921
  268.34   -8.91        0.01768        0.31611
    9.39   23.69       -5.44102       25.91546
   19.53    8.00        2.53730      -15.88649
   37.19  -24.19       -1.99031        6.42596
  319.54  -28.94       -1.76591       -3.57447
  118.68   24.17        5.88356       -4.64669
  122.75   27.17        6.11152       -5.57178
  118.28   -7.38       -2.85822       -1.86579
  100.57  -15.50       14.24487       -3.92528
  324.20   11.98        0.39362       -0.71800
  240.37   87.80        4.45804        4.73124
   92.81   72.88       30.16064        8.62275
  335.71    1.09        6.20144      -25.88081
   82.95   29.40        4.72734        6.45892
  179.54    9.91       -1.85920      -15.86428
   94.87   37.90        7.53113        3.46537
   10.01   68.96        0.39347       -2.18610
   79.74   55.89       17.10799       12.36451
  133.60    5.34        1.06753        5.74007
   67.93  -19.86       10.97820      -16.61189
  287.30  -42.57        3.94803       -0.00132
   69.46   -9.03        4.13047       -8.78800
  216.74  -25.45        0.08058       10.06913
  102.45   55.08       24.18635        2.83937
   18.38  -29.81       -3.57427       23.23394
  247.93   54.50      -23.52245      -20.55754
   92.87    8.66        0.08798       -1.16529
   34.96   -0.13        0.99886       -5.68997
  163.04  -48.46        9.91781       15.40511
   68.14   -9.14        4.32605       -9.50023
   94.74   -6.11        6.94342       -5.60664
  117.30   20.56        3.59167       -3.28085
  262.06  -42.75       -2.95239        2.56245
   46.63   53.59        2.44871        7.23453
   75.13  -17.08        7.67184      -10.02026
  216.35   38.16       -2.61599       -7.43786
  145.51  -64.56       24.99547       19.78403
   60.13   -2.48        2.30372       -8.62557
   46.88   15.14       -0.53245       14.49741
  104.54  -13.84        8.11573       -0.98041
  106.41  -61.00       28.87743       -0.47445
  320.42   16.31       -1.10390        1.52612
    2.45  -68.76       -1.15166       -6.22742
   85.50   25.07        4.57194        7.00750
   27.19  -59.47       -2.99741       12.70977
   99.13   41.05        9.35241        2.53793
  184.62  -10.81        1.90176        9.05607
    6.08  -50.31        0.25364        5.72122
  147.38   44.45        4.16564       -6.42993
   49.96   23.02        1.56928       22.93487
   40.37  -71.50       -1.03818        2.25139
  304.54  -13.33       -0.85493       -4.35540
   36.84   42.44        0.22234        2.04325
  124.10    0.94        0.44332        0.84876
  143.56    6.65       -0.25918       -2.12521
   47.95  -33.94       -1.23191        2.50736
  256.73  -62.15       -6.35296        4.73016
  354.16   38.79       -3.56734        8.71846
  328.15   17.89       -5.42993        9.08131
  328.33    3.09        5.92304      -18.77426
  146.47  -29.34        6.81267        8.19042
  292.81  -27.15        1.06132        0.33215
   57.36   11.86       -0.03576        0.88762
   75.94   25.10        2.98529        7.35460
  185.15  -63.92        5.32280       19.82787
  308.31  -81.54      -18.50958       -7.37600
  317.95  -14.36       -0.56379       -5.52315
  191.17   13.35       -2.47726      -17.92559
  318.11   23.45       -1.24835        1.29186
  286.53   31.82       -7.30530       -0.14990
  212.75   28.26        0.24838        0.87764
  300.80   17.34       -3.70475        1.92528
   93.82   27.50        5.38346        4.17026
  180.77  -24.58        3.35002       11.89446
    7.92   51.15       -3.77210       16.06799
  312.11    5.49       -1.65768        2.74994
    5.97    6.19       -0.73903        3.87820
  144.74  -38.04        8.12113        7.95249
  271.80  -20.53       -1.51741        2.23003
  174.18   52.57        1.91332       -8.34828
  269.83  -30.11       -4.19147        3.76721
  358.17    4.69        0.68173       -3.33932
  211.93  -52.97       -1.21737       11.65851
  174.68   62.75        9.39119      -32.59541
   56.17  -69.57        1.45062       -1.74834
  245.48   15.32       -3.09185       -5.76653
  307.86   -6.15        0.27097       -1.45406
  231.26   85.79        6.14278        8.95446
  135.99  -27.54       11.12981        9.65173
  244.67  -44.56       -8.28083       14.11710
  321.51   50.80       -7.38734        5.56407
  190.39  -27.91        3.78243       18.43840
  100.52    0.32        1.33802       -0.98249
  126.09   54.32       15.73924       -7.54182
  204.78   59.34       -3.81358      -19.22547
    5.82  -61.94        0.65340        6.57166
  161.95  -62.38       11.37019       15.71346
   55.78  -62.87        3.88492       -4.83178
  271.42  -88.20      -10.04659        2.87835
   42.39  -24.47       -2.75397        7.62416
   79.47   -5.71        2.47378       -4.55338
  302.41  -71.26      -17.79963       -5.38377
  173.95   31.96        0.31957       -4.27871
  217.24  -37.73       -0.46971        5.75381
  315.69  -11.71       -0.19931       -6.12501
  191.90   72.03        1.10809      -28.76196
  139.26   27.28        1.08651       -2.38687
  252.88   65.83      -12.93213       -8.90994
  245.43   22.10       -6.95667      -10.69022
   92.34  -43.83       14.57663       -4.77163
   50.03  -16.46        2.95870       -7.95673
   92.15  -38.20       11.29581       -4.05909
   97.89  -66.77       22.28333       -3.75130
  300.58  -10.10       -0.07800       -2.67320
  244.40  -47.26       -8.56188       13.72152
  134.87  -44.09       12.47923        7.83686
  344.35  -43.31       -1.31439       -4.37570
  314.16  -29.77       -1.48296       -2.24453
  186.93    5.43       -2.74361      -18.13568
   86.22   17.96        2.30140        6.41184
  344.34  -22.05        0.42500        7.14556
  239.52    0.94        1.45852        6.08414
  209.23   -1.01        0.78920        4.73941
  311.66    6.92       -2.18414        3.27374
   56.46   11.20       -0.02401        0.45669
  310.49   -5.09        0.32514       -1.51789
  303.98    0.99       -2.23210        3.49602
  170.41   26.90        0.08012       -1.27306
   27.95  -40.95       -0.16566        0.65958
  261.18   58.43      -24.20694      -12.51053
  319.90   16.09       -0.88356        1.20889
  344.11  -26.42        0.18169        1.60983
  284.70   -7.45       -0.18906       -0.24182
  251.67   72.92        5.80884        4.09950
  132.24   -3.25        2.50576        4.85035
  340.74  -31.02       -1.01859       -4.98034
  261.24  -10.40        0.01364        3.44412
  319.96   35.65       -6.19944        5.34071
   66.06   -9.26        4.54511      -10.50030
   12.71   82.52       -0.46716        4.59942
  296.60  -13.73       -0.76290       -1.70086
  168.94   11.74       -0.13911       -1.84175
  301.74   52.48      -11.12064        3.18528
  257.37   35.71       -5.62369       -4.37929
  178.59   21.05       -0.09924       -2.34162
  130.65    8.84        0.28499        4.79362
  188.48   75.16        1.79020      -16.72904
  310.78  -23.61       -1.42885       -2.64943
  314.66   46.81       -6.62328        3.99506
  329.56  -73.16      -13.04198      -13.28189
  283.06  -11.39        0.29151       -0.64229
  269.69   -5.63       -0.24328       -1.01817
  348.96  -43.57       -0.93448       -3.98034
  127.26  -47.11       17.74577        7.54868
  292.49  -23.89        0.54100        0.19444
  318.61  -29.17       -1.83384       -3.51407
   16.13    0.81        3.03551      -18.18541
  343.18  -40.85       -2.39759       -8.23478
  245.81    4.73        1.82984        5.32288
   76.03   10.10       -0.18192        6.64904
   60.41  -38.27        6.41584       -8.45769
  322.79   51.77       -7.49341        5.85534
  166.35   -6.97        0.70297        2.64624
  340.60   51.66       -7.87214       11.02773
   45.02   18.43       -0.27474       22.05131
  130.02   14.45       -0.27882        1.56377
  105.25   16.38       -0.17362       -0.05118
   49.89   52.97        2.52845        6.46580
  236.89  -67.56      -11.28888       16.56604
  239.20   32.75       -2.81234       -4.17580
  242.32   33.38       -3.04143       -4.07077
  263.70    3.04       -1.00074       -1.86474
   61.61  -34.00        9.27157      -12.55030
   38.75  -33.21       -3.83888       10.52162
  163.22   -4.45        0.00785        0.03101
   45.90   37.65        1.78608        9.78223
  166.11  -49.24        8.55270       14.59478
  268.95   21.37       -7.03378       -4.42384
   68.53  -39.80        5.63546       -5.62996
  129.21  -34.36       12.66335        7.14097
  147.13  -25.54        7.16777        9.53260
  316.42  -38.23       -5.09165       -6.04335
  351.69  -58.06        2.72237        8.80404
  114.54  -51.02       26.95392        3.86860
   52.06   47.26        2.56470        6.89770
   92.04   -4.12        5.03502       -5.63108
  315.26  -56.17        2.63669        1.92759
   51.57    1.36        1.50855       -8.13628
    9.00   44.62       -2.37622       10.67758
  352.23   18.77       -0.94422        2.90751
  266.74   -0.36       -0.78544       -1.71818
  212.58   -3.96        1.11234        7.24956
  160.59  -17.74        7.92583       18.63290
  119.82  -12.29        0.57917        0.33833
   55.57  -28.36        5.14000       -9.15899
   90.61  -57.22       16.93871       -5.43785
  145.79   61.07        5.07824       -5.22516
    7.21  -15.12        4.00409      -34.24925
   49.15   19.13        0.35518       19.50019
  291.69   11.35       -3.68237        0.78183
  291.49   49.58      -18.15822        1.52373
  148.23   68.66        5.02393       -5.11535
  172.17   -1.89       -1.64199       -8.23411
  304.09   65.23      -24.88026        7.64552
  160.77  -27.15        7.83336       14.98310
   87.42   25.37        4.67958        6.31002
  312.29   59.14      -13.84984        6.77280
   45.47   19.45        0.00035       23.54089
  359.17  -53.76        1.70621       10.61564
  147.31  -59.06       16.55606       14.32853
  330.44    2.67        6.18841      -21.09980
  130.06  -69.42       37.01453       15.52630
   90.82   -0.33        2.27735       -3.75474
   10.94  -31.87       -1.48106       17.76987
  241.22   -2.71        1.23290        6.64852
  302.39    4.45       -4.08604        4.40888
  132.93    2.51        1.66059        5.65667
  231.51   35.63       -1.88499       -3.36915
  337.49  -35.24       -2.99776       -9.86426
  243.62  -29.54       -0.94824        3.09725
  320.90   -8.51        0.75206      -10.02111
  335.68  -63.67       -1.88106       -2.69578
  174.08   27.60        0.08405       -2.19950
  337.79  -10.26        0.40551       -6.17919
   92.90   49.69       15.17408        5.98999
   59.85  -69.89        2.00294       -2.13262
  142.21   60.03        5.29833       -4.83178
    9.53  -52.83        0.06943        9.48006
  135.19    0.99        1.50105        4.63727
  291.81   73.42      -13.05870        1.02064
  315.49  -20.61       -1.16207       -3.55685
   54.99   29.19        3.16242       16.39211
  278.31  -36.93       -2.13090        0.72420
  303.44   -9.43        0.07498       -2.96353
  230.24   26.85       -0.97618       -2.07867
   16.36  -63.60       -0.44638        7.54565
  305.13   27.06       -0.26856        0.14127
   23.03  -20.94        1.54591       -8.04563
   66.67  -73.92       -0.63250        0.53148
  227.10  -68.64       -9.52287       20.56074
  293.39   27.59       -1.07761        0.18759
  263.21  -16.34       -1.41200        5.94946
  357.84  -10.33        3.27137      -29.61501
   69.29   40.99        6.97233       10.98460
   58.52  -25.80        8.49345      -14.63177
   95.46   21.49        1.98230        2.00153
  222.43   26.45        1.13360        3.03448
  154.20   51.64        4.80200       -8.10467
  322.81   65.24      -15.37063       11.02959
   99.71   34.52        8.96561        2.79550
  351.27   55.08       -4.87667        9.62098
   49.30   55.49        2.36536        5.86361
  253.69  -25.28       -1.54304        4.16753
  219.45  -26.65       -0.20116        9.25397
   97.53  -59.56       22.52155       -4.09748
  233.84   47.04      -11.66755      -17.07491
   85.60   18.35        2.50953        6.90568
  193.37  -10.06        1.09578        6.20914
  306.28  -67.74       -8.85401       -3.54425
   35.79   49.79        1.38241        9.75159
   47.90   60.20        1.20921        2.90241
  184.75  -80.49        6.10403       24.60931
  318.62   -2.42        2.19334       -8.74325
  325.84   44.77       -9.74324        9.06722
  322.98  -29.11       -1.65769       -3.87057
  119.96  -10.92       -0.25717       -0.16152
  328.18  -23.87        0.86407        3.68036
  248.86   49.18      -14.92065      -13.22712
   15.74  -48.20       -0.21093        2.32615
  344.55   -5.85        2.65551      -20.19370
   90.05  -32.65        9.69073       -4.38655
  336.97   50.43       -9.00179       11.33778
  238.99    9.43       -0.75981       -2.07646
  275.93  -19.95       -0.08294        0.09204
  301.55  -46.45        4.01916        1.68112
  201.01   58.12       -2.07529      -14.51208
  173.46  -10.40        1.23533        4.77018
  299.95   15.33       -4.73603        2.47469
   39.85  -21.39       -0.20280        0.63518
  208.43   28.51       -0.46462       -1.91204
   66.05    7.67        0.03944       -0.40174
    9.10  -27.57       -1.11715       13.56022
  240.61  -61.86       -7.60698       10.52396
  137.31   29.52        1.31073       -2.32574
  320.03  -78.25      -16.98893      -11.62677
  220.94   28.08        1.22417        3.34086
  109.77    5.46       -0.52509       -0.31878
  126.63    5.47        0.73106        3.18797
  329.99  -15.09        0.08499        1.89059
   46.45  -50.86        0.08458       -0.15303
   46.19  -21.63       -0.53013        1.39462
  209.05   48.14        0.36840        1.37309
   96.73  -70.40       19.03176       -3.56039
  194.18  -57.05        2.29223       16.76078
  160.61   -6.27        1.03397        3.59079
  124.13  -27.80       11.77481        5.73497
   99.09  -28.16       13.70149       -3.19208
  309.51   28.56       -0.74411        0.47726
  325.85   26.34       -5.79823        7.27883
   77.45  -26.04        9.03387       -8.48120
  151.41    7.56       -0.53559       -5.27119
   30.44   25.15       -1.12161       20.11304
   47.46  -69.98       -0.23637        0.38647
  215.39  -19.71        0.36468        6.63763
  264.71  -10.76       -0.05921        2.62185
  240.43  -76.43      -19.53159       22.79856
  203.46    9.12       -2.15956      -11.83197
  336.60    0.63        6.06865      -26.46421
  297.70   40.64       -9.42403        2.21487
  332.07   24.22       -7.55221       11.99509
  359.65  -21.04        0.70470      -14.42038
  116.27   28.40        9.06976       -4.36532
   86.85   58.29       24.09373       11.86980
  352.78    3.46        3.16633      -15.05405
    7.75    2.56        0.90105       -5.10993
  104.36   18.68        0.41187        0.13078
  355.65   82.64       -1.59411        3.82420
  359.23   37.30       -4.08590       12.11159
  233.83  -64.29       -8.32786       14.42809
  250.22  -34.86       -3.40120        6.42818
  153.21   80.91        3.36228       -3.65317
   98.38  -54.99       23.23109       -3.98907
  178.81  -43.58        3.61593       10.10182
   73.16    7.86       -0.37852        4.09312
   14.01   17.91       -0.79247        4.48918
  109.44  -24.00        7.51494        0.49910
  301.48   46.77       -9.20198        2.74410
  146.71   13.09        0.05842       -2.89798
  350.57    2.11        4.15628      -20.27507
  319.22  -48.53       -3.77916       -3.79919
   54.36  -32.77        3.67542       -6.29278
   80.73  -13.77        6.89234       -8.23341
  320.42  -50.06       -2.52050       -2.57234
  187.83   25.21       -0.31086       -3.80780
  328.30   62.40       -9.57115        8.41236
   75.53  -33.34        7.56181       -6.56763
  310.02   16.02       -1.91141        1.77861
  144.06   81.92        5.00371       -3.88833
   81.27  -29.68        7.41164       -5.51909
  333.70  -40.90       -4.44975       -9.89138
  236.11    2.08        0.68546        2.82368
  270.97   67.02      -12.21934       -3.62575
  287.56    4.03       -1.09402        0.02004
  168.79   30.54        0.37651       -3.33545
  205.41  -25.07        1.30680       14.18210
  328.98   31.83       -6.64667        8.25095
  336.67    6.37        5.10283      -16.27863
  127.26   -6.59        2.53330        3.16086
  141.13   -5.61       -0.19716       -0.44406
  137.05  -44.57       11.85868        8.07810
  235.34   10.77       -2.57175       -7.26714
  271.36   16.63       -4.44616       -2.80958
  110.59  -58.69       30.30442        1.84087
   15.44   -7.63        6.41872      -39.89638
  202.01  -32.63        1.71578       17.77538
  296.14  -44.75        5.52415        1.46793
   27.10   38.79       -0.18197        7.67733
   75.11  -60.09        9.75197       -6.36455
  293.48  -34.95        2.24886        0.55799
  231.52  -53.95       -5.20084       12.06925
   31.24  -28.26       -3.74565       13.94673
  261.71    7.58       -1.17588       -1.78805
  265.25   32.48      -11.49459       -6.76569
   73.83   30.75        3.19922        6.23118
  328.64   -5.00        3.00524      -19.73173
  308.16    5.64       -3.64522        5.03511
  257.51  -40.55       -4.46824        5.07655
  116.77   33.12       10.83515       -4.45468
  304.27  -12.12       -0.53015       -4.06558
  322.10   60.57      -11.33221        8.10880
  327.03   -6.88        1.83196      -15.97422
   87.32   19.94        2.89638        6.04322
  171.86  -46.04        6.62209       14.06749
    6.04  -70.83       -0.85046       -6.41922
  125.45   34.05        6.63474       -5.24143
  346.16  -12.98        0.23467       -4.35207
   62.97   68.35        5.08894        5.89707
  198.18  -61.16        1.46868       21.89735
   59.87  -23.51        9.55877      -16.66644
  185.85   48.03       -0.18564        5.01100
  297.60  -35.70        2.77099        1.12765
  138.92   64.87        3.23463       -2.42082
  167.57  -25.38        5.56019       13.29137
   88.25    7.21       -0.10356        0.72432
  219.11   24.43        0.98723        3.00261
  172.21   -6.14       -0.40293       -1.72877
  314.04  -19.78       -1.31685       -4.07339
  104.33  -14.29        8.82538       -1.12631
   69.15   19.20        0.96083        5.86202
  188.51  -56.56        3.14536       14.15505
  331.32   40.96       -9.72861       11.31368
  177.95   11.18       -1.36142      -12.95265
   54.07   30.64        3.37060       16.70398
  188.88   62.24        1.83008      -34.64920
  319.87    6.67        2.56143       -5.23374
  193.39  -63.00        2.99792       21.89155
  209.60   31.89       -1.20447       -4.63571
  349.13   23.66       -1.13428        2.92195
  133.31   33.98        2.84397       -3.42351
  261.89   54.75      -24.18144      -12.45464
   28.06   54.54        1.21700       21.66912
  210.94  -15.23        0.42703        4.19742
  215.31  -30.05       -0.12884       11.73345
  290.55  -65.55       -3.76712       -0.25305
  338.38   52.17       -7.98919       10.38255
  259.23    6.74       -0.67361       -1.17860
   26.94   29.16       -1.38567       21.34481
  273.82  -10.54        0.06231       -1.03335
   45.96  -30.42       -3.25707        7.39879
  173.94  -47.61        5.47372       12.39646
  114.06   -3.47       -4.13304       -2.14374
  312.81   27.84       -0.73523        0.55632
  351.14  -24.21       -0.14097       -4.36827
  209.67   33.78       -1.69395       -6.42596
  331.39  -26.17        0.81717        3.39797
    1.51  -77.43       -1.43647       -6.02222
  258.28  -10.29        0.06038        3.74755
  153.46   66.61        7.16260       -9.06691
  287.25  -23.46        1.14375       -0.00514
  157.23    9.44       -0.15251       -1.98563
  320.53  -25.28       -0.72393       -1.91995
  159.93   43.24        0.79776       -2.15152
  339.08  -21.50        1.10109       12.04315
   43.65   11.53       -0.78012        9.37707
   11.34   39.65       -2.77863       14.19427
  280.88   73.22       -5.20212       -0.58320
  130.88    7.65        0.56263        5.21982
  264.20   52.93      -23.69065      -11.14530
  240.66  -53.86       -7.08166       11.29311
   78.17  -31.37        7.36739       -6.01116
   64.01   -7.84        3.95710      -10.26590
  256.30  -19.31       -1.51083        6.17008
  179.33  -55.17        3.96778       10.82829
   18.56   -3.44        4.83235      -28.82363
   38.46  -78.27       -2.72255        6.56015
  147.87   43.48        3.57779       -5.78763
  132.21   14.08       -0.33339        2.37479
  327.62   19.31       -5.92811        9.36681
  150.37   55.71        6.48615       -8.68377
  157.58   -9.59        3.13391        8.90027
   88.35  -28.27       10.67448       -5.83506
   85.87  -15.85       11.15167       -9.83997
   86.43    9.44       -0.09471        3.05619
  337.99  -28.77        0.03590        0.17471
   94.32   42.60        8.55157        3.58105
   83.99  -18.72       10.36119       -9.06726
  304.23  -35.65        1.50044        1.03385
  284.51  -82.78      -22.42311        1.13208
  231.40  -57.23       -5.62294       12.22008
  225.64  -15.38        0.08237        2.08578
  267.10  -17.67       -1.62843        4.46417
  103.11   25.37        4.95436        1.31148
  322.05  -54.02        0.73554        0.73908
  349.73  -39.49       -1.91343      -10.22120
  335.09   -8.44        1.11197      -12.44589
  104.42    4.51        0.17047       -0.09828
   21.41   44.88       -0.59868        8.81806
   73.21    3.30       -0.19256        0.90967
  186.28   12.88       -2.14163      -17.55354
  209.98   16.20       -1.54349       -6.80903
  347.68   42.98       -5.86326       11.10429
  124.40    9.06        0.05865        1.22529
  117.53   15.23        0.98608       -1.78810
   50.45   21.66        1.17991       21.07403
  120.39  -54.37       27.27371        6.94349
  280.36  -10.64        0.18206       -1.12721
   43.80  -26.20       -3.48295        8.99919
  173.80  -24.93        3.60102       10.34209
  216.62   43.04       -3.08897       -8.39176
  180.91  -69.50        8.37638       24.88976
   18.85  -32.80       -3.24313       20.97949
  248.02   12.67       -1.04757       -1.99649
  191.87  -20.64        2.74135       14.41124
  226.21   20.83       -1.78854       -4.78027
  144.64    1.53       -1.08094       -4.50971
  323.00  -39.74       -6.83535      -10.19447
   83.88    2.99       -0.15295        0.51289
   60.58  -12.72        5.95700      -13.83942
  115.73  -63.61       34.15779        5.20800
  337.17  -39.50       -3.72091      -10.10484
  160.19  -72.76       21.01564       26.77937
  122.26  -62.83       34.51646        9.51393
   51.90  -26.11        1.32154       -2.72352
  307.14   46.68       -6.89143        2.92564
  319.14   -7.42        0.95869       -9.11900
  272.74   57.04      -25.74663       -7.17735
  245.20    8.41        0.97869        2.40169
    7.61   -6.24        4.96068      -33.19989
  336.51    6.08        5.26674      -16.97017
   47.46   24.77        1.83548       26.83044
   32.92    3.47        0.37473       -2.40601
  208.98  -13.77        0.40214        3.46353
  117.63   50.56       18.40505       -5.03943
   12.75   -3.07        4.34214      -26.69923
  275.34  -42.58        0.91785       -0.35297
   70.69   44.89        9.01528       11.99557
  183.95   26.97       -0.15416       -3.43235
  242.61   34.50       -2.62276       -3.41718
    4.95   -8.51        4.93363      -36.20988
   94.63  -62.02       20.38081       -4.76172
  348.88  -25.55       -0.15718       -2.50977
    4.01  -43.35       -0.13795       -3.64501
  263.12   43.01      -13.15378       -7.24489
   91.78    4.66        0.61617       -1.88022
  172.53   13.86       -0.21488       -3.18082
  279.56   31.92      -12.26737       -2.48859
