  6.782676417070997E-018
  5.252332156206872E-009
  1.942305642489173E-007
  4.943700024084893E-018
  2.210255950849470E-009
  8.173497920598883E-008
  7.151262776183814E-009
  1.321296952228424E-007
  1.174316919986908E-018
  3.712451454310800E-010
  1.372859731202917E-008
  4.788225497452423E-009
  8.846923896231694E-008
  5.165264649415452E-009
  6.354608472782139E-008
 -1.209218292457465E-018
 -2.961118506654453E-010
 -1.095017806868361E-008
  2.068863365178633E-009
  3.822517703374532E-008
  4.508495609652438E-009
  5.546613066669913E-008
  2.908808886645724E-009
  2.679346251319021E-008
 -1.793821541963486E-018
 -3.586614411119352E-010
 -1.326325376004558E-008
  4.165582220640517E-010
  7.696502345656907E-009
  2.697573707111018E-009
  3.318711797695614E-008
  3.048995776834715E-009
  2.808474438450280E-008
  1.434875305184918E-009
  1.055015457214362E-008
 -1.351365768346953E-018
 -2.283570118965697E-010
 -8.444612765406932E-009
 -2.429115786723046E-010
 -4.488135025238709E-009
  1.139890368592742E-009
  1.402359313934861E-008
  2.228788053412159E-009
  2.052969152607438E-008
  1.727604403890231E-009
  1.270249298603556E-008
  6.520403718763964E-010
  3.984389470279421E-009
 -6.726736028530759E-019
 -9.844109994200797E-011
 -3.640339121838919E-009
 -3.423953557861043E-010
 -6.326238515394894E-009
  2.301427762207329E-010
  2.831350051780458E-009
  1.246479760979837E-009
  1.148150670704876E-008
  1.460205170707804E-009
  1.073639653648905E-008
  8.771600334482088E-010
  5.360016575179815E-009
  2.802274786008140E-010
  1.463037674353671E-009
 -1.711870109794249E-019
 -2.209381206868126E-011
 -8.170262909351307E-010
 -2.364963833610486E-010
 -4.369605200883047E-009
 -1.373200148565782E-010
 -1.689390553736264E-009
  5.072218409852848E-010
  4.672094285508093E-009
  9.719433156260378E-010
  7.146371658160453E-009
  8.308610666338806E-010
  5.077099866499720E-009
  4.133744327449045E-010
  2.158183671818160E-009
  1.156685412272963E-010
  5.264411666234022E-010
  6.927666894924940E-020
  7.997086733661058E-012
  2.957312463346254E-010
 -1.122750147715894E-010
 -2.074439704963322E-009
 -1.979056424775829E-010
 -2.434750119352646E-009
  9.436359191887668E-011
  8.691967945384776E-010
  5.150406132242541E-010
  3.786920061843153E-009
  6.281670962129729E-010
  3.838508275701337E-009
  4.300176757910340E-010
  2.245076262475326E-009
  1.845929781786207E-010
  8.401363218598140E-010
  4.630653662670378E-011
  1.865434977742362E-010
  1.234499029938495E-019
  1.289022473194763E-011
  4.766788484481656E-010
 -3.205854474709220E-011
 -5.923269569857244E-010
 -1.411585962324141E-010
 -1.736615007725600E-009
 -6.921110375323131E-011
 -6.375135618884338E-010
  1.999539227868459E-010
  1.470193810221815E-009
  3.914347739623177E-010
  2.391920284047111E-009
  3.596413244642186E-010
  1.877648864223010E-009
  2.079177393083453E-010
  9.462940924044532E-010
  7.914118399154310E-011
  3.188161835251292E-010
  1.809929413085450E-011
  6.530820659453918E-011
  9.242899463181547E-020
  8.810232031982594E-012
  3.258012413053508E-010
  3.488002084768699E-012
  6.444577425529234E-011
 -7.036187041665216E-011
 -8.656325814747131E-010
 -9.497700620454263E-011
 -8.748470434583559E-010
  3.163641646119725E-011
  2.326119087618200E-010
  1.976362990094866E-010
  1.207685938736348E-009
  2.521599930356003E-010
  1.316500336054610E-009
  1.890920679696613E-010
  8.606129877763161E-010
  9.551122842749560E-011
  3.847620643885982E-010
  3.286668966214218E-011
  1.185938270846794E-010
  6.939040118306639E-012
  2.264144540093662E-011
  4.519649472341595E-020
  3.962858287319445E-012
  1.465459854657531E-010
  1.201923943945275E-011
  2.220724504094170E-010
 -2.248524345365604E-011
 -2.766265193117182E-010
 -6.807482243253023E-011
 -6.270471085767468E-010
 -3.269090687601069E-011
 -2.403652215267398E-010
  7.256359500187236E-011
  4.434106172953534E-010
  1.490099897766230E-010
  7.779652087177161E-010
  1.455576890898634E-010
  6.624753700394181E-010
  9.332515035933825E-011
  3.759555614817115E-010
  4.215748564959703E-011
  1.521180750117401E-010
  1.330429834581336E-011
  4.341069361845743E-011
  2.618415711209129E-012
  7.785858683143935E-012
  1.156765586531257E-020
  9.390219997143090E-013
  3.472491066138644E-011
  9.452918042638790E-012
  1.746560318663296E-010
  1.095640357737651E-013
  1.347920786729951E-012
 -3.471486510483832E-011
 -3.197636806459250E-010
 -4.140428835043132E-011
 -3.044317790602460E-010
  8.613744867253264E-012
  5.263556647560415E-011
  7.183095338933542E-011
  3.750217198760297E-010
  9.630809068623373E-011
  4.383261263158765E-010
  7.764001447515931E-011
  3.127687994368589E-010
  4.386145870609472E-011
  1.582665702831361E-010
  1.802164305278434E-011
  5.880295260385719E-011
  5.273477932345791E-012
  1.568068575600517E-011
  9.749828283269487E-013
  2.658944064170540E-012
 -4.028957788992536E-021
 -3.044732340644621E-013
 -1.125938167046627E-011
  4.812897751368967E-012
  8.892509349905042E-011
  6.503343867251295E-012
  8.000791228467585E-011
 -1.176320454129800E-011
 -1.083525909101555E-010
 -2.935765263199407E-011
 -2.158569262831411E-010
 -1.466886595904230E-011
 -8.963628261879807E-011
  2.468096328503427E-011
  1.288566678081888E-010
  5.434208945101837E-011
  2.473266513222327E-010
  5.614660773800493E-011
  2.261837174194439E-010
  3.900502339672048E-011
  1.407429542672044E-010
  1.982646238487676E-011
  6.469191097020823E-011
  7.504512947744247E-012
  2.231466800333928E-011
  2.053842492978042E-012
  5.601177933348771E-012
  3.589529975632881E-013
  9.026510027711179E-013
 -7.440202806381017E-021
 -5.259509319473503E-013
 -1.944959775885134E-011
  1.502677117840888E-012
  2.776408504362001E-011
  5.696337482762936E-012
  7.007965104742805E-011
 -5.643225742130578E-013
 -5.198057369874974E-012
 -1.507731778931554E-011
 -1.108584366267269E-010
 -1.700114639800233E-011
 -1.038880283926480E-010
  1.607678469597085E-012
  8.393517229196426E-012
  2.500656414738586E-011
  1.138121451360736E-010
  3.540138335582913E-011
  1.426126494854337E-010
  3.036477297986787E-011
  1.095660887403838E-010
  1.869353206205199E-011
  6.099526422779249E-011
  8.681641625376032E-012
  2.581485993031071E-011
  3.057338186467479E-012
  8.337881431054168E-012
  7.880534333113948E-013
  1.981700182642678E-012
  1.308701574423211E-013
  3.048285535380268E-013
 -5.523029830362400E-021
 -3.667406239152616E-013
 -1.356202085763040E-011
 -6.048766886244505E-014
 -1.117595375078658E-012
  3.150511091571299E-012
  3.875941661016462E-011
  2.887309210265519E-012
  2.659542588525773E-011
 -5.259904584179375E-012
 -3.867430579194487E-011
 -1.181734122978064E-011
 -7.221161751880920E-011
 -6.296760474394615E-012
 -3.287471251406660E-011
  7.927872319190576E-012
  3.608205228485385E-011
  1.914497384667190E-011
  7.712454107069303E-011
  2.087380949875284E-011
  7.531957065480072E-011
  1.550224720385045E-011
  5.058239722584050E-011
  8.624122986574911E-012
  2.564382826715007E-011
  3.702343667429624E-012
  1.009692112276073E-011
  1.222666216677719E-012
  3.074611139646884E-012
  2.985182749003428E-013
  6.953219539238906E-013
  4.730984414601123E-014
  1.024630211286445E-013
 -2.668640355188529E-021
 -1.670688276678169E-013
 -6.178183552916169E-012
 -4.793065895431771E-013
 -8.855867266321792E-012
  1.137183664450072E-012
  1.399029365132835E-011
  2.738282702749323E-012
  2.522272097810078E-011
 -3.968429925967562E-013
 -2.917852768312703E-012
 -6.050194274538009E-012
 -3.697061008060098E-011
 -6.692920504480598E-012
 -3.494302163035569E-011
 -6.258490232107977E-014
 -2.848420876055766E-013
  8.393917267079865E-012
  3.381446337797457E-011
  1.261671953647600E-011
  4.552527408143524E-011
  1.144353829688485E-011
  3.733920587040542E-011
  7.559952583817960E-012
  2.247951775126885E-011
  3.855368324203373E-012
  1.051424539838748E-011
  1.544006011335497E-012
  3.882677067961879E-012
  4.812335480813425E-013
  1.120910439938020E-012
  1.118253873973294E-013
  2.421899100416501E-013
  1.697517408448721E-014
  3.429691157560676E-014
 -6.747937814582053E-022
 -3.995987552297364E-014
 -1.477710944018623E-012
 -3.986430591296708E-013
 -7.365494397566410E-012
  9.553304366470366E-014
  1.175302942575805E-012
  1.602951126077150E-012
  1.476501638229314E-011
  1.171643413199034E-012
  8.614699183548710E-012
 -2.132751493115492E-012
 -1.303249453566436E-011
 -4.537093916233185E-012
 -2.368768174319857E-011
 -2.600514336560799E-012
 -1.183569695089688E-011
  2.405540051663905E-012
  9.690594200259410E-012
  6.551401809597786E-012
  2.363961266928669E-011
  7.533555584481592E-012
  2.458129431704299E-011
  5.930968627712617E-012
  1.763573422847423E-011
  3.551321658543831E-012
  9.685058408382033E-012
  1.678494196824700E-012
  4.220871472529467E-012
  6.317002333573954E-013
  1.471384089846110E-012
  1.868097050717123E-013
  4.045899295200518E-013
  4.148162087028365E-014
  8.381012211797074E-014
  6.050550904985954E-015
  1.143619095084955E-014
  2.325630150068523E-022
  1.306516471658579E-014
  4.831481510941682E-013
 -2.092291858867662E-013
 -3.865805149038482E-012
 -2.420212751745635E-013
 -2.977486257772011E-012
  6.326313382632282E-013
  5.827259428982682E-012
  1.172237623371648E-012
  8.619068203409913E-012
 -1.863372872776153E-013
 -1.138641645369351E-012
 -2.299556587970987E-012
 -1.200573882874205E-011
 -2.551339912212573E-012
 -1.161188984622500E-011
 -2.671468143104972E-013
 -1.076187181027057E-012
  2.726775640295972E-012
  9.839103423524031E-012
  4.381278528486871E-012
  1.429570616236171E-011
  4.186814548887149E-012
  1.244949236502831E-011
  2.938786822487954E-012
  8.014571689741939E-012
  1.616996807269072E-012
  4.066225374792145E-012
  7.144386917048901E-013
  1.664102162040873E-012
  2.541985342657567E-013
  5.505397425253384E-013
  7.164391034456274E-014
  1.447504877210594E-013
  1.525472052034186E-014
  2.883305529312328E-014
  2.143871775006056E-015
  3.799954371466318E-015
  4.247048508370558E-022
  2.269491966971231E-014
  8.392552124920343E-013
 -6.768647096636742E-014
 -1.250603279990093E-012
 -2.391639939052282E-013
 -2.942334314962884E-012
  9.788045717846184E-014
  9.015911471313608E-013
  7.130117409515934E-013
  5.242535045496182E-012
  4.548497367459788E-013
  2.779426827716859E-012
 -8.082936650407546E-013
 -4.220014713939252E-012
 -1.681972286001645E-012
 -7.655144975012377E-012
 -1.038526843010696E-012
 -4.183651896246372E-012
  6.842005739141135E-013
  2.468820723802220E-012
  2.185406468652451E-012
  7.130778953758568E-012
  2.652491092434400E-012
  7.887181822341308E-012
  2.201442516909051E-012
  6.003708311699816E-012
  1.403339194905903E-012
  3.528945399401509E-012
  7.170348180982361E-013
  1.670149174063206E-012
  2.982210189290241E-013
  6.458830433601950E-013
  1.008171234863916E-013
  2.036925071153723E-013
  2.718348490335563E-014
  5.137969649164776E-014
  5.566628553413081E-015
  9.866690084669360E-015
  7.555846249909549E-016
  1.258502334436656E-015
  3.119394673433574E-022
  1.589334902827939E-014
  5.877339924794066E-013
  1.139671330657207E-015
  2.105704771464271E-014
 -1.396688363107712E-013
 -1.718287114899356E-012
 -9.595139017456341E-014
 -8.838222389523126E-013
  2.983458173011426E-013
  2.193636250353523E-012
  4.688232114619483E-013
  2.864813817201163E-012
 -7.129301334525311E-014
 -3.722131911753543E-013
 -8.396915138422343E-013
 -3.821680253407357E-012
 -9.475715078944248E-013
 -3.817243013579574E-012
 -1.823019763343429E-013
 -6.578054944714517E-013
  8.585734866535846E-013
  2.801445789090797E-012
  1.487598715530835E-012
  4.423374533351630E-012
  1.494668167001333E-012
  4.076214404281084E-012
  1.107192093870219E-012
  2.784230968558285E-012
  6.496712722010166E-013
  1.513243027142329E-012
  3.108125811637443E-013
  6.731536780645869E-013
  1.223818761326533E-013
  2.472622734378317E-013
  3.947602390686375E-014
  7.461390990343788E-014
  1.021608923237924E-014
  1.810772552960471E-014
  2.017259196778646E-015
  3.359941033927438E-015
  2.650121917525183E-016
  4.155235101310513E-016
  1.490120249087599E-022
  7.254577907483800E-015
  2.682733478549985E-013
  2.040997545072362E-014
  3.771031692429047E-013
 -5.333974941039388E-014
 -6.562165642061453E-013
 -1.128961130122050E-013
 -1.039902547870451E-012
  5.960046228468793E-014
  4.382221124308519E-013
  2.921948218472567E-013
  1.785499826354695E-012
  1.725708603891119E-013
  9.009739928960738E-013
 -2.912675447603326E-013
 -1.325643293631090E-012
 -6.066205868179539E-013
 -2.443739789092695E-012
 -4.028123941745495E-013
 -1.453479614140514E-012
  1.786122868601017E-013
  5.827953539155501E-013
  7.122725928781889E-013
  2.117942436540783E-012
  9.142772610735606E-013
  2.493389652236248E-012
  7.969985295395410E-013
  2.004194213663733E-012
  5.367970066135025E-013
  1.250331301331578E-012
  2.929169765882473E-013
  6.343956200357637E-013
  1.320912672831228E-013
  2.668792801402962E-013
  4.947464771028356E-014
  9.351237861072585E-014
  1.528214372011018E-014
  2.708715984946885E-014
  3.806668742130833E-015
  6.340375404900082E-015
  7.264456687683884E-016
  1.139020019105338E-015
  9.254011028779125E-017
  1.367972930027592E-016
  3.694530195928144E-023
  1.722089810839421E-015
  6.368265374225579E-014
  1.741208011610426E-014
  3.217128096962378E-013
 -6.409823288922650E-015
 -7.885736608562557E-014
 -7.178166088888309E-014
 -6.611913375505204E-013
 -3.343405308984301E-014
 -2.458293258429722E-013
  1.271024594498143E-013
  7.766784426291006E-013
  1.794927203840929E-013
  9.371122826861446E-013
 -2.331361700871740E-014
 -1.061070501154383E-013
 -2.971601732345990E-013
 -1.197094452161034E-012
 -3.443066443438063E-013
 -1.242371624638953E-012
 -9.409550577171746E-014
 -3.070249226012619E-013
  2.619222143338014E-013
  7.788256608463633E-013
  4.950593432612132E-013
  1.350111061895333E-012
  5.225364387885578E-013
  1.314010588783998E-012
  4.065673365352618E-013
  9.469946008380586E-013
  2.523369236182479E-013
  5.465078909604827E-013
  1.290849978961756E-013
  2.608053660231719E-013
  5.517142823144147E-014
  1.042799030123590E-013
  1.973626784304526E-014
  3.498196642366660E-014
  5.856022053517390E-015
  9.753769712859080E-015
  1.407501913204327E-015
  2.206871256572547E-015
  2.601147908529030E-016
  3.845072810819626E-016
  3.218311976611327E-017
  4.491086896410765E-017
 -1.326488592446022E-023
 -5.930535671485399E-016
 -2.193104695956240E-014
  9.265617615252262E-015
  1.711953909122952E-013
  9.775357095503635E-015
  1.202621193227198E-013
 -3.057162038550955E-014
 -2.815996495178253E-013
 -4.701628076570578E-014
 -3.456948682269979E-013
  2.922272406360208E-014
  1.785697922868990E-013
  1.133909785316469E-013
  5.920021629531307E-013
  6.461749659650560E-014
  2.940930172897576E-013
 -1.008176268552709E-013
 -4.061386169671258E-013
 -2.139014743773250E-013
 -7.718268775774222E-013
 -1.523124317467555E-013
 -4.969813615829687E-013
  4.053638801538992E-014
  1.205349430709093E-013
  2.271140896895689E-013
  6.193787653976872E-013
  3.092941399312136E-013
  7.777749929346273E-013
  2.825097468006363E-013
  6.580341824693750E-013
  1.999475151819167E-013
  4.330436198804720E-013
  1.155222086215106E-013
  2.334028925140164E-013
  5.576221188459751E-014
  1.053965472023722E-013
  2.269246567298078E-014
  4.022174106133659E-014
  7.779928732565673E-015
  1.295822150555519E-014
  2.223443294475696E-015
  3.486213069971163E-015
  5.167809058715061E-016
  7.639160592198338E-016
  9.265310127973024E-017
  1.292891838418629E-016
  1.114982973013734E-017
  1.470453636782021E-017
 -2.351949463969835E-023
 -1.010269818006699E-015
 -3.735964821069737E-014
  3.041125437751577E-015
  5.618909340612716E-014
  1.039315987976062E-014
  1.278626873169905E-013
 -6.133062892760523E-015
 -5.649253560815039E-014
 -3.203347052521384E-014
 -2.355313134789721E-013
 -1.081044248481507E-014
 -6.605881347326939E-014
  5.057992131078853E-014
  2.640723556494617E-013
  6.668482828894997E-014
  3.035020448707564E-013
 -6.420249039262357E-015
 -2.586364255633361E-014
 -1.024963721064879E-013
 -3.698406243843063E-013
 -1.227588712495657E-013
 -4.005508302017794E-013
 -4.275875968663759E-014
 -1.271431647797921E-013
  7.721453148839254E-014
  2.105771653015310E-013
  1.617511106193880E-013
  4.067518672268650E-013
  1.793725233435722E-013
  4.178024054726063E-013
  1.460998628725350E-013
  3.164211039830913E-013
  9.534236439514667E-014
  1.926312169659907E-013
  5.168758031923920E-014
  9.769505744082758E-014
  2.366789516099796E-014
  4.195066174643888E-014
  9.206528379567477E-015
  1.533435992629107E-014
  3.034113909819647E-015
  4.757290803023902E-015
  8.371982619521184E-016
  1.237561420242437E-015
  1.885315856315987E-016
  2.630782224867601E-016
  3.284507879586872E-017
  4.331090217161187E-017
  3.848003731113869E-018
  4.803548029122503E-018
