 -177.00   84.19    5.33190E+01
 -177.00   78.39    5.95124E+01
 -177.00   72.58    6.26520E+01
 -177.00   66.77    6.19457E+01
 -177.00   60.97    5.74102E+01
 -177.00   55.16    4.99356E+01
 -177.00   49.35    4.10920E+01
 -177.00   43.55    3.27200E+01
 -177.00   37.74    2.64228E+01
 -177.00   31.94    2.31213E+01
 -177.00   26.13    2.28213E+01
 -177.00   20.32    2.46673E+01
 -177.00   14.52    2.72634E+01
 -177.00    8.71    2.91432E+01
 -177.00    2.90    2.92200E+01
 -177.00   -2.90    2.70608E+01
 -177.00   -8.71    2.28938E+01
 -177.00  -14.52    1.73605E+01
 -177.00  -20.32    1.11204E+01
 -177.00  -26.13    4.46397E+00
 -177.00  -31.94   -2.91302E+00
 -177.00  -37.74   -1.18860E+01
 -177.00  -43.55   -2.36324E+01
 -177.00  -49.35   -3.92053E+01
 -177.00  -55.16   -5.90922E+01
 -177.00  -60.97   -8.28966E+01
 -177.00  -66.77   -1.09240E+02
 -177.00  -72.58   -1.35906E+02
 -177.00  -78.39   -1.60188E+02
 -177.00  -84.19   -1.79340E+02
 -171.00   84.19    5.31821E+01
 -171.00   78.39    5.92354E+01
 -171.00   72.58    6.21912E+01
 -171.00   66.77    6.11942E+01
 -171.00   60.97    5.62082E+01
 -171.00   55.16    4.81184E+01
 -171.00   49.35    3.85615E+01
 -171.00   43.55    2.95089E+01
 -171.00   37.74    2.27222E+01
 -171.00   31.94    1.92554E+01
 -171.00   26.13    1.91733E+01
 -171.00   20.32    2.15805E+01
 -171.00   14.52    2.49497E+01
 -171.00    8.71    2.76269E+01
 -171.00    2.90    2.83315E+01
 -171.00   -2.90    2.64746E+01
 -171.00   -8.71    2.21957E+01
 -171.00  -14.52    1.61246E+01
 -171.00  -20.32    8.98045E+00
 -171.00  -26.13    1.17353E+00
 -171.00  -31.94   -7.43410E+00
 -171.00  -37.74   -1.75211E+01
 -171.00  -43.55   -3.00612E+01
 -171.00  -49.35   -4.59331E+01
 -171.00  -55.16   -6.55234E+01
 -171.00  -60.97   -8.84493E+01
 -171.00  -66.77   -1.13479E+02
 -171.00  -72.58   -1.38656E+02
 -171.00  -78.39   -1.61581E+02
 -171.00  -84.19   -1.79774E+02
 -165.00   84.19    5.29309E+01
 -165.00   78.39    5.86957E+01
 -165.00   72.58    6.13195E+01
 -165.00   66.77    5.99222E+01
 -165.00   60.97    5.44441E+01
 -165.00   55.16    4.57756E+01
 -165.00   49.35    3.56061E+01
 -165.00   43.55    2.60068E+01
 -165.00   37.74    1.88626E+01
 -165.00   31.94    1.53373E+01
 -165.00   26.13    1.55526E+01
 -165.00   20.32    1.85938E+01
 -165.00   14.52    2.28344E+01
 -165.00    8.71    2.64613E+01
 -165.00    2.90    2.80067E+01
 -165.00   -2.90    2.67049E+01
 -165.00   -8.71    2.25601E+01
 -165.00  -14.52    1.61332E+01
 -165.00  -20.32    8.15438E+00
 -165.00  -26.13   -8.69654E-01
 -165.00  -31.94   -1.09002E+01
 -165.00  -37.74   -2.23790E+01
 -165.00  -43.55   -3.60199E+01
 -165.00  -49.35   -5.24720E+01
 -165.00  -55.16   -7.19814E+01
 -165.00  -60.97   -9.41619E+01
 -165.00  -66.77   -1.17932E+02
 -165.00  -72.58   -1.41611E+02
 -165.00  -78.39   -1.63128E+02
 -165.00  -84.19   -1.80288E+02
 -159.00   84.19    5.25686E+01
 -159.00   78.39    5.79007E+01
 -159.00   72.58    6.00502E+01
 -159.00   66.77    5.81533E+01
 -159.00   60.97    5.21599E+01
 -159.00   55.16    4.29767E+01
 -159.00   49.35    3.23295E+01
 -159.00   43.55    2.23521E+01
 -159.00   37.74    1.50103E+01
 -159.00   31.94    1.15480E+01
 -159.00   26.13    1.21408E+01
 -159.00   20.32    1.58782E+01
 -159.00   14.52    2.10750E+01
 -159.00    8.71    2.57953E+01
 -159.00    2.90    2.83988E+01
 -159.00   -2.90    2.79238E+01
 -159.00   -8.71    2.41908E+01
 -159.00  -14.52    1.76285E+01
 -159.00  -20.32    8.92239E+00
 -159.00  -26.13   -1.35316E+00
 -159.00  -31.94   -1.29766E+01
 -159.00  -37.74   -2.61151E+01
 -159.00  -43.55   -4.11682E+01
 -159.00  -49.35   -5.85013E+01
 -159.00  -55.16   -7.81815E+01
 -159.00  -60.97   -9.98010E+01
 -159.00  -66.77   -1.22427E+02
 -159.00  -72.58   -1.44664E+02
 -159.00  -78.39   -1.64779E+02
 -159.00  -84.19   -1.80869E+02
 -153.00   84.19    5.21007E+01
 -153.00   78.39    5.68643E+01
 -153.00   72.58    5.84079E+01
 -153.00   66.77    5.59267E+01
 -153.00   60.97    4.94148E+01
 -153.00   55.16    3.98066E+01
 -153.00   49.35    2.88472E+01
 -153.00   43.55    1.86914E+01
 -153.00   37.74    1.13377E+01
 -153.00   31.94    8.07461E+00
 -153.00   26.13    9.12473E+00
 -153.00   20.32    1.36061E+01
 -153.00   14.52    1.98188E+01
 -153.00    8.71    2.57470E+01
 -153.00    2.90    2.95998E+01
 -153.00   -2.90    3.02068E+01
 -153.00   -8.71    2.71604E+01
 -153.00  -14.52    2.06955E+01
 -153.00  -20.32    1.13964E+01
 -153.00  -26.13   -1.28279E-01
 -153.00  -31.94   -1.34735E+01
 -153.00  -37.74   -2.85019E+01
 -153.00  -43.55   -4.52515E+01
 -153.00  -49.35   -6.37578E+01
 -153.00  -55.16   -8.38739E+01
 -153.00  -60.97   -1.05152E+02
 -153.00  -66.77   -1.26803E+02
 -153.00  -72.58   -1.47711E+02
 -153.00  -78.39   -1.66482E+02
 -153.00  -84.19   -1.81502E+02
 -147.00   84.19    5.15347E+01
 -147.00   78.39    5.56066E+01
 -147.00   72.58    5.64286E+01
 -147.00   66.77    5.32964E+01
 -147.00   60.97    4.62823E+01
 -147.00   55.16    3.63609E+01
 -147.00   49.35    2.52781E+01
 -147.00   43.55    1.51671E+01
 -147.00   37.74    8.00695E+00
 -147.00   31.94    5.09078E+00
 -147.00   26.13    6.67584E+00
 -147.00   20.32    1.19290E+01
 -147.00   14.52    1.91785E+01
 -147.00    8.71    2.63759E+01
 -147.00    2.90    3.16083E+01
 -147.00   -2.90    3.34955E+01
 -147.00   -8.71    3.13690E+01
 -147.00  -14.52    2.52178E+01
 -147.00  -20.32    1.54729E+01
 -147.00  -26.13    2.74337E+00
 -147.00  -31.94   -1.23900E+01
 -147.00  -37.74   -2.94675E+01
 -147.00  -43.55   -4.81343E+01
 -147.00  -49.35   -6.80619E+01
 -147.00  -55.16   -8.88636E+01
 -147.00  -60.97   -1.10034E+02
 -147.00  -66.77   -1.30914E+02
 -147.00  -72.58   -1.50657E+02
 -147.00  -78.39   -1.68188E+02
 -147.00  -84.19   -1.82172E+02
 -141.00   84.19    5.08799E+01
 -141.00   78.39    5.41532E+01
 -141.00   72.58    5.41581E+01
 -141.00   66.77    5.03282E+01
 -141.00   60.97    4.28464E+01
 -141.00   55.16    3.27383E+01
 -141.00   49.35    2.17338E+01
 -141.00   43.55    1.19021E+01
 -141.00   37.74    5.15006E+00
 -141.00   31.94    2.73175E+00
 -141.00   26.13    4.92054E+00
 -141.00   20.32    1.09451E+01
 -141.00   14.52    1.92001E+01
 -141.00    8.71    2.76514E+01
 -141.00    2.90    3.43012E+01
 -141.00   -2.90    3.75723E+01
 -141.00   -8.71    3.65205E+01
 -141.00  -14.52    3.08549E+01
 -141.00  -20.32    2.08122E+01
 -141.00  -26.13    6.96911E+00
 -141.00  -31.94   -9.93455E+00
 -141.00  -37.74   -2.91171E+01
 -141.00  -43.55   -4.98199E+01
 -141.00  -49.35   -7.13366E+01
 -141.00  -55.16   -9.30262E+01
 -141.00  -60.97   -1.14311E+02
 -141.00  -66.77   -1.34643E+02
 -141.00  -72.58   -1.53419E+02
 -141.00  -78.39   -1.69855E+02
 -141.00  -84.19   -1.82866E+02
 -135.00   84.19    5.01473E+01
 -135.00   78.39    5.25345E+01
 -135.00   72.58    5.16501E+01
 -135.00   66.77    4.70977E+01
 -135.00   60.97    3.91975E+01
 -135.00   55.16    2.90352E+01
 -135.00   49.35    1.83089E+01
 -135.00   43.55    8.98498E+00
 -135.00   37.74    2.84807E+00
 -135.00   31.94    1.06783E+00
 -135.00   26.13    3.90928E+00
 -135.00   20.32    1.06670E+01
 -135.00   14.52    1.98317E+01
 -135.00    8.71    2.94282E+01
 -135.00    2.90    3.74172E+01
 -135.00   -2.90    4.20540E+01
 -135.00   -8.71    4.21271E+01
 -135.00  -14.52    3.70537E+01
 -135.00  -20.32    2.68522E+01
 -135.00  -26.13    1.20380E+01
 -135.00  -31.94   -6.51656E+00
 -135.00  -37.74   -2.77291E+01
 -135.00  -43.55   -5.04530E+01
 -135.00  -49.35   -7.36129E+01
 -135.00  -55.16   -9.63154E+01
 -135.00  -60.97   -1.17901E+02
 -135.00  -66.77   -1.37907E+02
 -135.00  -72.58   -1.55934E+02
 -135.00  -78.39   -1.71445E+02
 -135.00  -84.19   -1.83571E+02
 -129.00   84.19    4.93491E+01
 -129.00   78.39    5.07846E+01
 -129.00   72.58    4.89650E+01
 -129.00   66.77    4.36875E+01
 -129.00   60.97    3.54287E+01
 -129.00   55.16    2.53404E+01
 -129.00   49.35    1.50741E+01
 -129.00   43.55    6.46025E+00
 -129.00   37.74    1.11635E+00
 -129.00   31.94    8.47447E-02
 -129.00   26.13    3.59367E+00
 -129.00   20.32    1.09984E+01
 -129.00   14.52    2.09059E+01
 -129.00    8.71    3.14389E+01
 -129.00    2.90    4.05648E+01
 -129.00   -2.90    4.64162E+01
 -129.00   -8.71    4.75470E+01
 -129.00  -14.52    4.30967E+01
 -129.00  -20.32    3.28606E+01
 -129.00  -26.13    1.72700E+01
 -129.00  -31.94   -2.70578E+00
 -129.00  -37.74   -2.57269E+01
 -129.00  -43.55   -5.03019E+01
 -129.00  -49.35   -7.50228E+01
 -129.00  -55.16   -9.87625E+01
 -129.00  -60.97   -1.20775E+02
 -129.00  -66.77   -1.40654E+02
 -129.00  -72.58   -1.58155E+02
 -129.00  -78.39   -1.72929E+02
 -129.00  -84.19   -1.84276E+02
 -123.00   84.19    4.84989E+01
 -123.00   78.39    4.89405E+01
 -123.00   72.58    4.61673E+01
 -123.00   66.77    4.01841E+01
 -123.00   60.97    3.16333E+01
 -123.00   55.16    2.17326E+01
 -123.00   49.35    1.20741E+01
 -123.00   43.55    4.32522E+00
 -123.00   37.74   -9.91997E-02
 -123.00   31.94   -3.21320E-01
 -123.00   26.13    3.82141E+00
 -123.00   20.32    1.17328E+01
 -123.00   14.52    2.21459E+01
 -123.00    8.71    3.33133E+01
 -123.00    2.90    4.32584E+01
 -123.00   -2.90    5.00487E+01
 -123.00   -8.71    5.20574E+01
 -123.00  -14.52    4.81861E+01
 -123.00  -20.32    3.80214E+01
 -123.00  -26.13    2.18967E+01
 -123.00  -31.94    8.36083E-01
 -123.00  -37.74   -2.36262E+01
 -123.00  -43.55   -4.97244E+01
 -123.00  -49.35   -7.57789E+01
 -123.00  -55.16   -1.00467E+02
 -123.00  -60.97   -1.22958E+02
 -123.00  -66.77   -1.42872E+02
 -123.00  -72.58   -1.60059E+02
 -123.00  -78.39   -1.74289E+02
 -123.00  -84.19   -1.84971E+02
 -117.00   84.19    4.76103E+01
 -117.00   78.39    4.70405E+01
 -117.00   72.58    4.33236E+01
 -117.00   66.77    3.66752E+01
 -117.00   60.97    2.79020E+01
 -117.00   55.16    1.82806E+01
 -117.00   49.35    9.33034E+00
 -117.00   43.55    2.53713E+00
 -117.00   37.74   -9.11668E-01
 -117.00   31.94   -3.29806E-01
 -117.00   26.13    4.35459E+00
 -117.00   20.32    1.25781E+01
 -117.00   14.52    2.32007E+01
 -117.00    8.71    3.46278E+01
 -117.00    2.90    4.49853E+01
 -117.00   -2.90    5.23398E+01
 -117.00   -8.71    5.49541E+01
 -117.00  -14.52    5.15518E+01
 -117.00  -20.32    4.15447E+01
 -117.00  -26.13    2.51637E+01
 -117.00  -31.94    3.44222E+00
 -117.00  -37.74   -2.19681E+01
 -117.00  -43.55   -4.91194E+01
 -117.00  -49.35   -7.61445E+01
 -117.00  -55.16   -1.01578E+02
 -117.00  -60.97   -1.24519E+02
 -117.00  -66.77   -1.44580E+02
 -117.00  -72.58   -1.61640E+02
 -117.00  -78.39   -1.75512E+02
 -117.00  -84.19   -1.85649E+02
 -111.00   84.19    4.66977E+01
 -111.00   78.39    4.51229E+01
 -111.00   72.58    4.05001E+01
 -111.00   66.77    3.32473E+01
 -111.00   60.97    2.43223E+01
 -111.00   55.16    1.50453E+01
 -111.00   49.35    6.84978E+00
 -111.00   43.55    1.02865E+00
 -111.00   37.74   -1.46940E+00
 -111.00   31.94   -1.63731E-01
 -111.00   26.13    4.91004E+00
 -111.00   20.32    1.32057E+01
 -111.00   14.52    2.37041E+01
 -111.00    8.71    3.49767E+01
 -111.00    2.90    4.52905E+01
 -111.00   -2.90    5.27748E+01
 -111.00   -8.71    5.56603E+01
 -111.00  -14.52    5.25670E+01
 -111.00  -20.32    4.27804E+01
 -111.00  -26.13    2.64354E+01
 -111.00  -31.94    4.53196E+00
 -111.00  -37.74   -2.12459E+01
 -111.00  -43.55   -4.88739E+01
 -111.00  -49.35   -7.63971E+01
 -111.00  -55.16   -1.02277E+02
 -111.00  -60.97   -1.25561E+02
 -111.00  -66.77   -1.45824E+02
 -111.00  -72.58   -1.62910E+02
 -111.00  -78.39   -1.76595E+02
 -111.00  -84.19   -1.86305E+02
 -105.00   84.19    4.57752E+01
 -105.00   78.39    4.32249E+01
 -105.00   72.58    3.77600E+01
 -105.00   66.77    2.99829E+01
 -105.00   60.97    2.09770E+01
 -105.00   55.16    1.20832E+01
 -105.00   49.35    4.63515E+00
 -105.00   43.55   -2.71401E-01
 -105.00   37.74   -1.92402E+00
 -105.00   31.94   -4.63932E-02
 -105.00   26.13    5.21304E+00
 -105.00   20.32    1.33135E+01
 -105.00   14.52    2.33459E+01
 -105.00    8.71    3.40502E+01
 -105.00    2.90    4.38614E+01
 -105.00   -2.90    5.10272E+01
 -105.00   -8.71    5.38234E+01
 -105.00  -14.52    5.08464E+01
 -105.00  -20.32    4.13157E+01
 -105.00  -26.13    2.52870E+01
 -105.00  -31.94    3.69115E+00
 -105.00  -37.74   -2.18383E+01
 -105.00  -43.55   -4.93109E+01
 -105.00  -49.35   -7.67924E+01
 -105.00  -55.16   -1.02748E+02
 -105.00  -60.97   -1.26203E+02
 -105.00  -66.77   -1.46672E+02
 -105.00  -72.58   -1.63899E+02
 -105.00  -78.39   -1.77543E+02
 -105.00  -84.19   -1.86933E+02
  -99.00   84.19    4.48564E+01
  -99.00   78.39    4.13814E+01
  -99.00   72.58    3.51619E+01
  -99.00   66.77    2.69576E+01
  -99.00   60.97    1.79429E+01
  -99.00   55.16    9.44947E+00
  -99.00   49.35    2.69545E+00
  -99.00   43.55   -1.41755E+00
  -99.00   37.74   -2.39816E+00
  -99.00   31.94   -1.57650E-01
  -99.00   26.13    5.05045E+00
  -99.00   20.32    1.26853E+01
  -99.00   14.52    2.19343E+01
  -99.00    8.71    3.16978E+01
  -99.00    2.90    4.05908E+01
  -99.00   -2.90    4.70208E+01
  -99.00   -8.71    4.93762E+01
  -99.00  -14.52    4.63088E+01
  -99.00  -20.32    3.70364E+01
  -99.00  -26.13    2.15636E+01
  -99.00  -31.94    7.28371E-01
  -99.00  -37.74   -2.39596E+01
  -99.00  -43.55   -5.06484E+01
  -99.00  -49.35   -7.75316E+01
  -99.00  -55.16   -1.03160E+02
  -99.00  -60.97   -1.26571E+02
  -99.00  -66.77   -1.47202E+02
  -99.00  -72.58   -1.64645E+02
  -99.00  -78.39   -1.78367E+02
  -99.00  -84.19   -1.87533E+02
  -93.00   84.19    4.39541E+01
  -93.00   78.39    3.96235E+01
  -93.00   72.58    3.27567E+01
  -93.00   66.77    2.42374E+01
  -93.00   60.97    1.52889E+01
  -93.00   55.16    7.19832E+00
  -93.00   49.35    1.05262E+00
  -93.00   43.55   -2.43271E+00
  -93.00   37.74   -2.96124E+00
  -93.00   31.94   -6.01186E-01
  -93.00   26.13    4.30916E+00
  -93.00   20.32    1.12307E+01
  -93.00   14.52    1.94331E+01
  -93.00    8.71    2.79594E+01
  -93.00    2.90    3.56005E+01
  -93.00   -2.90    4.09465E+01
  -93.00   -8.71    4.25505E+01
  -93.00  -14.52    3.91887E+01
  -93.00  -20.32    3.01421E+01
  -93.00  -26.13    1.54001E+01
  -93.00  -31.94   -4.30153E+00
  -93.00  -37.74   -2.76336E+01
  -93.00  -43.55   -5.29727E+01
  -93.00  -49.35   -7.87382E+01
  -93.00  -55.16   -1.03644E+02
  -93.00  -60.97   -1.26780E+02
  -93.00  -66.77   -1.47498E+02
  -93.00  -72.58   -1.65194E+02
  -93.00  -78.39   -1.79082E+02
  -93.00  -84.19   -1.88104E+02
  -87.00   84.19    4.30802E+01
  -87.00   78.39    3.79781E+01
  -87.00   72.58    3.05865E+01
  -87.00   66.77    2.18758E+01
  -87.00   60.97    1.30727E+01
  -87.00   55.16    5.38156E+00
  -87.00   49.35   -2.57402E-01
  -87.00   43.55   -3.30283E+00
  -87.00   37.74   -3.61927E+00
  -87.00   31.94   -1.39089E+00
  -87.00   26.13    2.99010E+00
  -87.00   20.32    8.99531E+00
  -87.00   14.52    1.59633E+01
  -87.00    8.71    2.30547E+01
  -87.00    2.90    2.92178E+01
  -87.00   -2.90    3.32284E+01
  -87.00   -8.71    3.38364E+01
  -87.00  -14.52    2.99967E+01
  -87.00  -20.32    2.11124E+01
  -87.00  -26.13    7.19788E+00
  -87.00  -31.94   -1.11080E+01
  -87.00  -37.74   -3.26928E+01
  -87.00  -43.55   -5.62297E+01
  -87.00  -49.35   -8.04441E+01
  -87.00  -55.16   -1.04283E+02
  -87.00  -60.97   -1.26923E+02
  -87.00  -66.77   -1.47639E+02
  -87.00  -72.58   -1.65596E+02
  -87.00  -78.39   -1.79708E+02
  -87.00  -84.19   -1.88646E+02
  -81.00   84.19    4.22451E+01
  -81.00   78.39    3.64667E+01
  -81.00   72.58    2.86825E+01
  -81.00   66.77    1.99113E+01
  -81.00   60.97    1.13371E+01
  -81.00   55.16    4.04383E+00
  -81.00   49.35   -1.18967E+00
  -81.00   43.55   -3.98190E+00
  -81.00   37.74   -4.32037E+00
  -81.00   31.94   -2.45832E+00
  -81.00   26.13    1.19591E+00
  -81.00   20.32    6.13979E+00
  -81.00   14.52    1.17699E+01
  -81.00    8.71    1.73357E+01
  -81.00    2.90    2.19130E+01
  -81.00   -2.90    2.44490E+01
  -81.00   -8.71    2.39017E+01
  -81.00  -14.52    1.94399E+01
  -81.00  -20.32    1.06354E+01
  -81.00  -26.13   -2.43211E+00
  -81.00  -31.94   -1.92044E+01
  -81.00  -37.74   -3.88004E+01
  -81.00  -43.55   -6.02323E+01
  -81.00  -49.35   -8.25881E+01
  -81.00  -55.16   -1.05099E+02
  -81.00  -60.97   -1.27068E+02
  -81.00  -66.77   -1.47693E+02
  -81.00  -72.58   -1.65897E+02
  -81.00  -78.39   -1.80265E+02
  -81.00  -84.19   -1.89161E+02
  -75.00   84.19    4.14579E+01
  -75.00   78.39    3.51051E+01
  -75.00   72.58    2.70641E+01
  -75.00   66.77    1.83653E+01
  -75.00   60.97    1.01062E+01
  -75.00   55.16    3.21632E+00
  -75.00   49.35   -1.69972E+00
  -75.00   43.55   -4.40523E+00
  -75.00   37.74   -4.97269E+00
  -75.00   31.94   -3.67660E+00
  -75.00   26.13   -9.00761E-01
  -75.00   20.32    2.89775E+00
  -75.00   14.52    7.16676E+00
  -75.00    8.71    1.12172E+01
  -75.00    2.90    1.42164E+01
  -75.00   -2.90    1.52554E+01
  -75.00   -8.71    1.34917E+01
  -75.00  -14.52    8.32203E+00
  -75.00  -20.32   -4.83354E-01
  -75.00  -26.13   -1.27464E+01
  -75.00  -31.94   -2.79665E+01
  -75.00  -37.74   -4.54897E+01
  -75.00  -43.55   -6.46825E+01
  -75.00  -49.35   -8.50242E+01
  -75.00  -55.16   -1.06063E+02
  -75.00  -60.97   -1.27247E+02
  -75.00  -66.77   -1.47715E+02
  -75.00  -72.58   -1.66143E+02
  -75.00  -78.39   -1.80773E+02
  -75.00  -84.19   -1.89650E+02
  -69.00   84.19    4.07262E+01
  -69.00   78.39    3.39034E+01
  -69.00   72.58    2.57388E+01
  -69.00   66.77    1.72405E+01
  -69.00   60.97    9.38238E+00
  -69.00   55.16    2.91047E+00
  -69.00   49.35   -1.75446E+00
  -69.00   43.55   -4.50624E+00
  -69.00   37.74   -5.46784E+00
  -69.00   31.94   -4.89106E+00
  -69.00   26.13   -3.09584E+00
  -69.00   20.32   -4.71472E-01
  -69.00   14.52    2.48024E+00
  -69.00    8.71    5.10924E+00
  -69.00    2.90    6.63944E+00
  -69.00   -2.90    6.27030E+00
  -69.00   -8.71    3.33399E+00
  -69.00  -14.52   -2.55290E+00
  -69.00  -20.32   -1.14131E+01
  -69.00  -26.13   -2.29504E+01
  -69.00  -31.94   -3.66990E+01
  -69.00  -37.74   -5.22130E+01
  -69.00  -43.55   -6.92033E+01
  -69.00  -49.35   -8.75387E+01
  -69.00  -55.16   -1.07090E+02
  -69.00  -60.97   -1.27463E+02
  -69.00  -66.77   -1.47742E+02
  -69.00  -72.58   -1.66369E+02
  -69.00  -78.39   -1.81250E+02
  -69.00  -84.19   -1.90116E+02
  -63.00   84.19    4.00559E+01
  -63.00   78.39    3.28660E+01
  -63.00   72.58    2.47022E+01
  -63.00   66.77    1.65217E+01
  -63.00   60.97    9.14506E+00
  -63.00   55.16    3.11362E+00
  -63.00   49.35   -1.34125E+00
  -63.00   43.55   -4.23133E+00
  -63.00   37.74   -5.70197E+00
  -63.00   31.94   -5.94615E+00
  -63.00   26.13   -5.18574E+00
  -63.00   20.32   -3.71921E+00
  -63.00   14.52   -1.99241E+00
  -63.00    8.71   -6.29601E-01
  -63.00    2.90   -3.78722E-01
  -63.00   -2.90   -1.96897E+00
  -63.00   -8.71   -5.93030E+00
  -63.00  -14.52   -1.24550E+01
  -63.00  -20.32   -2.13737E+01
  -63.00  -26.13   -3.22710E+01
  -63.00  -31.94   -4.46991E+01
  -63.00  -37.74   -5.83931E+01
  -63.00  -43.55   -7.33751E+01
  -63.00  -49.35   -8.98737E+01
  -63.00  -55.16   -1.08059E+02
  -63.00  -60.97   -1.27687E+02
  -63.00  -66.77   -1.47795E+02
  -63.00  -72.58   -1.66605E+02
  -63.00  -78.39   -1.81714E+02
  -63.00  -84.19   -1.90560E+02
  -57.00   84.19    3.94515E+01
  -57.00   78.39    3.19919E+01
  -57.00   72.58    2.39393E+01
  -57.00   66.77    1.61766E+01
  -57.00   60.97    9.35134E+00
  -57.00   55.16    3.78798E+00
  -57.00   49.35   -4.72288E-01
  -57.00   43.55   -3.54849E+00
  -57.00   37.74   -5.58838E+00
  -57.00   31.94   -6.70075E+00
  -57.00   26.13   -6.98344E+00
  -57.00   20.32   -6.62287E+00
  -57.00   14.52   -5.99714E+00
  -57.00    8.71   -5.70665E+00
  -57.00    2.90   -6.48895E+00
  -57.00   -2.90   -9.03487E+00
  -57.00   -8.71   -1.37802E+01
  -57.00  -14.52   -2.07723E+01
  -57.00  -20.32   -2.96882E+01
  -57.00  -26.13   -4.00132E+01
  -57.00  -31.94   -5.13129E+01
  -57.00  -37.74   -6.34725E+01
  -57.00  -43.55   -7.67758E+01
  -57.00  -49.35   -9.17537E+01
  -57.00  -55.16   -1.08828E+02
  -57.00  -60.97   -1.27873E+02
  -57.00  -66.77   -1.47879E+02
  -57.00  -72.58   -1.66872E+02
  -57.00  -78.39   -1.82178E+02
  -57.00  -84.19   -1.90984E+02
  -51.00   84.19    3.89161E+01
  -51.00   78.39    3.12759E+01
  -51.00   72.58    2.34259E+01
  -51.00   66.77    1.61592E+01
  -51.00   60.97    9.93966E+00
  -51.00   55.16    4.87351E+00
  -51.00   49.35    8.16626E-01
  -51.00   43.55   -2.44816E+00
  -51.00   37.74   -5.05976E+00
  -51.00   31.94   -7.02993E+00
  -51.00   26.13   -8.31758E+00
  -51.00   20.32   -8.98021E+00
  -51.00   14.52   -9.31228E+00
  -51.00    8.71   -9.88101E+00
  -51.00    2.90   -1.14184E+01
  -51.00   -2.90   -1.46015E+01
  -51.00   -8.71   -1.98172E+01
  -51.00  -14.52   -2.70269E+01
  -51.00  -20.32   -3.58123E+01
  -51.00  -26.13   -4.56009E+01
  -51.00  -31.94   -5.59809E+01
  -51.00  -37.74   -6.69590E+01
  -51.00  -43.55   -7.90188E+01
  -51.00  -49.35   -9.29153E+01
  -51.00  -55.16   -1.09247E+02
  -51.00  -60.97   -1.27961E+02
  -51.00  -66.77   -1.47987E+02
  -51.00  -72.58   -1.67181E+02
  -51.00  -78.39   -1.82651E+02
  -51.00  -84.19   -1.91388E+02
  -45.00   84.19    3.84513E+01
  -45.00   78.39    3.07089E+01
  -45.00   72.58    2.31317E+01
  -45.00   66.77    1.64132E+01
  -45.00   60.97    1.08352E+01
  -45.00   55.16    6.29411E+00
  -45.00   49.35    2.47216E+00
  -45.00   43.55   -9.37619E-01
  -45.00   37.74   -4.06248E+00
  -45.00   31.94   -6.81758E+00
  -45.00   26.13   -9.02093E+00
  -45.00   20.32   -1.05920E+01
  -45.00   14.52   -1.17247E+01
  -45.00    8.71   -1.29350E+01
  -45.00    2.90   -1.49411E+01
  -45.00   -2.90   -1.84201E+01
  -45.00   -8.71   -2.37511E+01
  -45.00  -14.52   -3.08744E+01
  -45.00  -20.32   -3.93494E+01
  -45.00  -26.13   -4.86047E+01
  -45.00  -31.94   -5.82747E+01
  -45.00  -37.74   -6.84641E+01
  -45.00  -43.55   -7.97892E+01
  -45.00  -49.35   -9.31351E+01
  -45.00  -55.16   -1.09185E+02
  -45.00  -60.97   -1.27892E+02
  -45.00  -66.77   -1.48105E+02
  -45.00  -72.58   -1.67539E+02
  -45.00  -78.39   -1.83138E+02
  -45.00  -84.19   -1.91771E+02
  -39.00   84.19    3.80580E+01
  -39.00   78.39    3.02795E+01
  -39.00   72.58    2.30220E+01
  -39.00   66.77    1.68775E+01
  -39.00   60.97    1.19565E+01
  -39.00   55.16    7.96563E+00
  -39.00   49.35    4.43190E+00
  -39.00   43.55    9.67109E-01
  -39.00   37.74   -2.54895E+00
  -39.00   31.94   -5.94821E+00
  -39.00   26.13   -8.92031E+00
  -39.00   20.32   -1.12480E+01
  -39.00   14.52   -1.30114E+01
  -39.00    8.71   -1.46517E+01
  -39.00    2.90   -1.68542E+01
  -39.00   -2.90   -2.02973E+01
  -39.00   -8.71   -2.53852E+01
  -39.00  -14.52   -3.21007E+01
  -39.00  -20.32   -4.00601E+01
  -39.00  -26.13   -4.87633E+01
  -39.00  -31.94   -5.79266E+01
  -39.00  -37.74   -6.77366E+01
  -39.00  -43.55   -7.88747E+01
  -39.00  -49.35   -9.22555E+01
  -39.00  -55.16   -1.08542E+02
  -39.00  -60.97   -1.27615E+02
  -39.00  -66.77   -1.48217E+02
  -39.00  -72.58   -1.67943E+02
  -39.00  -78.39   -1.83641E+02
  -39.00  -84.19   -1.92134E+02
  -33.00   84.19    3.77359E+01
  -33.00   78.39    2.99747E+01
  -33.00   72.58    2.30612E+01
  -33.00   66.77    1.74902E+01
  -33.00   60.97    1.32223E+01
  -33.00   55.16    9.80381E+00
  -33.00   49.35    6.63202E+00
  -33.00   43.55    3.24716E+00
  -33.00   37.74   -4.74578E-01
  -33.00   31.94   -4.30730E+00
  -33.00   26.13   -7.83921E+00
  -33.00   20.32   -1.07309E+01
  -33.00   14.52   -1.29419E+01
  -33.00    8.71   -1.48153E+01
  -33.00    2.90   -1.69763E+01
  -33.00   -2.90   -2.00934E+01
  -33.00   -8.71   -2.46166E+01
  -33.00  -14.52   -3.06260E+01
  -33.00  -20.32   -3.78722E+01
  -33.00  -26.13   -4.60002E+01
  -33.00  -31.94   -5.48515E+01
  -33.00  -37.74   -6.46864E+01
  -33.00  -43.55   -7.61895E+01
  -33.00  -49.35   -9.02045E+01
  -33.00  -55.16   -1.07266E+02
  -33.00  -60.97   -1.27101E+02
  -33.00  -66.77   -1.48309E+02
  -33.00  -72.58   -1.68389E+02
  -33.00  -78.39   -1.84158E+02
  -33.00  -84.19   -1.92472E+02
  -27.00   84.19    3.74843E+01
  -27.00   78.39    2.97812E+01
  -27.00   72.58    2.32147E+01
  -27.00   66.77    1.81935E+01
  -27.00   60.97    1.45572E+01
  -27.00   55.16    1.17303E+01
  -27.00   49.35    9.01159E+00
  -27.00   43.55    5.88085E+00
  -27.00   37.74    2.19563E+00
  -27.00   31.94   -1.79562E+00
  -27.00   26.13   -5.62008E+00
  -27.00   20.32   -8.84391E+00
  -27.00   14.52   -1.13099E+01
  -27.00    8.71   -1.32422E+01
  -27.00    2.90   -1.51748E+01
  -27.00   -2.90   -1.77445E+01
  -27.00   -8.71   -2.14529E+01
  -27.00  -14.52   -2.65182E+01
  -27.00  -20.32   -3.28921E+01
  -27.00  -26.13   -4.04350E+01
  -27.00  -31.94   -4.91590E+01
  -27.00  -37.74   -5.93981E+01
  -27.00  -43.55   -7.17872E+01
  -27.00  -49.35   -8.70074E+01
  -27.00  -55.16   -1.05362E+02
  -27.00  -60.97   -1.26343E+02
  -27.00  -66.77   -1.48371E+02
  -27.00  -72.58   -1.68868E+02
  -27.00  -78.39   -1.84681E+02
  -27.00  -84.19   -1.92784E+02
  -21.00   84.19    3.73018E+01
  -21.00   78.39    2.96861E+01
  -21.00   72.58    2.34515E+01
  -21.00   66.77    1.89365E+01
  -21.00   60.97    1.58959E+01
  -21.00   55.16    1.36756E+01
  -21.00   49.35    1.15121E+01
  -21.00   43.55    8.83665E+00
  -21.00   37.74    5.47045E+00
  -21.00   31.94    1.64238E+00
  -21.00   26.13   -2.16433E+00
  -21.00   20.32   -5.46104E+00
  -21.00   14.52   -7.98778E+00
  -21.00    8.71   -9.83565E+00
  -21.00    2.90   -1.14154E+01
  -21.00   -2.90   -1.33019E+01
  -21.00   -8.71   -1.60399E+01
  -21.00  -14.52   -2.00086E+01
  -21.00  -20.32   -2.54114E+01
  -21.00  -26.13   -3.23839E+01
  -21.00  -31.94   -4.11521E+01
  -21.00  -37.74   -5.21294E+01
  -21.00  -43.55   -6.58609E+01
  -21.00  -49.35   -8.27885E+01
  -21.00  -55.16   -1.02895E+02
  -21.00  -60.97   -1.25362E+02
  -21.00  -66.77   -1.48400E+02
  -21.00  -72.58   -1.69369E+02
  -21.00  -78.39   -1.85202E+02
  -21.00  -84.19   -1.93063E+02
  -15.00   84.19    3.71869E+01
  -15.00   78.39    2.96780E+01
  -15.00   72.58    2.37455E+01
  -15.00   66.77    1.96781E+01
  -15.00   60.97    1.71846E+01
  -15.00   55.16    1.55793E+01
  -15.00   49.35    1.40729E+01
  -15.00   43.55    1.20609E+01
  -15.00   37.74    9.30942E+00
  -15.00   31.94    5.98306E+00
  -15.00   26.13    2.51957E+00
  -15.00   20.32   -5.84816E-01
  -15.00   14.52   -2.99020E+00
  -15.00    8.71   -4.64765E+00
  -15.00    2.90   -5.81537E+00
  -15.00   -2.90   -6.97194E+00
  -15.00   -8.71   -8.68409E+00
  -15.00  -14.52   -1.14979E+01
  -15.00  -20.32   -1.58993E+01
  -15.00  -26.13   -2.23434E+01
  -15.00  -31.94   -3.13070E+01
  -15.00  -37.74   -4.32924E+01
  -15.00  -43.55   -5.87290E+01
  -15.00  -49.35   -7.77619E+01
  -15.00  -55.16   -9.99827E+01
  -15.00  -60.97   -1.24205E+02
  -15.00  -66.77   -1.48401E+02
  -15.00  -72.58   -1.69879E+02
  -15.00  -78.39   -1.85708E+02
  -15.00  -84.19   -1.93306E+02
   -9.00   84.19    3.71379E+01
   -9.00   78.39    2.97474E+01
   -9.00   72.58    2.40765E+01
   -9.00   66.77    2.03872E+01
   -9.00   60.97    1.83818E+01
   -9.00   55.16    1.73876E+01
   -9.00   49.35    1.66247E+01
   -9.00   43.55    1.54645E+01
   -9.00   37.74    1.36011E+01
   -9.00   31.94    1.10919E+01
   -9.00   26.13    8.27508E+00
   -9.00   20.32    5.60570E+00
   -9.00   14.52    3.47596E+00
   -9.00    8.71    2.07474E+00
   -9.00    2.90    1.31984E+00
   -9.00   -2.90    8.62872E-01
   -9.00   -8.71    1.43005E-01
   -9.00  -14.52   -1.54271E+00
   -9.00  -20.32   -4.97477E+00
   -9.00  -26.13   -1.09541E+01
   -9.00  -31.94   -2.02341E+01
   -9.00  -37.74   -3.34177E+01
   -9.00  -43.55   -5.08056E+01
   -9.00  -49.35   -7.22108E+01
   -9.00  -55.16   -9.67870E+01
   -9.00  -60.97   -1.22939E+02
   -9.00  -66.77   -1.48381E+02
   -9.00  -72.58   -1.70382E+02
   -9.00  -78.39   -1.86184E+02
   -9.00  -84.19   -1.93506E+02
   -3.00   84.19    3.71533E+01
   -3.00   78.39    2.98872E+01
   -3.00   72.58    2.44310E+01
   -3.00   66.77    2.10435E+01
   -3.00   60.97    1.94569E+01
   -3.00   55.16    1.90508E+01
   -3.00   49.35    1.90842E+01
   -3.00   43.55    1.89149E+01
   -3.00   37.74    1.81509E+01
   -3.00   31.94    1.67079E+01
   -3.00   26.13    1.47788E+01
   -3.00   20.32    1.27351E+01
   -3.00   14.52    1.09936E+01
   -3.00    8.71    9.87706E+00
   -3.00    2.90    9.49417E+00
   -3.00   -2.90    9.65417E+00
   -3.00   -8.71    9.83087E+00
   -3.00  -14.52    9.18404E+00
   -3.00  -20.32    6.64380E+00
   -3.00  -26.13    1.05609E+00
   -3.00  -31.94   -8.62260E+00
   -3.00  -37.74   -2.31049E+01
   -3.00  -43.55   -4.25613E+01
   -3.00  -49.35   -6.64593E+01
   -3.00  -55.16   -9.34938E+01
   -3.00  -60.97   -1.21641E+02
   -3.00  -66.77   -1.48351E+02
   -3.00  -72.58   -1.70862E+02
   -3.00  -78.39   -1.86612E+02
   -3.00  -84.19   -1.93656E+02
    3.00   84.19    3.72315E+01
    3.00   78.39    3.00926E+01
    3.00   72.58    2.48018E+01
    3.00   66.77    2.16365E+01
    3.00   60.97    2.03890E+01
    3.00   55.16    2.05212E+01
    3.00   49.35    2.13531E+01
    3.00   43.55    2.22367E+01
    3.00   37.74    2.26855E+01
    3.00   31.94    2.24521E+01
    3.00   26.13    2.15547E+01
    3.00   20.32    2.02513E+01
    3.00   14.52    1.89606E+01
    3.00    8.71    1.81291E+01
    3.00    2.90    1.80596E+01
    3.00   -2.90    1.87344E+01
    3.00   -8.71    1.96844E+01
    3.00  -14.52    1.99551E+01
    3.00  -20.32    1.82058E+01
    3.00  -26.13    1.29397E+01
    3.00  -31.94    2.82507E+00
    3.00  -37.74   -1.29646E+01
    3.00  -43.55   -3.44766E+01
    3.00  -49.35   -6.08392E+01
    3.00  -55.16   -9.02932E+01
    3.00  -60.97   -1.20390E+02
    3.00  -66.77   -1.48319E+02
    3.00  -72.58   -1.71298E+02
    3.00  -78.39   -1.86972E+02
    3.00  -84.19   -1.93749E+02
    9.00   84.19    3.73712E+01
    9.00   78.39    3.03614E+01
    9.00   72.58    2.51875E+01
    9.00   66.77    2.21642E+01
    9.00   60.97    2.11657E+01
    9.00   55.16    2.17543E+01
    9.00   49.35    2.33235E+01
    9.00   43.55    2.52246E+01
    9.00   37.74    2.68767E+01
    9.00   31.94    2.78645E+01
    9.00   26.13    2.80231E+01
    9.00   20.32    2.74855E+01
    9.00   14.52    2.66582E+01
    9.00    8.71    2.60976E+01
    9.00    2.90    2.62907E+01
    9.00   -2.90    2.73917E+01
    9.00   -8.71    2.89983E+01
    9.00  -14.52    3.00630E+01
    9.00  -20.32    2.90014E+01
    9.00  -26.13    2.40003E+01
    9.00  -31.94    1.34580E+01
    9.00  -37.74   -3.56238E+00
    9.00  -43.55   -2.69966E+01
    9.00  -49.35   -5.56568E+01
    9.00  -55.16   -8.73577E+01
    9.00  -60.97   -1.19252E+02
    9.00  -66.77   -1.48286E+02
    9.00  -72.58   -1.71664E+02
    9.00  -78.39   -1.87243E+02
    9.00  -84.19   -1.93778E+02
   15.00   84.19    3.75712E+01
   15.00   78.39    3.06937E+01
   15.00   72.58    2.55921E+01
   15.00   66.77    2.26327E+01
   15.00   60.97    2.17830E+01
   15.00   55.16    2.27121E+01
   15.00   49.35    2.48889E+01
   15.00   43.55    2.76679E+01
   15.00   37.74    3.03825E+01
   15.00   31.94    3.24637E+01
   15.00   26.13    3.35786E+01
   15.00   20.32    3.37438E+01
   15.00   14.52    3.33500E+01
   15.00    8.71    3.30463E+01
   15.00    2.90    3.34805E+01
   15.00   -2.90    3.49578E+01
   15.00   -8.71    3.71370E+01
   15.00  -14.52    3.88917E+01
   15.00  -20.32    3.84268E+01
   15.00  -26.13    3.36531E+01
   15.00  -31.94    2.27322E+01
   15.00  -37.74    4.63004E+00
   15.00  -43.55   -2.04908E+01
   15.00  -49.35   -5.11631E+01
   15.00  -55.16   -8.48238E+01
   15.00  -60.97   -1.18272E+02
   15.00  -66.77   -1.48240E+02
   15.00  -72.58   -1.71932E+02
   15.00  -78.39   -1.87403E+02
   15.00  -84.19   -1.93736E+02
   21.00   84.19    3.78305E+01
   21.00   78.39    3.10914E+01
   21.00   72.58    2.60238E+01
   21.00   66.77    2.30546E+01
   21.00   60.97    2.22462E+01
   21.00   55.16    2.33688E+01
   21.00   49.35    2.59605E+01
   21.00   43.55    2.93817E+01
   21.00   37.74    3.28980E+01
   21.00   31.94    3.58193E+01
   21.00   26.13    3.76814E+01
   21.00   20.32    3.84119E+01
   21.00   14.52    3.83916E+01
   21.00    8.71    3.83429E+01
   21.00    2.90    3.90367E+01
   21.00   -2.90    4.08906E+01
   21.00   -8.71    4.36023E+01
   21.00  -14.52    4.59731E+01
   21.00  -20.32    4.60325E+01
   21.00  -26.13    4.14671E+01
   21.00  -31.94    3.02488E+01
   21.00  -37.74    1.12687E+01
   21.00  -43.55   -1.52251E+01
   21.00  -49.35   -4.75324E+01
   21.00  -55.16   -8.27767E+01
   21.00  -60.97   -1.17465E+02
   21.00  -66.77   -1.48159E+02
   21.00  -72.58   -1.72068E+02
   21.00  -78.39   -1.87428E+02
   21.00  -84.19   -1.93617E+02
   27.00   84.19    3.81482E+01
   27.00   78.39    3.15582E+01
   27.00   72.58    2.64948E+01
   27.00   66.77    2.34488E+01
   27.00   60.97    2.25708E+01
   27.00   55.16    2.37176E+01
   27.00   49.35    2.64842E+01
   27.00   43.55    3.02393E+01
   27.00   37.74    3.42071E+01
   27.00   31.94    3.76227E+01
   27.00   26.13    3.99448E+01
   27.00   20.32    4.10531E+01
   27.00   14.52    4.13310E+01
   27.00    8.71    4.15521E+01
   27.00    2.90    4.25621E+01
   27.00   -2.90    4.48379E+01
   27.00   -8.71    4.80808E+01
   27.00  -14.52    5.10205E+01
   27.00  -20.32    5.15481E+01
   27.00  -26.13    4.71858E+01
   27.00  -31.94    3.57728E+01
   27.00  -37.74    1.61556E+01
   27.00  -43.55   -1.13453E+01
   27.00  -49.35   -4.48491E+01
   27.00  -55.16   -8.12425E+01
   27.00  -60.97   -1.16814E+02
   27.00  -66.77   -1.48002E+02
   27.00  -72.58   -1.72033E+02
   27.00  -78.39   -1.87297E+02
   27.00  -84.19   -1.93415E+02
   33.00   84.19    3.85233E+01
   33.00   78.39    3.20987E+01
   33.00   72.58    2.70194E+01
   33.00   66.77    2.38391E+01
   33.00   60.97    2.27840E+01
   33.00   55.16    2.37771E+01
   33.00   49.35    2.64548E+01
   33.00   43.55    3.01987E+01
   33.00   37.74    3.42227E+01
   33.00   31.94    3.77421E+01
   33.00   26.13    4.02009E+01
   33.00   20.32    4.14793E+01
   33.00   14.52    4.19779E+01
   33.00    8.71    4.24969E+01
   33.00    2.90    4.39027E+01
   33.00   -2.90    4.66701E+01
   33.00   -8.71    5.04633E+01
   33.00  -14.52    5.39379E+01
   33.00  -20.32    5.48853E+01
   33.00  -26.13    5.07276E+01
   33.00  -31.94    3.92344E+01
   33.00  -37.74    1.92405E+01
   33.00  -43.55   -8.87376E+00
   33.00  -49.35   -4.31049E+01
   33.00  -55.16   -8.01858E+01
   33.00  -60.97   -1.16268E+02
   33.00  -66.77   -1.47718E+02
   33.00  -72.58   -1.71786E+02
   33.00  -78.39   -1.86987E+02
   33.00  -84.19   -1.93126E+02
   39.00   84.19    3.89549E+01
   39.00   78.39    3.27183E+01
   39.00   72.58    2.76141E+01
   39.00   66.77    2.42542E+01
   39.00   60.97    2.29248E+01
   39.00   55.16    2.35937E+01
   39.00   49.35    2.59246E+01
   39.00   43.55    2.93173E+01
   39.00   37.74    3.30086E+01
   39.00   31.94    3.62499E+01
   39.00   26.13    3.85323E+01
   39.00   20.32    3.97829E+01
   39.00   14.52    4.04322E+01
   39.00    8.71    4.12805E+01
   39.00    2.90    4.31601E+01
   39.00   -2.90    4.64838E+01
   39.00   -8.71    5.08396E+01
   39.00  -14.52    5.48085E+01
   39.00  -20.32    5.61235E+01
   39.00  -26.13    5.21719E+01
   39.00  -31.94    4.07162E+01
   39.00  -37.74    2.06113E+01
   39.00  -43.55   -7.71740E+00
   39.00  -49.35   -4.22042E+01
   39.00  -55.16   -7.95142E+01
   39.00  -60.97   -1.15745E+02
   39.00  -66.77   -1.47243E+02
   39.00  -72.58   -1.71288E+02
   39.00  -78.39   -1.86481E+02
   39.00  -84.19   -1.92747E+02
   45.00   84.19    3.94416E+01
   45.00   78.39    3.34224E+01
   45.00   72.58    2.82961E+01
   45.00   66.77    2.47259E+01
   45.00   60.97    2.30431E+01
   45.00   55.16    2.32421E+01
   45.00   49.35    2.50027E+01
   45.00   43.55    2.77506E+01
   45.00   37.74    3.07766E+01
   45.00   31.94    3.34169E+01
   45.00   26.13    3.52622E+01
   45.00   20.32    3.63226E+01
   45.00   14.52    3.70653E+01
   45.00    8.71    3.82639E+01
   45.00    2.90    4.06674E+01
   45.00   -2.90    4.45760E+01
   45.00   -8.71    4.94723E+01
   45.00  -14.52    5.38699E+01
   45.00  -20.32    5.54860E+01
   45.00  -26.13    5.17358E+01
   45.00  -31.94    4.04318E+01
   45.00  -37.74    2.04751E+01
   45.00  -43.55   -7.68343E+00
   45.00  -49.35   -4.19772E+01
   45.00  -55.16   -7.90884E+01
   45.00  -60.97   -1.15140E+02
   45.00  -66.77   -1.46504E+02
   45.00  -72.58   -1.70497E+02
   45.00  -78.39   -1.85762E+02
   45.00  -84.19   -1.92276E+02
   51.00   84.19    3.99818E+01
   51.00   78.39    3.42163E+01
   51.00   72.58    2.90825E+01
   51.00   66.77    2.52881E+01
   51.00   60.97    2.31974E+01
   51.00   55.16    2.28194E+01
   51.00   49.35    2.38451E+01
   51.00   43.55    2.57353E+01
   51.00   37.74    2.78595E+01
   51.00   31.94    2.96747E+01
   51.00   26.13    3.09059E+01
   51.00   20.32    3.16674E+01
   51.00   14.52    3.24607E+01
   51.00    8.71    3.40074E+01
   51.00    2.90    3.69352E+01
   51.00   -2.90    4.13973E+01
   51.00   -8.71    4.67575E+01
   51.00  -14.52    5.14797E+01
   51.00  -20.32    5.33093E+01
   51.00  -26.13    4.97465E+01
   51.00  -31.94    3.87001E+01
   51.00  -37.74    1.91335E+01
   51.00  -43.55   -8.50150E+00
   51.00  -49.35   -4.21985E+01
   51.00  -55.16   -7.87359E+01
   51.00  -60.97   -1.14333E+02
   51.00  -66.77   -1.45433E+02
   51.00  -72.58   -1.69381E+02
   51.00  -78.39   -1.84821E+02
   51.00  -84.19   -1.91715E+02
   57.00   84.19    4.05735E+01
   57.00   78.39    3.51041E+01
   57.00   72.58    2.99897E+01
   57.00   66.77    2.59749E+01
   57.00   60.97    2.34508E+01
   57.00   55.16    2.24371E+01
   57.00   49.35    2.26380E+01
   57.00   43.55    2.35589E+01
   57.00   37.74    2.46649E+01
   57.00   31.94    2.55520E+01
   57.00   26.13    2.60930E+01
   57.00   20.32    2.65089E+01
   57.00   14.52    2.73238E+01
   57.00    8.71    2.91853E+01
   57.00    2.90    3.25763E+01
   57.00   -2.90    3.74893E+01
   57.00   -8.71    4.31753E+01
   57.00  -14.52    4.80761E+01
   57.00  -20.32    5.00104E+01
   57.00  -26.13    4.66107E+01
   57.00  -31.94    3.59151E+01
   57.00  -37.74    1.69540E+01
   57.00  -43.55   -9.85012E+00
   57.00  -49.35   -4.26093E+01
   57.00  -55.16   -7.82683E+01
   57.00  -60.97   -1.13204E+02
   57.00  -66.77   -1.43962E+02
   57.00  -72.58   -1.67912E+02
   57.00  -78.39   -1.83653E+02
   57.00  -84.19   -1.91067E+02
   63.00   84.19    4.12140E+01
   63.00   78.39    3.60891E+01
   63.00   72.58    3.10321E+01
   63.00   66.77    2.68187E+01
   63.00   60.97    2.38662E+01
   63.00   55.16    2.22095E+01
   63.00   49.35    2.15748E+01
   63.00   43.55    2.15221E+01
   63.00   37.74    2.16181E+01
   63.00   31.94    2.15981E+01
   63.00   26.13    2.14741E+01
   63.00   20.32    2.15578E+01
   63.00   14.52    2.23766E+01
   63.00    8.71    2.44875E+01
   63.00    2.90    2.82207E+01
   63.00   -2.90    3.34158E+01
   63.00   -8.71    3.92349E+01
   63.00  -14.52    4.41347E+01
   63.00  -20.32    4.60497E+01
   63.00  -26.13    4.27806E+01
   63.00  -31.94    3.25132E+01
   63.00  -37.74    1.43377E+01
   63.00  -43.55   -1.13861E+01
   63.00  -49.35   -4.29420E+01
   63.00  -55.16   -7.75002E+01
   63.00  -60.97   -1.11644E+02
   63.00  -66.77   -1.42041E+02
   63.00  -72.58   -1.66075E+02
   63.00  -78.39   -1.82261E+02
   63.00  -84.19   -1.90336E+02
   69.00   84.19    4.18999E+01
   69.00   78.39    3.71726E+01
   69.00   72.58    3.22214E+01
   69.00   66.77    2.78482E+01
   69.00   60.97    2.45007E+01
   69.00   55.16    2.22419E+01
   69.00   49.35    2.08340E+01
   69.00   43.55    1.98999E+01
   69.00   37.74    1.91049E+01
   69.00   31.94    1.83063E+01
   69.00   26.13    1.76284E+01
   69.00   20.32    1.74428E+01
   69.00   14.52    1.82559E+01
   69.00    8.71    2.05238E+01
   69.00    2.90    2.44323E+01
   69.00   -2.90    2.96937E+01
   69.00   -8.71    3.54189E+01
   69.00  -14.52    4.01223E+01
   69.00  -20.32    4.18905E+01
   69.00  -26.13    3.87159E+01
   69.00  -31.94    2.89363E+01
   69.00  -37.74    1.16849E+01
   69.00  -43.55   -1.27758E+01
   69.00  -49.35   -4.29464E+01
   69.00  -55.16   -7.62680E+01
   69.00  -60.97   -1.09564E+02
   69.00  -66.77   -1.39637E+02
   69.00  -72.58   -1.63871E+02
   69.00  -78.39   -1.80655E+02
   69.00  -84.19   -1.89532E+02
   75.00   84.19    4.26270E+01
   75.00   78.39    3.83537E+01
   75.00   72.58    3.35656E+01
   75.00   66.77    2.90859E+01
   75.00   60.97    2.54014E+01
   75.00   55.16    2.26201E+01
   75.00   49.35    2.05584E+01
   75.00   43.55    1.89082E+01
   75.00   37.74    1.74225E+01
   75.00   31.94    1.60509E+01
   75.00   26.13    1.49890E+01
   75.00   20.32    1.46289E+01
   75.00   14.52    1.54309E+01
   75.00    8.71    1.77471E+01
   75.00    2.90    2.16398E+01
   75.00   -2.90    2.67327E+01
   75.00   -8.71    3.21320E+01
   75.00  -14.52    3.64507E+01
   75.00  -20.32    3.79566E+01
   75.00  -26.13    3.48433E+01
   75.00  -31.94    2.55929E+01
   75.00  -37.74    9.35880E+00
   75.00  -43.55   -1.37258E+01
   75.00  -49.35   -4.24133E+01
   75.00  -55.16   -7.44468E+01
   75.00  -60.97   -1.06909E+02
   75.00  -66.77   -1.36744E+02
   75.00  -72.58   -1.61316E+02
   75.00  -78.39   -1.78855E+02
   75.00  -84.19   -1.88665E+02
   81.00   84.19    4.33902E+01
   81.00   78.39    3.96293E+01
   81.00   72.58    3.50685E+01
   81.00   66.77    3.05471E+01
   81.00   60.97    2.66007E+01
   81.00   55.16    2.34026E+01
   81.00   49.35    2.08409E+01
   81.00   43.55    1.86820E+01
   81.00   37.74    1.67489E+01
   81.00   31.94    1.50471E+01
   81.00   26.13    1.37962E+01
   81.00   20.32    1.33677E+01
   81.00   14.52    1.41528E+01
   81.00    8.71    1.64044E+01
   81.00    2.90    2.00912E+01
   81.00   -2.90    2.47933E+01
   81.00   -8.71    2.96592E+01
   81.00  -14.52    3.34367E+01
   81.00  -20.32    3.45913E+01
   81.00  -26.13    3.15163E+01
   81.00  -31.94    2.28204E+01
   81.00  -37.74    7.65219E+00
   81.00  -43.55   -1.40109E+01
   81.00  -49.35   -4.11963E+01
   81.00  -55.16   -7.19655E+01
   81.00  -60.97   -1.03669E+02
   81.00  -66.77   -1.33385E+02
   81.00  -72.58   -1.58443E+02
   81.00  -78.39   -1.76888E+02
   81.00  -84.19   -1.87746E+02
   87.00   84.19    4.41836E+01
   87.00   78.39    4.09935E+01
   87.00   72.58    3.67286E+01
   87.00   66.77    3.22380E+01
   87.00   60.97    2.81146E+01
   87.00   55.16    2.46157E+01
   87.00   49.35    2.17183E+01
   87.00   43.55    1.92652E+01
   87.00   37.74    1.71311E+01
   87.00   31.94    1.53384E+01
   87.00   26.13    1.40857E+01
   87.00   20.32    1.36854E+01
   87.00   14.52    1.44438E+01
   87.00    8.71    1.65254E+01
   87.00    2.90    1.98395E+01
   87.00   -2.90    2.39682E+01
   87.00   -8.71    2.81433E+01
   87.00  -14.52    3.12731E+01
   87.00  -20.32    3.20262E+01
   87.00  -26.13    2.89821E+01
   87.00  -31.94    2.08533E+01
   87.00  -37.74    6.75956E+00
   87.00  -43.55   -1.34963E+01
   87.00  -49.35   -3.92271E+01
   87.00  -55.16   -6.88155E+01
   87.00  -60.97   -9.98755E+01
   87.00  -66.77   -1.29612E+02
   87.00  -72.58   -1.55305E+02
   87.00  -78.39   -1.74789E+02
   87.00  -84.19   -1.86791E+02
   93.00   84.19    4.50001E+01
   93.00   78.39    4.24372E+01
   93.00   72.58    3.85390E+01
   93.00   66.77    3.41551E+01
   93.00   60.97    2.99412E+01
   93.00   55.16    2.62535E+01
   93.00   49.35    2.31716E+01
   93.00   43.55    2.06156E+01
   93.00   37.74    1.84935E+01
   93.00   31.94    1.68115E+01
   93.00   26.13    1.57080E+01
   93.00   20.32    1.54074E+01
   93.00   14.52    1.61226E+01
   93.00    8.71    1.79457E+01
   93.00    2.90    2.07604E+01
   93.00   -2.90    2.41905E+01
   93.00   -8.71    2.75826E+01
   93.00  -14.52    3.00185E+01
   93.00  -20.32    3.03630E+01
   93.00  -26.13    2.73610E+01
   93.00  -31.94    1.98032E+01
   93.00  -37.74    6.76003E+00
   93.00  -43.55   -1.21499E+01
   93.00  -49.35   -3.65234E+01
   93.00  -55.16   -6.50557E+01
   93.00  -60.97   -9.56123E+01
   93.00  -66.77   -1.25512E+02
   93.00  -72.58   -1.51971E+02
   93.00  -78.39   -1.72601E+02
   93.00  -84.19   -1.85815E+02
   99.00   84.19    4.58318E+01
   99.00   78.39    4.39485E+01
   99.00   72.58    4.04867E+01
   99.00   66.77    3.62847E+01
   99.00   60.97    3.20612E+01
   99.00   55.16    2.82804E+01
   99.00   49.35    2.51337E+01
   99.00   43.55    2.26185E+01
   99.00   37.74    2.06625E+01
   99.00   31.94    1.92304E+01
   99.00   26.13    1.83735E+01
   99.00   20.32    1.82101E+01
   99.00   14.52    1.88592E+01
   99.00    8.71    2.03584E+01
   99.00    2.90    2.25958E+01
   99.00   -2.90    2.52668E+01
   99.00   -8.71    2.78515E+01
   99.00  -14.52    2.96060E+01
   99.00  -20.32    2.95750E+01
   99.00  -26.13    2.66429E+01
   99.00  -31.94    1.96536E+01
   99.00  -37.74    7.61340E+00
   99.00  -43.55   -1.00442E+01
   99.00  -49.35   -3.31886E+01
   99.00  -55.16   -6.08095E+01
   99.00  -60.97   -9.10060E+01
   99.00  -66.77   -1.21196E+02
   99.00  -72.58   -1.48525E+02
   99.00  -78.39   -1.70373E+02
   99.00  -84.19   -1.84838E+02
  105.00   84.19    4.66697E+01
  105.00   78.39    4.55121E+01
  105.00   72.58    4.25525E+01
  105.00   66.77    3.86031E+01
  105.00   60.97    3.44393E+01
  105.00   55.16    3.06358E+01
  105.00   49.35    2.75003E+01
  105.00   43.55    2.51081E+01
  105.00   37.74    2.33991E+01
  105.00   31.94    2.22831E+01
  105.00   26.13    2.17105E+01
  105.00   20.32    2.16874E+01
  105.00   14.52    2.22442E+01
  105.00    8.71    2.33810E+01
  105.00    2.90    2.50128E+01
  105.00   -2.90    2.69249E+01
  105.00   -8.71    2.87367E+01
  105.00  -14.52    2.98694E+01
  105.00  -20.32    2.95249E+01
  105.00  -26.13    2.67000E+01
  105.00  -31.94    2.02707E+01
  105.00  -37.74    9.17000E+00
  105.00  -43.55   -7.34658E+00
  105.00  -49.35   -2.94023E+01
  105.00  -55.16   -5.62572E+01
  105.00  -60.97   -8.62224E+01
  105.00  -66.77   -1.16802E+02
  105.00  -72.58   -1.45062E+02
  105.00  -78.39   -1.68158E+02
  105.00  -84.19   -1.83876E+02
  111.00   84.19    4.75043E+01
  111.00   78.39    4.71093E+01
  111.00   72.58    4.47110E+01
  111.00   66.77    4.10763E+01
  111.00   60.97    3.70260E+01
  111.00   55.16    3.32399E+01
  111.00   49.35    3.01429E+01
  111.00   43.55    2.78901E+01
  111.00   37.74    2.64341E+01
  111.00   31.94    2.56291E+01
  111.00   26.13    2.53242E+01
  111.00   20.32    2.54167E+01
  111.00   14.52    2.58575E+01
  111.00    8.71    2.66222E+01
  111.00    2.90    2.76647E+01
  111.00   -2.90    2.88665E+01
  111.00   -8.71    2.99816E+01
  111.00  -14.52    3.05795E+01
  111.00  -20.32    2.99954E+01
  111.00  -26.13    2.73142E+01
  111.00  -31.94    2.14273E+01
  111.00  -37.74    1.11924E+01
  111.00  -43.55   -4.30052E+00
  111.00  -49.35   -2.54046E+01
  111.00  -55.16   -5.16228E+01
  111.00  -60.97   -8.14554E+01
  111.00  -66.77   -1.12480E+02
  111.00  -72.58   -1.41685E+02
  111.00  -78.39   -1.66012E+02
  111.00  -84.19   -1.82949E+02
  117.00   84.19    4.83249E+01
  117.00   78.39    4.87187E+01
  117.00   72.58    4.69304E+01
  117.00   66.77    4.36616E+01
  117.00   60.97    3.97598E+01
  117.00   55.16    3.59999E+01
  117.00   49.35    3.29211E+01
  117.00   43.55    3.07628E+01
  117.00   37.74    2.94997E+01
  117.00   31.94    2.89410E+01
  117.00   26.13    2.88461E+01
  117.00   20.32    2.90139E+01
  117.00   14.52    2.93247E+01
  117.00    8.71    2.97355E+01
  117.00    2.90    3.02409E+01
  117.00   -2.90    3.08128E+01
  117.00   -8.71    3.13271E+01
  117.00  -14.52    3.14824E+01
  117.00  -20.32    3.07255E+01
  117.00  -26.13    2.82107E+01
  117.00  -31.94    2.28351E+01
  117.00  -37.74    1.33847E+01
  117.00  -43.55   -1.19943E+00
  117.00  -49.35   -2.14742E+01
  117.00  -55.16   -4.71571E+01
  117.00  -60.97   -7.69157E+01
  117.00  -66.77   -1.08391E+02
  117.00  -72.58   -1.38502E+02
  117.00  -78.39   -1.63990E+02
  117.00  -84.19   -1.82075E+02
  123.00   84.19    4.91207E+01
  123.00   78.39    5.03161E+01
  123.00   72.58    4.91735E+01
  123.00   66.77    4.63072E+01
  123.00   60.97    4.25699E+01
  123.00   55.16    3.88155E+01
  123.00   49.35    3.56932E+01
  123.00   43.55    3.35344E+01
  123.00   37.74    3.23528E+01
  123.00   31.94    3.19342E+01
  123.00   26.13    3.19680E+01
  123.00   20.32    3.21687E+01
  123.00   14.52    3.23518E+01
  123.00    8.71    3.24532E+01
  123.00    2.90    3.24982E+01
  123.00   -2.90    3.25346E+01
  123.00   -8.71    3.25426E+01
  123.00  -14.52    3.23319E+01
  123.00  -20.32    3.14447E+01
  123.00  -26.13    2.90938E+01
  123.00  -31.94    2.41798E+01
  123.00  -37.74    1.54252E+01
  123.00  -43.55    1.64170E+00
  123.00  -49.35   -1.79050E+01
  123.00  -55.16   -4.31196E+01
  123.00  -60.97   -7.28169E+01
  123.00  -66.77   -1.04696E+02
  123.00  -72.58   -1.35617E+02
  123.00  -78.39   -1.62148E+02
  123.00  -84.19   -1.81271E+02
  129.00   84.19    4.98800E+01
  129.00   78.39    5.18747E+01
  129.00   72.58    5.13978E+01
  129.00   66.77    4.89546E+01
  129.00   60.97    4.53781E+01
  129.00   55.16    4.15831E+01
  129.00   49.35    3.83237E+01
  129.00   43.55    3.60342E+01
  129.00   37.74    3.47908E+01
  129.00   31.94    3.43845E+01
  129.00   26.13    3.44598E+01
  129.00   20.32    3.46612E+01
  129.00   14.52    3.47396E+01
  129.00    8.71    3.45978E+01
  129.00    2.90    3.42725E+01
  129.00   -2.90    3.38661E+01
  129.00   -8.71    3.34437E+01
  129.00  -14.52    3.29120E+01
  129.00  -20.32    3.19002E+01
  129.00  -26.13    2.96777E+01
  129.00  -31.94    2.51529E+01
  129.00  -37.74    1.69977E+01
  129.00  -43.55    3.91441E+00
  129.00  -49.35   -1.49827E+01
  129.00  -55.16   -3.97601E+01
  129.00  -60.97   -6.93625E+01
  129.00  -66.77   -1.01545E+02
  129.00  -72.58   -1.33125E+02
  129.00  -78.39   -1.60534E+02
  129.00  -84.19   -1.80554E+02
  135.00   84.19    5.05914E+01
  135.00   78.39    5.33661E+01
  135.00   72.58    5.35566E+01
  135.00   66.77    5.15389E+01
  135.00   60.97    4.81013E+01
  135.00   55.16    4.41999E+01
  135.00   49.35    4.06892E+01
  135.00   43.55    3.81197E+01
  135.00   37.74    3.66581E+01
  135.00   31.94    3.61336E+01
  135.00   26.13    3.61726E+01
  135.00   20.32    3.63609E+01
  135.00   14.52    3.63791E+01
  135.00    8.71    3.60766E+01
  135.00    2.90    3.54743E+01
  135.00   -2.90    3.47037E+01
  135.00   -8.71    3.38973E+01
  135.00  -14.52    3.30498E+01
  135.00  -20.32    3.18774E+01
  135.00  -26.13    2.97116E+01
  135.00  -31.94    2.54799E+01
  135.00  -37.74    1.78186E+01
  135.00  -43.55    5.34187E+00
  135.00  -49.35   -1.29632E+01
  135.00  -55.16   -3.73016E+01
  135.00  -60.97   -6.67330E+01
  135.00  -66.77   -9.90712E+01
  135.00  -72.58   -1.31113E+02
  135.00  -78.39   -1.59191E+02
  135.00  -84.19   -1.79937E+02
  141.00   84.19    5.12433E+01
  141.00   78.39    5.47607E+01
  141.00   72.58    5.56003E+01
  141.00   66.77    5.39913E+01
  141.00   60.97    5.06540E+01
  141.00   55.16    4.65670E+01
  141.00   49.35    4.26815E+01
  141.00   43.55    3.96794E+01
  141.00   37.74    3.78476E+01
  141.00   31.94    3.70873E+01
  141.00   26.13    3.70319E+01
  141.00   20.32    3.72160E+01
  141.00   14.52    3.72378E+01
  141.00    8.71    3.68664E+01
  141.00    2.90    3.60754E+01
  141.00   -2.90    3.49989E+01
  141.00   -8.71    3.38213E+01
  141.00  -14.52    3.26230E+01
  141.00  -20.32    3.12137E+01
  141.00  -26.13    2.89996E+01
  141.00  -31.94    2.49422E+01
  141.00  -37.74    1.76602E+01
  141.00  -43.55    5.70000E+00
  141.00  -49.35   -1.20546E+01
  141.00  -55.16   -3.59256E+01
  141.00  -60.97   -6.50754E+01
  141.00  -66.77   -9.73816E+01
  141.00  -72.58   -1.29648E+02
  141.00  -78.39   -1.58156E+02
  141.00  -84.19   -1.79431E+02
  147.00   84.19    5.18245E+01
  147.00   78.39    5.60288E+01
  147.00   72.58    5.74776E+01
  147.00   66.77    5.62411E+01
  147.00   60.97    5.29509E+01
  147.00   55.16    4.85922E+01
  147.00   49.35    4.42100E+01
  147.00   43.55    4.06332E+01
  147.00   37.74    3.82977E+01
  147.00   31.94    3.72080E+01
  147.00   26.13    3.70256E+01
  147.00   20.32    3.72373E+01
  147.00   14.52    3.73412E+01
  147.00    8.71    3.69959E+01
  147.00    2.90    3.60948E+01
  147.00   -2.90    3.47491E+01
  147.00   -8.71    3.31834E+01
  147.00  -14.52    3.15658E+01
  147.00  -20.32    2.98112E+01
  147.00  -26.13    2.74167E+01
  147.00  -31.94    2.33956E+01
  147.00  -37.74    1.63681E+01
  147.00  -43.55    4.83439E+00
  147.00  -49.35   -1.24023E+01
  147.00  -55.16   -3.57599E+01
  147.00  -60.97   -6.44936E+01
  147.00  -66.77   -9.65529E+01
  147.00  -72.58   -1.28780E+02
  147.00  -78.39   -1.57452E+02
  147.00  -84.19   -1.79046E+02
  153.00   84.19    5.23244E+01
  153.00   78.39    5.71411E+01
  153.00   72.58    5.91377E+01
  153.00   66.77    5.82180E+01
  153.00   60.97    5.49102E+01
  153.00   55.16    5.01927E+01
  153.00   49.35    4.52031E+01
  153.00   43.55    4.09312E+01
  153.00   37.74    3.79871E+01
  153.00   31.94    3.65050E+01
  153.00   26.13    3.61908E+01
  153.00   20.32    3.64814E+01
  153.00   14.52    3.67557E+01
  153.00    8.71    3.65310E+01
  153.00    2.90    3.55885E+01
  153.00   -2.90    3.39939E+01
  153.00   -8.71    3.20033E+01
  153.00  -14.52    2.98767E+01
  153.00  -20.32    2.76480E+01
  153.00  -26.13    2.49229E+01
  153.00  -31.94    2.07852E+01
  153.00  -37.74    1.38765E+01
  153.00  -43.55    2.67324E+00
  153.00  -49.35   -1.40778E+01
  153.00  -55.16   -3.68702E+01
  153.00  -60.97   -6.50420E+01
  153.00  -66.77   -9.66254E+01
  153.00  -72.58   -1.28535E+02
  153.00  -78.39   -1.57094E+02
  153.00  -84.19   -1.78787E+02
  159.00   84.19    5.27336E+01
  159.00   78.39    5.80700E+01
  159.00   72.58    6.05316E+01
  159.00   66.77    5.98552E+01
  159.00   60.97    5.64564E+01
  159.00   55.16    5.12979E+01
  159.00   49.35    4.56092E+01
  159.00   43.55    4.05517E+01
  159.00   37.74    3.69291E+01
  159.00   31.94    3.50248E+01
  159.00   26.13    3.45997E+01
  159.00   20.32    3.50364E+01
  159.00   14.52    3.55753E+01
  159.00    8.71    3.55639E+01
  159.00    2.90    3.46438E+01
  159.00   -2.90    3.28152E+01
  159.00   -8.71    3.03580E+01
  159.00  -14.52    2.76284E+01
  159.00  -20.32    2.47911E+01
  159.00  -26.13    2.15764E+01
  159.00  -31.94    1.71572E+01
  159.00  -37.74    1.02181E+01
  159.00  -43.55   -7.63720E-01
  159.00  -49.35   -1.70720E+01
  159.00  -55.16   -3.92537E+01
  159.00  -60.97   -6.67212E+01
  159.00  -66.77   -9.76008E+01
  159.00  -72.58   -1.28914E+02
  159.00  -78.39   -1.57084E+02
  159.00  -84.19   -1.78655E+02
  165.00   84.19    5.30437E+01
  165.00   78.39    5.87906E+01
  165.00   72.58    6.16146E+01
  165.00   66.77    6.10920E+01
  165.00   60.97    5.75239E+01
  165.00   55.16    5.18524E+01
  165.00   49.35    4.53980E+01
  165.00   43.55    3.94995E+01
  165.00   37.74    3.51661E+01
  165.00   31.94    3.28421E+01
  165.00   26.13    3.23490E+01
  165.00   20.32    3.30100E+01
  165.00   14.52    3.39108E+01
  165.00    8.71    3.42071E+01
  165.00    2.90    3.33776E+01
  165.00   -2.90    3.13399E+01
  165.00   -8.71    2.83889E+01
  165.00  -14.52    2.49764E+01
  165.00  -20.32    2.14049E+01
  165.00  -26.13    1.75416E+01
  165.00  -31.94    1.26665E+01
  165.00  -37.74    5.53012E+00
  165.00  -43.55   -5.36113E+00
  165.00  -49.35   -2.12917E+01
  165.00  -55.16   -4.28378E+01
  165.00  -60.97   -6.94769E+01
  165.00  -66.77   -9.94418E+01
  165.00  -72.58   -1.29896E+02
  165.00  -78.39   -1.57414E+02
  165.00  -84.19   -1.78650E+02
  171.00   84.19    5.32477E+01
  171.00   78.39    5.92815E+01
  171.00   72.58    6.23479E+01
  171.00   66.77    6.18768E+01
  171.00   60.97    5.80600E+01
  171.00   55.16    5.18183E+01
  171.00   49.35    4.45609E+01
  171.00   43.55    3.78039E+01
  171.00   37.74    3.27647E+01
  171.00   31.94    3.00527E+01
  171.00   26.13    2.95513E+01
  171.00   20.32    3.05210E+01
  171.00   14.52    3.18837E+01
  171.00    8.71    3.25887E+01
  171.00    2.90    3.19351E+01
  171.00   -2.90    2.97412E+01
  171.00   -8.71    2.63035E+01
  171.00  -14.52    2.21613E+01
  171.00  -20.32    1.77531E+01
  171.00  -26.13    1.30899E+01
  171.00  -31.94    7.57516E+00
  171.00  -37.74    5.20578E-02
  171.00  -43.55   -1.09102E+01
  171.00  -49.35   -2.65619E+01
  171.00  -55.16   -4.74818E+01
  171.00  -60.97   -7.32016E+01
  171.00  -66.77   -1.02073E+02
  171.00  -72.58   -1.31436E+02
  171.00  -78.39   -1.58063E+02
  171.00  -84.19   -1.78768E+02
  177.00   84.19    5.33405E+01
  177.00   78.39    5.95260E+01
  177.00   72.58    6.27008E+01
  177.00   66.77    6.21699E+01
  177.00   60.97    5.80281E+01
  177.00   55.16    5.11779E+01
  177.00   49.35    4.31126E+01
  177.00   43.55    3.55185E+01
  177.00   37.74    2.98138E+01
  177.00   31.94    2.67693E+01
  177.00   26.13    2.63303E+01
  177.00   20.32    2.76956E+01
  177.00   14.52    2.96228E+01
  177.00    8.71    3.08501E+01
  177.00    2.90    3.04863E+01
  177.00   -2.90    2.82336E+01
  177.00   -8.71    2.43690E+01
  177.00  -14.52    1.94998E+01
  177.00  -20.32    1.41875E+01
  177.00  -26.13    8.58685E+00
  177.00  -31.94    2.24034E+00
  177.00  -37.74   -5.88571E+00
  177.00  -43.55   -1.71190E+01
  177.00  -49.35   -3.26349E+01
  177.00  -55.16   -5.29837E+01
  177.00  -60.97   -7.77398E+01
  177.00  -66.77   -1.05385E+02
  177.00  -72.58   -1.33467E+02
  177.00  -78.39   -1.59000E+02
  177.00  -84.19   -1.79001E+02
