    0.00   84.19    3.71846E+01
    0.00   78.39    2.99819E+01
    0.00   72.58    2.46146E+01
    0.00   66.77    2.13482E+01
    0.00   60.97    1.99418E+01
    0.00   55.16    1.98129E+01
    0.00   49.35    2.02491E+01
    0.00   43.55    2.06043E+01
    0.00   37.74    2.04397E+01
    0.00   31.94    1.95914E+01
    0.00   26.13    1.81673E+01
    0.00   20.32    1.64849E+01
    0.00   14.52    1.49641E+01
    0.00    8.71    1.39914E+01
    0.00    2.90    1.37726E+01
    0.00   -2.90    1.42026E+01
    0.00   -8.71    1.47817E+01
    0.00  -14.52    1.46096E+01
    0.00  -20.32    1.24780E+01
    0.00  -26.13    7.05921E+00
    0.00  -31.94   -2.83568E+00
    0.00  -37.74   -1.79762E+01
    0.00  -43.55   -3.84699E+01
    0.00  -49.35   -6.36127E+01
    0.00  -55.16   -9.18705E+01
    0.00  -60.97   -1.21005E+02
    0.00  -66.77   -1.48335E+02
    0.00  -72.58   -1.71087E+02
    0.00  -78.39   -1.86801E+02
    0.00  -84.19   -1.93710E+02
    6.00   84.19    3.72937E+01
    6.00   78.39    3.02191E+01
    6.00   72.58    2.49927E+01
    6.00   66.77    2.19083E+01
    6.00   60.97    2.07972E+01
    6.00   55.16    2.11700E+01
    6.00   49.35    2.23825E+01
    6.00   43.55    2.37858E+01
    6.00   37.74    2.48456E+01
    6.00   31.94    2.52302E+01
    6.00   26.13    2.48656E+01
    6.00   20.32    2.39476E+01
    6.00   14.52    2.28900E+01
    6.00    8.71    2.21960E+01
    6.00    2.90    2.22628E+01
    6.00   -2.90    2.31598E+01
    6.00   -8.71    2.44510E+01
    6.00  -14.52    2.51334E+01
    6.00  -20.32    2.37403E+01
    6.00  -26.13    1.86126E+01
    6.00  -31.94    8.28044E+00
    6.00  -37.74   -8.13909E+00
    6.00  -43.55   -3.06358E+01
    6.00  -49.35   -5.81760E+01
    6.00  -55.16   -8.87827E+01
    6.00  -60.97   -1.19804E+02
    6.00  -66.77   -1.48303E+02
    6.00  -72.58   -1.71492E+02
    6.00  -78.39   -1.87120E+02
    6.00  -84.19   -1.93772E+02
   12.00   84.19    3.74637E+01
   12.00   78.39    3.05195E+01
   12.00   72.58    2.53870E+01
   12.00   66.77    2.24052E+01
   12.00   60.97    2.14941E+01
   12.00   55.16    2.22696E+01
   12.00   49.35    2.41630E+01
   12.00   43.55    2.65269E+01
   12.00   37.74    2.87358E+01
   12.00   31.94    3.02947E+01
   12.00   26.13    3.09514E+01
   12.00   20.32    3.07781E+01
   12.00   14.52    3.01736E+01
   12.00    8.71    2.97426E+01
   12.00    2.90    3.00565E+01
   12.00   -2.90    3.13488E+01
   12.00   -8.71    3.32496E+01
   12.00  -14.52    3.46705E+01
   12.00  -20.32    3.39175E+01
   12.00  -26.13    2.90336E+01
   12.00  -31.94    1.82936E+01
   12.00  -37.74    7.09836E-01
   12.00  -43.55   -2.36026E+01
   12.00  -49.35   -5.33110E+01
   12.00  -55.16   -8.60339E+01
   12.00  -60.97   -1.18740E+02
   12.00  -66.77   -1.48266E+02
   12.00  -72.58   -1.71813E+02
   12.00  -78.39   -1.87338E+02
   12.00  -84.19   -1.93766E+02
   18.00   84.19    3.76935E+01
   18.00   78.39    3.08842E+01
   18.00   72.58    2.58039E+01
   18.00   66.77    2.28484E+01
   18.00   60.97    2.20331E+01
   18.00   55.16    2.30790E+01
   18.00   49.35    2.54908E+01
   18.00   43.55    2.86257E+01
   18.00   37.74    3.17802E+01
   18.00   31.94    3.43198E+01
   18.00   26.13    3.58403E+01
   18.00   20.32    3.63091E+01
   18.00   14.52    3.61108E+01
   18.00    8.71    3.59339E+01
   18.00    2.90    3.64929E+01
   18.00   -2.90    3.81554E+01
   18.00   -8.71    4.06031E+01
   18.00  -14.52    4.26732E+01
   18.00  -20.32    4.24783E+01
   18.00  -26.13    3.78102E+01
   18.00  -31.94    2.67288E+01
   18.00  -37.74    8.15950E+00
   18.00  -43.55   -1.76909E+01
   18.00  -49.35   -4.92324E+01
   18.00  -55.16   -8.37363E+01
   18.00  -60.97   -1.17847E+02
   18.00  -66.77   -1.48206E+02
   18.00  -72.58   -1.72019E+02
   18.00  -78.39   -1.87434E+02
   18.00  -84.19   -1.93687E+02
   24.00   84.19    3.79821E+01
   24.00   78.39    3.13159E+01
   24.00   72.58    2.62535E+01
   24.00   66.77    2.32538E+01
   24.00   60.97    2.24244E+01
   24.00   55.16    2.35812E+01
   24.00   49.35    2.62924E+01
   24.00   43.55    2.99224E+01
   24.00   37.74    3.37122E+01
   24.00   31.94    3.69279E+01
   24.00   26.13    3.90592E+01
   24.00   20.32    4.00041E+01
   24.00   14.52    4.01426E+01
   24.00    8.71    4.02260E+01
   24.00    2.90    4.10689E+01
   24.00   -2.90    4.31260E+01
   24.00   -8.71    4.61015E+01
   24.00  -14.52    4.87615E+01
   24.00  -20.32    4.90612E+01
   24.00  -26.13    4.45975E+01
   24.00  -31.94    3.32680E+01
   24.00  -37.74    1.39377E+01
   24.00  -43.55   -1.31077E+01
   24.00  -49.35   -4.60707E+01
   24.00  -55.16   -8.19463E+01
   24.00  -60.97   -1.17123E+02
   24.00  -66.77   -1.48093E+02
   24.00  -72.58   -1.72074E+02
   24.00  -78.39   -1.87383E+02
   24.00  -84.19   -1.93527E+02
   30.00   84.19    3.83286E+01
   30.00   78.39    3.18189E+01
   30.00   72.58    2.67494E+01
   30.00   66.77    2.36427E+01
   30.00   60.97    2.26892E+01
   30.00   55.16    2.37813E+01
   30.00   49.35    2.65367E+01
   30.00   43.55    3.03301E+01
   30.00   37.74    3.43762E+01
   30.00   31.94    3.78933E+01
   30.00   26.13    4.03245E+01
   30.00   20.32    4.15439E+01
   30.00   14.52    4.19416E+01
   30.00    8.71    4.23076E+01
   30.00    2.90    4.35050E+01
   30.00   -2.90    4.60175E+01
   30.00   -8.71    4.95329E+01
   30.00  -14.52    5.27442E+01
   30.00  -20.32    5.34877E+01
   30.00  -26.13    4.92274E+01
   30.00  -31.94    3.77596E+01
   30.00  -37.74    1.79208E+01
   30.00  -43.55   -9.93674E+00
   30.00  -49.35   -4.38637E+01
   30.00  -55.16   -8.06589E+01
   30.00  -60.97   -1.16533E+02
   30.00  -66.77   -1.47880E+02
   30.00  -72.58   -1.71938E+02
   30.00  -78.39   -1.87165E+02
   30.00  -84.19   -1.93282E+02
   36.00   84.19    3.87321E+01
   36.00   78.39    3.23982E+01
   36.00   72.58    2.73069E+01
   36.00   66.77    2.40417E+01
   36.00   60.97    2.28606E+01
   36.00   55.16    2.37117E+01
   36.00   49.35    2.62468E+01
   36.00   43.55    2.98556E+01
   36.00   37.74    3.37594E+01
   36.00   31.94    3.71849E+01
   36.00   26.13    3.95923E+01
   36.00   20.32    4.08798E+01
   36.00   14.52    4.14618E+01
   36.00    8.71    4.21418E+01
   36.00    2.90    4.37759E+01
   36.00   -2.90    4.68149E+01
   36.00   -8.71    5.08895E+01
   36.00  -14.52    5.46174E+01
   36.00  -20.32    5.57558E+01
   36.00  -26.13    5.17013E+01
   36.00  -31.94    4.02122E+01
   36.00  -37.74    2.01297E+01
   36.00  -43.55   -8.14113E+00
   36.00  -49.35   -4.25581E+01
   36.00  -55.16   -7.98096E+01
   36.00  -60.97   -1.16010E+02
   36.00  -66.77   -1.47509E+02
   36.00  -72.58   -1.71571E+02
   36.00  -78.39   -1.86760E+02
   36.00  -84.19   -1.92948E+02
   42.00   84.19    3.91914E+01
   42.00   78.39    3.30594E+01
   42.00   72.58    2.79431E+01
   42.00   66.77    2.44809E+01
   42.00   60.97    2.29833E+01
   42.00   55.16    2.34333E+01
   42.00   49.35    2.55038E+01
   42.00   43.55    2.86065E+01
   42.00   37.74    3.20014E+01
   42.00   31.94    3.49772E+01
   42.00   26.13    3.70689E+01
   42.00   20.32    3.82417E+01
   42.00   14.52    3.89440E+01
   42.00    8.71    3.99659E+01
   42.00    2.90    4.21040E+01
   42.00   -2.90    4.57199E+01
   42.00   -8.71    5.03517E+01
   42.00  -14.52    5.45454E+01
   42.00  -20.32    5.60205E+01
   42.00  -26.13    5.21707E+01
   42.00  -31.94    4.07770E+01
   42.00  -37.74    2.07146E+01
   42.00  -43.55   -7.57549E+00
   42.00  -49.35   -4.20195E+01
   42.00  -55.16   -7.92808E+01
   42.00  -60.97   -1.15460E+02
   42.00  -66.77   -1.46911E+02
   42.00  -72.58   -1.70931E+02
   42.00  -78.39   -1.86149E+02
   42.00  -84.19   -1.92523E+02
   48.00   84.19    3.97051E+01
   48.00   78.39    3.38078E+01
   48.00   72.58    2.86752E+01
   48.00   66.77    2.49935E+01
   48.00   60.97    2.31118E+01
   48.00   55.16    2.30329E+01
   48.00   49.35    2.44422E+01
   48.00   43.55    2.67819E+01
   48.00   37.74    2.93793E+01
   48.00   31.94    3.16279E+01
   48.00   26.13    3.31821E+01
   48.00   20.32    3.41028E+01
   48.00   14.52    3.48753E+01
   48.00    8.71    3.62500E+01
   48.00    2.90    3.89194E+01
   48.00   -2.90    4.31130E+01
   48.00   -8.71    4.82547E+01
   48.00  -14.52    5.28303E+01
   48.00  -20.32    5.45654E+01
   48.00  -26.13    5.09114E+01
   48.00  -31.94    3.97236E+01
   48.00  -37.74    1.99332E+01
   48.00  -43.55   -8.00518E+00
   48.00  -49.35   -4.20475E+01
   48.00  -55.16   -7.89146E+01
   48.00  -60.97   -1.14769E+02
   48.00  -66.77   -1.46014E+02
   48.00  -72.58   -1.69982E+02
   48.00  -78.39   -1.85320E+02
   48.00  -84.19   -1.92007E+02
   54.00   84.19    4.02714E+01
   54.00   78.39    3.46482E+01
   54.00   72.58    2.95201E+01
   54.00   66.77    2.56138E+01
   54.00   60.97    2.33077E+01
   54.00   55.16    2.26160E+01
   54.00   49.35    2.32356E+01
   54.00   43.55    2.46483E+01
   54.00   37.74    2.62700E+01
   54.00   31.94    2.76261E+01
   54.00   26.13    2.85152E+01
   54.00   20.32    2.91059E+01
   54.00   14.52    2.99128E+01
   54.00    8.71    3.16232E+01
   54.00    2.90    3.47941E+01
   54.00   -2.90    3.94989E+01
   54.00   -8.71    4.50431E+01
   54.00  -14.52    4.98751E+01
   54.00  -20.32    5.17719E+01
   54.00  -26.13    4.82943E+01
   54.00  -31.94    3.74125E+01
   54.00  -37.74    1.81238E+01
   54.00  -43.55   -9.13079E+00
   54.00  -49.35   -4.23971E+01
   54.00  -55.16   -7.85284E+01
   54.00  -60.97   -1.13816E+02
   54.00  -66.77   -1.44751E+02
   54.00  -72.58   -1.68691E+02
   54.00  -78.39   -1.84265E+02
   54.00  -84.19   -1.91402E+02
   60.00   84.19    4.08878E+01
   60.00   78.39    3.55844E+01
   60.00   72.58    3.04932E+01
   60.00   66.77    2.63753E+01
   60.00   60.97    2.36345E+01
   60.00   55.16    2.22970E+01
   60.00   49.35    2.20766E+01
   60.00   43.55    2.25048E+01
   60.00   37.74    2.30974E+01
   60.00   31.94    2.35210E+01
   60.00   26.13    2.37205E+01
   60.00   20.32    2.39652E+01
   60.00   14.52    2.47835E+01
   60.00    8.71    2.67798E+01
   60.00    2.90    3.03604E+01
   60.00   -2.90    3.54390E+01
   60.00   -8.71    4.12184E+01
   60.00  -14.52    4.61427E+01
   60.00  -20.32    4.80834E+01
   60.00  -26.13    4.47534E+01
   60.00  -31.94    3.42633E+01
   60.00  -37.74    1.56750E+01
   60.00  -43.55   -1.06162E+01
   60.00  -49.35   -4.28018E+01
   60.00  -55.16   -7.79328E+01
   60.00  -60.97   -1.12484E+02
   60.00  -66.77   -1.43060E+02
   60.00  -72.58   -1.67040E+02
   60.00  -78.39   -1.82984E+02
   60.00  -84.19   -1.90711E+02
   66.00   84.19    4.15515E+01
   66.00   78.39    3.66185E+01
   66.00   72.58    3.16078E+01
   66.00   66.77    2.73087E+01
   66.00   60.97    2.41528E+01
   66.00   55.16    2.21872E+01
   66.00   49.35    2.11542E+01
   66.00   43.55    2.06440E+01
   66.00   37.74    2.02737E+01
   66.00   31.94    1.98426E+01
   66.00   26.13    1.94234E+01
   66.00   20.32    1.93621E+01
   66.00   14.52    2.01789E+01
   66.00    8.71    2.23811E+01
   66.00    2.90    2.62250E+01
   66.00   -2.90    3.14821E+01
   66.00   -8.71    3.72837E+01
   66.00  -14.52    4.21098E+01
   66.00  -20.32    4.39670E+01
   66.00  -26.13    4.07496E+01
   66.00  -31.94    3.07199E+01
   66.00  -37.74    1.29919E+01
   66.00  -43.55   -1.21189E+01
   66.00  -49.35   -4.29995E+01
   66.00  -55.16   -7.69510E+01
   66.00  -60.97   -1.10673E+02
   66.00  -66.77   -1.40900E+02
   66.00  -72.58   -1.65018E+02
   66.00  -78.39   -1.81484E+02
   66.00  -84.19   -1.89943E+02
   72.00   84.19    4.22586E+01
   72.00   78.39    3.77510E+01
   72.00   72.58    3.28738E+01
   72.00   66.77    2.84399E+01
   72.00   60.97    2.49154E+01
   72.00   55.16    2.23834E+01
   72.00   49.35    2.06310E+01
   72.00   43.55    1.93147E+01
   72.00   37.74    1.81457E+01
   72.00   31.94    1.70316E+01
   72.00   26.13    1.61380E+01
   72.00   20.32    1.58522E+01
   72.00   14.52    1.66603E+01
   72.00    8.71    1.89665E+01
   72.00    2.90    2.28915E+01
   72.00   -2.90    2.80979E+01
   72.00   -8.71    3.36883E+01
   72.00  -14.52    3.82214E+01
   72.00  -20.32    3.98716E+01
   72.00  -26.13    3.67314E+01
   72.00  -31.94    2.72122E+01
   72.00  -37.74    1.04607E+01
   72.00  -43.55   -1.33217E+01
   72.00  -49.35   -4.27578E+01
   72.00  -55.16   -7.54369E+01
   72.00  -60.97   -1.08310E+02
   72.00  -66.77   -1.38251E+02
   72.00  -72.58   -1.62636E+02
   72.00  -78.39   -1.79778E+02
   72.00  -84.19   -1.89106E+02
   78.00   84.19    4.30045E+01
   78.00   78.39    3.89800E+01
   78.00   72.58    3.42972E+01
   78.00   66.77    2.97880E+01
   78.00   60.97    2.59623E+01
   78.00   55.16    2.29584E+01
   78.00   49.35    2.06262E+01
   78.00   43.55    1.86945E+01
   78.00   37.74    1.69536E+01
   78.00   31.94    1.53859E+01
   78.00   26.13    1.42048E+01
   78.00   20.32    1.37975E+01
   78.00   14.52    1.45919E+01
   78.00    8.71    1.68897E+01
   78.00    2.90    2.07022E+01
   78.00   -2.90    2.56256E+01
   78.00   -8.71    3.07814E+01
   78.00  -14.52    3.48463E+01
   78.00  -20.32    3.61855E+01
   78.00  -26.13    3.30934E+01
   78.00  -31.94    2.41179E+01
   78.00  -37.74    8.41334E+00
   78.00  -43.55   -1.39622E+01
   78.00  -49.35   -4.18965E+01
   78.00  -55.16   -7.32908E+01
   78.00  -60.97   -1.05361E+02
   78.00  -66.77   -1.35120E+02
   78.00  -72.58   -1.59916E+02
   78.00  -78.39   -1.77890E+02
   78.00  -84.19   -1.88211E+02
   84.00   84.19    4.37836E+01
   84.00   78.39    4.03008E+01
   84.00   72.58    3.58792E+01
   84.00   66.77    3.13639E+01
   84.00   60.97    2.73180E+01
   84.00   55.16    2.39549E+01
   84.00   49.35    2.12052E+01
   84.00   43.55    1.88732E+01
   84.00   37.74    1.68101E+01
   84.00   31.94    1.50346E+01
   84.00   26.13    1.37611E+01
   84.00   20.32    1.33359E+01
   84.00   14.52    1.41093E+01
   84.00    8.71    1.62882E+01
   84.00    2.90    1.98072E+01
   84.00   -2.90    2.42422E+01
   84.00   -8.71    2.87785E+01
   84.00  -14.52    3.22418E+01
   84.00  -20.32    3.31992E+01
   84.00  -26.13    3.01395E+01
   84.00  -31.94    2.17262E+01
   84.00  -37.74    7.09636E+00
   84.00  -43.55   -1.38581E+01
   84.00  -49.35   -4.03067E+01
   84.00  -55.16   -7.04720E+01
   84.00  -60.97   -1.01837E+02
   84.00  -66.77   -1.31545E+02
   84.00  -72.58   -1.56903E+02
   84.00  -78.39   -1.75852E+02
   84.00  -84.19   -1.87272E+02
   90.00   84.19    4.45894E+01
   90.00   78.39    4.17061E+01
   90.00   72.58    3.76157E+01
   90.00   66.77    3.31689E+01
   90.00   60.97    2.89896E+01
   90.00   55.16    2.53831E+01
   90.00   49.35    2.23761E+01
   90.00   43.55    1.98502E+01
   90.00   37.74    1.76987E+01
   90.00   31.94    1.59396E+01
   90.00   26.13    1.47457E+01
   90.00   20.32    1.43884E+01
   90.00   14.52    1.51276E+01
   90.00    8.71    1.70897E+01
   90.00    2.90    2.01670E+01
   90.00   -2.90    2.39580E+01
   90.00   -8.71    2.77488E+01
   90.00  -14.52    3.05337E+01
   90.00  -20.32    3.10806E+01
   90.00  -26.13    2.80550E+01
   90.00  -31.94    2.02117E+01
   90.00  -37.74    6.64792E+00
   90.00  -43.55   -1.29250E+01
   90.00  -49.35   -3.79626E+01
   90.00  -55.16   -6.70056E+01
   90.00  -60.97   -9.77957E+01
   90.00  -66.77   -1.27597E+02
   90.00  -72.58   -1.53658E+02
   90.00  -78.39   -1.73703E+02
   90.00  -84.19   -1.86304E+02
   96.00   84.19    4.54146E+01
   96.00   78.39    4.31853E+01
   96.00   72.58    3.94967E+01
   96.00   66.77    3.51946E+01
   96.00   60.97    3.09664E+01
   96.00   55.16    2.72216E+01
   96.00   49.35    2.40948E+01
   96.00   43.55    2.15449E+01
   96.00   37.74    1.94910E+01
   96.00   31.94    1.79210E+01
   96.00   26.13    1.69323E+01
   96.00   20.32    1.66979E+01
   96.00   14.52    1.73833E+01
   96.00    8.71    1.90509E+01
   96.00    2.90    2.15835E+01
   96.00   -2.90    2.46377E+01
   96.00   -8.71    2.76251E+01
   96.00  -14.52    2.97155E+01
   96.00  -20.32    2.98659E+01
   96.00  -26.13    2.68945E+01
   96.00  -31.94    1.96217E+01
   96.00  -37.74    7.08710E+00
   96.00  -43.55   -1.11835E+01
   96.00  -49.35   -3.49253E+01
   96.00  -55.16   -6.29833E+01
   96.00  -60.97   -9.33425E+01
   96.00  -66.77   -1.23373E+02
   96.00  -72.58   -1.50256E+02
   96.00  -78.39   -1.71488E+02
   96.00  -84.19   -1.85326E+02
  102.00   84.19    4.62506E+01
  102.00   78.39    4.47249E+01
  102.00   72.58    4.15063E+01
  102.00   66.77    3.74222E+01
  102.00   60.97    3.32208E+01
  102.00   55.16    2.94217E+01
  102.00   49.35    2.62740E+01
  102.00   43.55    2.38142E+01
  102.00   37.74    2.19764E+01
  102.00   31.94    2.06987E+01
  102.00   26.13    1.99828E+01
  102.00   20.32    1.98912E+01
  102.00   14.52    2.04974E+01
  102.00    8.71    2.18184E+01
  102.00    2.90    2.37536E+01
  102.00   -2.90    2.60418E+01
  102.00   -8.71    2.82326E+01
  102.00  -14.52    2.96665E+01
  102.00  -20.32    2.94699E+01
  102.00  -26.13    2.65864E+01
  102.00  -31.94    1.98787E+01
  102.00  -37.74    8.31690E+00
  102.00  -43.55   -8.75563E+00
  102.00  -49.35   -3.13381E+01
  102.00  -55.16   -5.85584E+01
  102.00  -60.97   -8.86248E+01
  102.00  -66.77   -1.19000E+02
  102.00  -72.58   -1.46789E+02
  102.00  -78.39   -1.69260E+02
  102.00  -84.19   -1.84354E+02
  108.00   84.19    4.70881E+01
  108.00   78.39    4.63077E+01
  108.00   72.58    4.36220E+01
  108.00   66.77    3.98228E+01
  108.00   60.97    3.57102E+01
  108.00   55.16    3.19123E+01
  108.00   49.35    2.87957E+01
  108.00   43.55    2.64752E+01
  108.00   37.74    2.48964E+01
  108.00   31.94    2.39406E+01
  108.00   26.13    2.35069E+01
  108.00   20.32    2.35460E+01
  108.00   14.52    2.40473E+01
  108.00    8.71    2.49975E+01
  108.00    2.90    2.63301E+01
  108.00   -2.90    2.78786E+01
  108.00   -8.71    2.93308E+01
  108.00  -14.52    3.01843E+01
  108.00  -20.32    2.97107E+01
  108.00  -26.13    2.69538E+01
  108.00  -31.94    2.07985E+01
  108.00  -37.74    1.01405E+01
  108.00  -43.55   -5.84961E+00
  108.00  -49.35   -2.74131E+01
  108.00  -55.16   -5.39350E+01
  108.00  -60.97   -8.38239E+01
  108.00  -66.77   -1.14622E+02
  108.00  -72.58   -1.43356E+02
  108.00  -78.39   -1.67073E+02
  108.00  -84.19   -1.83407E+02
  114.00   84.19    4.79170E+01
  114.00   78.39    4.79140E+01
  114.00   72.58    4.58153E+01
  114.00   66.77    4.23580E+01
  114.00   60.97    3.83787E+01
  114.00   55.16    3.46066E+01
  114.00   49.35    3.15240E+01
  114.00   43.55    2.93275E+01
  114.00   37.74    2.79791E+01
  114.00   31.94    2.73084E+01
  114.00   26.13    2.71176E+01
  114.00   20.32    2.72532E+01
  114.00   14.52    2.76299E+01
  114.00    8.71    2.82136E+01
  114.00    2.90    2.89793E+01
  114.00   -2.90    2.98548E+01
  114.00   -8.71    3.06571E+01
  114.00  -14.52    3.10227E+01
  114.00  -20.32    3.03450E+01
  114.00  -26.13    2.77456E+01
  114.00  -31.94    2.21192E+01
  114.00  -37.74    1.22872E+01
  114.00  -43.55   -2.73734E+00
  114.00  -49.35   -2.34127E+01
  114.00  -55.16   -4.93526E+01
  114.00  -60.97   -7.91437E+01
  114.00  -66.77   -1.10396E+02
  114.00  -72.58   -1.40063E+02
  114.00  -78.39   -1.64982E+02
  114.00  -84.19   -1.82504E+02
  120.00   84.19    4.87266E+01
  120.00   78.39    4.95205E+01
  120.00   72.58    4.80516E+01
  120.00   66.77    4.49804E+01
  120.00   60.97    4.11601E+01
  120.00   55.16    3.74072E+01
  120.00   49.35    3.43166E+01
  120.00   43.55    3.21725E+01
  120.00   37.74    3.09665E+01
  120.00   31.94    3.04930E+01
  120.00   26.13    3.04734E+01
  120.00   20.32    3.06625E+01
  120.00   14.52    3.09080E+01
  120.00    8.71    3.11570E+01
  120.00    2.90    3.14215E+01
  120.00   -2.90    3.17137E+01
  120.00   -8.71    3.19638E+01
  120.00  -14.52    3.19282E+01
  120.00  -20.32    3.11029E+01
  120.00  -26.13    2.86724E+01
  120.00  -31.94    2.35351E+01
  120.00  -37.74    1.44442E+01
  120.00  -43.55    2.73370E-01
  120.00  -49.35   -1.96261E+01
  120.00  -55.16   -4.50688E+01
  120.00  -60.97   -7.47981E+01
  120.00  -66.77   -1.06485E+02
  120.00  -72.58   -1.37016E+02
  120.00  -78.39   -1.63043E+02
  120.00  -84.19   -1.81663E+02
  126.00   84.19    4.95056E+01
  126.00   78.39    5.11020E+01
  126.00   72.58    5.02909E+01
  126.00   66.77    4.76346E+01
  126.00   60.97    4.39794E+01
  126.00   55.16    4.02118E+01
  126.00   49.35    3.70342E+01
  126.00   43.55    3.48279E+01
  126.00   37.74    3.36346E+01
  126.00   31.94    3.32386E+01
  126.00   26.13    3.33038E+01
  126.00   20.32    3.35079E+01
  126.00   14.52    3.36344E+01
  126.00    8.71    3.36048E+01
  126.00    2.90    3.34529E+01
  126.00   -2.90    3.32570E+01
  126.00   -8.71    3.30420E+01
  126.00  -14.52    3.26676E+01
  126.00  -20.32    3.17199E+01
  126.00  -26.13    2.94399E+01
  126.00  -31.94    2.47311E+01
  126.00  -37.74    1.62888E+01
  126.00  -43.55    2.86742E+00
  126.00  -49.35   -1.63460E+01
  126.00  -55.16   -4.13404E+01
  126.00  -60.97   -7.09972E+01
  126.00  -66.77   -1.03044E+02
  126.00  -72.58   -1.34316E+02
  126.00  -78.39   -1.61309E+02
  126.00  -84.19   -1.80901E+02
  132.00   84.19    5.02424E+01
  132.00   78.39    5.26306E+01
  132.00   72.58    5.24884E+01
  132.00   66.77    5.02588E+01
  132.00   60.97    4.67556E+01
  132.00   55.16    4.29167E+01
  132.00   49.35    3.95467E+01
  132.00   43.55    3.71365E+01
  132.00   37.74    3.58036E+01
  132.00   31.94    3.53540E+01
  132.00   26.13    3.54199E+01
  132.00   20.32    3.56150E+01
  132.00   14.52    3.56565E+01
  132.00    8.71    3.54233E+01
  132.00    2.90    3.49480E+01
  132.00   -2.90    3.43508E+01
  132.00   -8.71    3.37327E+01
  132.00  -14.52    3.30451E+01
  132.00  -20.32    3.19601E+01
  132.00  -26.13    2.97771E+01
  132.00  -31.94    2.54124E+01
  132.00  -37.74    1.75179E+01
  132.00  -43.55    4.74925E+00
  132.00  -49.35   -1.38458E+01
  132.00  -55.16   -3.84058E+01
  132.00  -60.97   -6.79346E+01
  132.00  -66.77   -1.00216E+02
  132.00  -72.58   -1.32054E+02
  132.00  -78.39   -1.59826E+02
  132.00  -84.19   -1.80232E+02
  138.00   84.19    5.09255E+01
  138.00   78.39    5.40773E+01
  138.00   72.58    5.45960E+01
  138.00   66.77    5.27860E+01
  138.00   60.97    4.94043E+01
  138.00   55.16    4.54206E+01
  138.00   49.35    4.17381E+01
  138.00   43.55    3.89710E+01
  138.00   37.74    3.73424E+01
  138.00   31.94    3.67135E+01
  138.00   26.13    3.67110E+01
  138.00   20.32    3.68946E+01
  138.00   14.52    3.69056E+01
  138.00    8.71    3.65568E+01
  138.00    2.90    3.58497E+01
  138.00   -2.90    3.49203E+01
  138.00   -8.71    3.39287E+01
  138.00  -14.52    3.29125E+01
  138.00  -20.32    3.16334E+01
  138.00  -26.13    2.94585E+01
  138.00  -31.94    2.53301E+01
  138.00  -37.74    1.78734E+01
  138.00  -43.55    5.66606E+00
  138.00  -49.35   -1.23593E+01
  138.00  -55.16   -3.64689E+01
  138.00  -60.97   -6.57752E+01
  138.00  -66.77   -9.81228E+01
  138.00  -72.58   -1.30309E+02
  138.00  -78.39   -1.58633E+02
  138.00  -84.19   -1.79669E+02
  144.00   84.19    5.15434E+01
  144.00   78.39    5.54124E+01
  144.00   72.58    5.65630E+01
  144.00   66.77    5.51459E+01
  144.00   60.97    5.18396E+01
  144.00   55.16    4.76278E+01
  144.00   49.35    4.35086E+01
  144.00   43.55    4.02358E+01
  144.00   37.74    3.81673E+01
  144.00   31.94    3.72522E+01
  144.00   26.13    3.71356E+01
  144.00   20.32    3.73282E+01
  144.00   14.52    3.73805E+01
  144.00    8.71    3.70103E+01
  144.00    2.90    3.61551E+01
  144.00   -2.90    3.49406E+01
  144.00   -8.71    3.35726E+01
  144.00  -14.52    3.21749E+01
  144.00  -20.32    3.06081E+01
  144.00  -26.13    2.83217E+01
  144.00  -31.94    2.43007E+01
  144.00  -37.74    1.71622E+01
  144.00  -43.55    5.42671E+00
  144.00  -49.35   -1.20651E+01
  144.00  -55.16   -3.56858E+01
  144.00  -60.97   -6.46454E+01
  144.00  -66.77   -9.68563E+01
  144.00  -72.58   -1.29137E+02
  144.00  -78.39   -1.57761E+02
  144.00  -84.19   -1.79223E+02
  150.00   84.19    5.20852E+01
  150.00   78.39    5.66062E+01
  150.00   72.58    5.83380E+01
  150.00   66.77    5.72680E+01
  150.00   60.97    5.39777E+01
  150.00   55.16    4.94502E+01
  150.00   49.35    4.47772E+01
  150.00   43.55    4.08661E+01
  150.00   37.74    3.82374E+01
  150.00   31.94    3.69573E+01
  150.00   26.13    3.67079E+01
  150.00   20.32    3.69515E+01
  150.00   14.52    3.71292E+01
  150.00    8.71    3.68325E+01
  150.00    2.90    3.59026E+01
  150.00   -2.90    3.44306E+01
  150.00   -8.71    3.26577E+01
  150.00  -14.52    3.07975E+01
  150.00  -20.32    2.88227E+01
  150.00  -26.13    2.62825E+01
  150.00  -31.94    2.22230E+01
  150.00  -37.74    1.52726E+01
  150.00  -43.55    3.91675E+00
  150.00  -49.35   -1.30727E+01
  150.00  -55.16   -3.61541E+01
  150.00  -60.97   -6.46252E+01
  150.00  -66.77   -9.64754E+01
  150.00  -72.58   -1.28579E+02
  150.00  -78.39   -1.57229E+02
  150.00  -84.19   -1.78901E+02
  156.00   84.19    5.25409E+01
  156.00   78.39    5.76301E+01
  156.00   72.58    5.98709E+01
  156.00   66.77    5.90831E+01
  156.00   60.97    5.57394E+01
  156.00   55.16    5.08110E+01
  156.00   49.35    4.54819E+01
  156.00   43.55    4.08264E+01
  156.00   37.74    3.75495E+01
  156.00   31.94    3.58580E+01
  156.00   26.13    3.54842E+01
  156.00   20.32    3.58387E+01
  156.00   14.52    3.62332E+01
  156.00    8.71    3.61036E+01
  156.00    2.90    3.51644E+01
  156.00   -2.90    3.34506E+01
  156.00   -8.71    3.12315E+01
  156.00  -14.52    2.88147E+01
  156.00  -20.32    2.62984E+01
  156.00  -26.13    2.33485E+01
  156.00  -31.94    1.90913E+01
  156.00  -37.74    1.21870E+01
  156.00  -43.55    1.10928E+00
  156.00  -49.35   -1.54140E+01
  156.00  -55.16   -3.79057E+01
  156.00  -60.97   -6.57423E+01
  156.00  -66.77   -9.70016E+01
  156.00  -72.58   -1.28647E+02
  156.00  -78.39   -1.57045E+02
  156.00  -84.19   -1.78705E+02
  162.00   84.19    5.29015E+01
  162.00   78.39    5.84578E+01
  162.00   72.58    6.11146E+01
  162.00   66.77    6.05271E+01
  162.00   60.97    5.70536E+01
  162.00   55.16    5.16468E+01
  162.00   49.35    4.55818E+01
  162.00   43.55    4.01084E+01
  162.00   37.74    3.61321E+01
  162.00   31.94    3.40158E+01
  162.00   26.13    3.35501E+01
  162.00   20.32    3.40887E+01
  162.00   14.52    3.47961E+01
  162.00    8.71    3.49265E+01
  162.00    2.90    3.40425E+01
  162.00   -2.90    3.21049E+01
  162.00   -8.71    2.94025E+01
  162.00  -14.52    2.63398E+01
  162.00  -20.32    2.31499E+01
  162.00  -26.13    1.96305E+01
  162.00  -31.94    1.50058E+01
  162.00  -37.74    7.99018E+00
  162.00  -43.55   -2.92831E+00
  162.00  -49.35   -1.90378E+01
  162.00  -55.16   -4.09029E+01
  162.00  -60.97   -6.79700E+01
  162.00  -66.77   -9.84170E+01
  162.00  -72.58   -1.29332E+02
  162.00  -78.39   -1.57207E+02
  162.00  -84.19   -1.78637E+02
  168.00   84.19    5.31593E+01
  168.00   78.39    5.90659E+01
  168.00   72.58    6.20271E+01
  168.00   66.77    6.15437E+01
  168.00   60.97    5.78610E+01
  168.00   55.16    5.19105E+01
  168.00   49.35    4.50573E+01
  168.00   43.55    3.87293E+01
  168.00   37.74    3.40401E+01
  168.00   31.94    3.15166E+01
  168.00   26.13    3.10110E+01
  168.00   20.32    3.18156E+01
  168.00   14.52    3.29347E+01
  168.00    8.71    3.34220E+01
  168.00    2.90    3.26683E+01
  168.00   -2.90    3.05435E+01
  168.00   -8.71    2.73453E+01
  168.00  -14.52    2.35711E+01
  168.00  -20.32    1.95920E+01
  168.00  -26.13    1.53470E+01
  168.00  -31.94    1.01756E+01
  168.00  -37.74    2.87111E+00
  168.00  -43.55   -8.03319E+00
  168.00  -49.35   -2.38094E+01
  168.00  -55.16   -4.50386E+01
  168.00  -60.97   -7.12268E+01
  168.00  -66.77   -1.00665E+02
  168.00  -72.58   -1.30600E+02
  168.00  -78.39   -1.57700E+02
  168.00  -84.19   -1.78694E+02
  174.00   84.19    5.33082E+01
  174.00   78.39    5.94354E+01
  174.00   72.58    6.25734E+01
  174.00   66.77    6.20868E+01
  174.00   60.97    5.81166E+01
  174.00   55.16    5.15742E+01
  174.00   49.35    4.39113E+01
  174.00   43.55    3.67307E+01
  174.00   37.74    3.13516E+01
  174.00   31.94    2.84651E+01
  174.00   26.13    2.79855E+01
  174.00   20.32    2.91422E+01
  174.00   14.52    3.07742E+01
  174.00    8.71    3.17251E+01
  174.00    2.90    3.12000E+01
  174.00   -2.90    2.89612E+01
  174.00   -8.71    2.52988E+01
  174.00  -14.52    2.07892E+01
  174.00  -20.32    1.59347E+01
  174.00  -26.13    1.08189E+01
  174.00  -31.94    4.91279E+00
  174.00  -37.74   -2.88299E+00
  174.00  -43.55   -1.39531E+01
  174.00  -49.35   -2.95160E+01
  174.00  -55.16   -5.01403E+01
  174.00  -60.97   -7.53804E+01
  174.00  -66.77   -1.03652E+02
  174.00  -72.58   -1.32395E+02
  174.00  -78.39   -1.58498E+02
  174.00  -84.19   -1.78871E+02
  180.00   84.19    5.33442E+01
  180.00   78.39    5.95519E+01
  180.00   72.58    6.27275E+01
  180.00   66.77    6.21235E+01
  180.00   60.97    5.77928E+01
  180.00   55.16    5.06309E+01
  180.00   49.35    4.21705E+01
  180.00   43.55    3.41776E+01
  180.00   37.74    2.81656E+01
  180.00   31.94    2.49822E+01
  180.00   26.13    2.46028E+01
  180.00   20.32    2.61980E+01
  180.00   14.52    2.84466E+01
  180.00    8.71    2.99829E+01
  180.00    2.90    2.98182E+01
  180.00   -2.90    2.75895E+01
  180.00   -8.71    2.35539E+01
  180.00  -14.52    1.83408E+01
  180.00  -20.32    1.25646E+01
  180.00  -26.13    6.44948E+00
  180.00  -31.94   -3.87172E-01
  180.00  -37.74   -8.90457E+00
  180.00  -43.55   -2.03615E+01
  180.00  -49.35   -3.58787E+01
  180.00  -55.16   -5.59794E+01
  180.00  -60.97   -8.02543E+01
  180.00  -66.77   -1.07254E+02
  180.00  -72.58   -1.34642E+02
  180.00  -78.39   -1.59566E+02
  180.00  -84.19   -1.79158E+02
  186.00   84.19    5.32650E+01
  186.00   78.39    5.94069E+01
  186.00   72.58    6.24733E+01
  186.00   66.77    6.16358E+01
  186.00   60.97    5.68813E+01
  186.00   55.16    4.90963E+01
  186.00   49.35    3.98857E+01
  186.00   43.55    3.11589E+01
  186.00   37.74    2.46022E+01
  186.00   31.94    2.12057E+01
  186.00   26.13    2.10047E+01
  186.00   20.32    2.31216E+01
  186.00   14.52    2.60915E+01
  186.00    8.71    2.83512E+01
  186.00    2.90    2.87164E+01
  186.00   -2.90    2.66791E+01
  186.00   -8.71    2.24284E+01
  186.00  -14.52    1.66067E+01
  186.00  -20.32    9.90864E+00
  186.00  -26.13    2.68714E+00
  186.00  -31.94   -5.28036E+00
  186.00  -37.74   -1.47759E+01
  186.00  -43.55   -2.68820E+01
  186.00  -49.35   -4.25714E+01
  186.00  -55.16   -6.22860E+01
  186.00  -60.97   -8.56381E+01
  186.00  -66.77   -1.11322E+02
  186.00  -72.58   -1.37249E+02
  186.00  -78.39   -1.60862E+02
  186.00  -84.19   -1.79546E+02
  192.00   84.19    5.30707E+01
  192.00   78.39    5.89980E+01
  192.00   72.58    6.18062E+01
  192.00   66.77    6.06222E+01
  192.00   60.97    5.53942E+01
  192.00   55.16    4.70088E+01
  192.00   49.35    3.71308E+01
  192.00   43.55    2.77859E+01
  192.00   37.74    2.08022E+01
  192.00   31.94    1.72919E+01
  192.00   26.13    1.73485E+01
  192.00   20.32    2.00642E+01
  192.00   14.52    2.38574E+01
  192.00    8.71    2.69905E+01
  192.00    2.90    2.80880E+01
  192.00   -2.90    2.64751E+01
  192.00   -8.71    2.22298E+01
  192.00  -14.52    1.59552E+01
  192.00  -20.32    8.38241E+00
  192.00  -26.13   -2.66553E-02
  192.00  -31.94   -9.32271E+00
  192.00  -37.74   -2.00709E+01
  192.00  -43.55   -3.31221E+01
  192.00  -49.35   -4.92472E+01
  192.00  -55.16   -6.87674E+01
  192.00  -60.97   -9.13004E+01
  192.00  -66.77   -1.15689E+02
  192.00  -72.58   -1.40114E+02
  192.00  -78.39   -1.62339E+02
  192.00  -84.19   -1.80022E+02
  198.00   84.19    5.27634E+01
  198.00   78.39    5.83294E+01
  198.00   72.58    6.07333E+01
  198.00   66.77    5.90978E+01
  198.00   60.97    5.33637E+01
  198.00   55.16    4.44282E+01
  198.00   49.35    3.40009E+01
  198.00   43.55    2.41894E+01
  198.00   37.74    1.69248E+01
  198.00   31.94    1.34148E+01
  198.00   26.13    1.38088E+01
  198.00   20.32    1.71911E+01
  198.00   14.52    2.19006E+01
  198.00    8.71    2.60574E+01
  198.00    2.90    2.81056E+01
  198.00   -2.90    2.71833E+01
  198.00   -8.71    2.32090E+01
  198.00  -14.52    1.66854E+01
  198.00  -20.32    8.32754E+00
  198.00  -26.13   -1.32014E+00
  198.00  -31.94   -1.21280E+01
  198.00  -37.74   -2.44048E+01
  198.00  -43.55   -3.87137E+01
  198.00  -49.35   -5.55685E+01
  198.00  -55.16   -7.51304E+01
  198.00  -60.97   -9.70046E+01
  198.00  -66.77   -1.20185E+02
  198.00  -72.58   -1.43132E+02
  198.00  -78.39   -1.63944E+02
  198.00  -84.19   -1.80571E+02
  204.00   84.19    5.23474E+01
  204.00   78.39    5.74116E+01
  204.00   72.58    5.92736E+01
  204.00   66.77    5.70942E+01
  204.00   60.97    5.08407E+01
  204.00   55.16    4.14322E+01
  204.00   49.35    3.06066E+01
  204.00   43.55    2.05133E+01
  204.00   37.74    1.31410E+01
  204.00   31.94    9.76040E+00
  204.00   26.13    1.05719E+01
  204.00   20.32    1.46764E+01
  204.00   14.52    2.03758E+01
  204.00    8.71    2.56885E+01
  204.00    2.90    2.88957E+01
  204.00   -2.90    2.89324E+01
  204.00   -8.71    2.55101E+01
  204.00  -14.52    1.89677E+01
  204.00  -20.32    9.94716E+00
  204.00  -26.13   -9.55737E-01
  204.00  -31.94   -1.34274E+01
  204.00  -37.74   -2.74857E+01
  204.00  -43.55   -4.33545E+01
  204.00  -49.35   -6.12396E+01
  204.00  -55.16   -8.11049E+01
  204.00  -60.97   -1.02525E+02
  204.00  -66.77   -1.24640E+02
  204.00  -72.58   -1.46194E+02
  204.00  -78.39   -1.65627E+02
  204.00  -84.19   -1.81180E+02
  210.00   84.19    5.18294E+01
  210.00   78.39    5.62617E+01
  210.00   72.58    5.74578E+01
  210.00   66.77    5.46582E+01
  210.00   60.97    4.78919E+01
  210.00   55.16    3.81121E+01
  210.00   49.35    2.70663E+01
  210.00   43.55    1.69039E+01
  210.00   37.74    9.62037E+00
  210.00   31.94    6.51182E+00
  210.00   26.13    7.82006E+00
  210.00   20.32    1.26854E+01
  210.00   14.52    1.94168E+01
  210.00    8.71    2.59763E+01
  210.00    2.90    3.05077E+01
  210.00   -2.90    3.17351E+01
  210.00   -8.71    2.91236E+01
  210.00  -14.52    2.27907E+01
  210.00  -20.32    1.32500E+01
  210.00  -26.13    1.11455E+00
  210.00  -31.94   -1.31213E+01
  210.00  -37.74   -2.91600E+01
  210.00  -43.55   -4.68461E+01
  210.00  -49.35   -6.60362E+01
  210.00  -55.16   -8.64662E+01
  210.00  -60.97   -1.07661E+02
  210.00  -66.77   -1.28899E+02
  210.00  -72.58   -1.49202E+02
  210.00  -78.39   -1.67337E+02
  210.00  -84.19   -1.81833E+02
  216.00   84.19    5.12177E+01
  216.00   78.39    5.49026E+01
  216.00   72.58    5.53266E+01
  216.00   66.77    5.18500E+01
  216.00   60.97    4.45967E+01
  216.00   55.16    3.45656E+01
  216.00   49.35    2.34964E+01
  216.00   43.55    1.34957E+01
  216.00   37.74    6.51280E+00
  216.00   31.94    3.82696E+00
  216.00   26.13    5.70622E+00
  216.00   20.32    1.13473E+01
  216.00   14.52    1.91072E+01
  216.00    8.71    2.69390E+01
  216.00    2.90    3.28822E+01
  216.00   -2.90    3.54556E+01
  216.00   -8.71    3.38532E+01
  216.00  -14.52    2.79269E+01
  216.00  -20.32    1.80151E+01
  216.00  -26.13    4.71420E+00
  216.00  -31.94   -1.13126E+01
  216.00  -37.74   -2.94433E+01
  216.00  -43.55   -4.91209E+01
  216.00  -49.35   -6.98285E+01
  216.00  -55.16   -9.10530E+01
  216.00  -60.97   -1.12255E+02
  216.00  -66.77   -1.32832E+02
  216.00  -72.58   -1.52065E+02
  216.00  -78.39   -1.69029E+02
  216.00  -84.19   -1.82517E+02
  222.00   84.19    5.05225E+01
  222.00   78.39    5.33625E+01
  222.00   72.58    5.29301E+01
  222.00   66.77    4.87407E+01
  222.00   60.97    4.10428E+01
  222.00   55.16    3.08911E+01
  222.00   49.35    2.00014E+01
  222.00   43.55    1.03961E+01
  222.00   37.74    3.92709E+00
  222.00   31.94    1.81167E+00
  222.00   26.13    4.32244E+00
  222.00   20.32    1.07212E+01
  222.00   14.52    1.94474E+01
  222.00    8.71    2.84911E+01
  222.00    2.90    3.58280E+01
  222.00   -2.90    3.97925E+01
  222.00   -8.71    3.93042E+01
  222.00  -14.52    3.39259E+01
  222.00  -20.32    2.37873E+01
  222.00  -26.13    9.43752E+00
  222.00  -31.94   -8.31334E+00
  222.00  -37.74   -2.85293E+01
  222.00  -43.55   -5.02538E+01
  222.00  -49.35   -7.25935E+01
  222.00  -55.16   -9.47797E+01
  222.00  -60.97   -1.16195E+02
  222.00  -66.77   -1.36337E+02
  222.00  -72.58   -1.54711E+02
  222.00  -78.39   -1.70661E+02
  222.00  -84.19   -1.83218E+02
  228.00   84.19    4.97556E+01
  228.00   78.39    5.16737E+01
  228.00   72.58    5.03257E+01
  228.00   66.77    4.54097E+01
  228.00   60.97    3.73222E+01
  228.00   55.16    2.71816E+01
  228.00   49.35    1.66643E+01
  228.00   43.55    7.67267E+00
  228.00   37.74    1.91273E+00
  228.00   31.94    4.95636E-01
  228.00   26.13    3.67170E+00
  228.00   20.32    1.07669E+01
  228.00   14.52    2.03285E+01
  228.00    8.71    3.04255E+01
  228.00    2.90    3.90159E+01
  228.00   -2.90    4.42871E+01
  228.00   -8.71    4.49047E+01
  228.00  -14.52    4.01438E+01
  228.00  -20.32    2.99106E+01
  228.00  -26.13    1.46807E+01
  228.00  -31.94   -4.62011E+00
  228.00  -37.74   -2.67740E+01
  228.00  -43.55   -5.04547E+01
  228.00  -49.35   -7.44145E+01
  228.00  -55.16   -9.76394E+01
  228.00  -60.97   -1.19427E+02
  228.00  -66.77   -1.39346E+02
  228.00  -72.58   -1.57083E+02
  228.00  -78.39   -1.72202E+02
  228.00  -84.19   -1.83924E+02
  234.00   84.19    4.89297E+01
  234.00   78.39    4.98720E+01
  234.00   72.58    4.75761E+01
  234.00   66.77    4.19420E+01
  234.00   60.97    3.35286E+01
  234.00   55.16    2.35211E+01
  234.00   49.35    1.35429E+01
  234.00   43.55    5.34590E+00
  234.00   37.74    4.49962E-01
  234.00   31.94   -1.80674E-01
  234.00   26.13    3.65287E+00
  234.00   20.32    1.13319E+01
  234.00   14.52    2.15260E+01
  234.00    8.71    3.24191E+01
  234.00    2.90    4.20007E+01
  234.00   -2.90    4.83630E+01
  234.00   -8.71    4.99616E+01
  234.00  -14.52    4.58108E+01
  234.00  -20.32    3.55983E+01
  234.00  -26.13    1.97077E+01
  234.00  -31.94   -8.58596E-01
  234.00  -37.74   -2.46547E+01
  234.00  -43.55   -5.00418E+01
  234.00  -49.35   -7.54669E+01
  234.00  -55.16   -9.96990E+01
  234.00  -60.97   -1.21949E+02
  234.00  -66.77   -1.41829E+02
  234.00  -72.58   -1.59148E+02
  234.00  -78.39   -1.73626E+02
  234.00  -84.19   -1.84625E+02
  240.00   84.19    4.80585E+01
  240.00   78.39    4.79951E+01
  240.00   72.58    4.47471E+01
  240.00   66.77    3.84248E+01
  240.00   60.97    2.97541E+01
  240.00   55.16    1.99832E+01
  240.00   49.35    1.06695E+01
  240.00   43.55    3.39167E+00
  240.00   37.74   -5.47022E-01
  240.00   31.94   -3.61867E-01
  240.00   26.13    4.06705E+00
  240.00   20.32    1.21620E+01
  240.00   14.52    2.27198E+01
  240.00    8.71    3.40673E+01
  240.00    2.90    4.42736E+01
  240.00   -2.90    5.13975E+01
  240.00   -8.71    5.37477E+01
  240.00  -14.52    5.01282E+01
  240.00  -20.32    4.00329E+01
  240.00  -26.13    2.37439E+01
  240.00  -31.94    2.29546E+00
  240.00  -37.74   -2.27090E+01
  240.00  -43.55   -4.94002E+01
  240.00  -49.35   -7.59931E+01
  240.00  -55.16   -1.01086E+02
  240.00  -60.97   -1.23811E+02
  240.00  -66.77   -1.43787E+02
  240.00  -72.58   -1.60889E+02
  240.00  -78.39   -1.74918E+02
  240.00  -84.19   -1.85313E+02
  246.00   84.19    4.71561E+01
  246.00   78.39    4.60815E+01
  246.00   72.58    4.19053E+01
  246.00   66.77    3.49458E+01
  246.00   60.97    2.60879E+01
  246.00   55.16    1.66322E+01
  246.00   49.35    8.05703E+00
  246.00   43.55    1.75255E+00
  246.00   37.74   -1.21258E+00
  246.00   31.94   -2.54100E-01
  246.00   26.13    4.64756E+00
  246.00   20.32    1.29394E+01
  246.00   14.52    2.35428E+01
  246.00    8.71    3.49454E+01
  246.00    2.90    4.53394E+01
  246.00   -2.90    5.28151E+01
  246.00   -8.71    5.56093E+01
  246.00  -14.52    5.23839E+01
  246.00  -20.32    4.24808E+01
  246.00  -26.13    2.60813E+01
  246.00  -31.94    4.20723E+00
  246.00  -37.74   -2.14630E+01
  246.00  -43.55   -4.89295E+01
  246.00  -49.35   -7.62680E+01
  246.00  -55.16   -1.01967E+02
  246.00  -60.97   -1.25098E+02
  246.00  -66.77   -1.45256E+02
  246.00  -72.58   -1.62312E+02
  246.00  -78.39   -1.76071E+02
  246.00  -84.19   -1.85980E+02
  252.00   84.19    4.62368E+01
  252.00   78.39    4.41692E+01
  252.00   72.58    3.91158E+01
  252.00   66.77    3.15898E+01
  252.00   60.97    2.26154E+01
  252.00   55.16    1.35266E+01
  252.00   49.35    5.70891E+00
  252.00   43.55    3.56583E-01
  252.00   37.74   -1.70091E+00
  252.00   31.94   -8.62482E-02
  252.00   26.13    5.10842E+00
  252.00   20.32    1.33407E+01
  252.00   14.52    2.36481E+01
  252.00    8.71    3.46866E+01
  252.00    2.90    4.48048E+01
  252.00   -2.90    5.21849E+01
  252.00   -8.71    5.50710E+01
  252.00  -14.52    5.20613E+01
  252.00  -20.32    4.24002E+01
  252.00  -26.13    2.61802E+01
  252.00  -31.94    4.37050E+00
  252.00  -37.74   -2.13601E+01
  252.00  -43.55   -4.89906E+01
  252.00  -49.35   -7.65627E+01
  252.00  -55.16   -1.02530E+02
  252.00  -60.97   -1.25924E+02
  252.00  -66.77   -1.46293E+02
  252.00  -72.58   -1.63438E+02
  252.00  -78.39   -1.77085E+02
  252.00  -84.19   -1.86623E+02
  258.00   84.19    4.53145E+01
  258.00   78.39    4.22943E+01
  258.00   72.58    3.64398E+01
  258.00   66.77    2.84360E+01
  258.00   60.97    1.94165E+01
  258.00   55.16    1.07219E+01
  258.00   49.35    3.62991E+00
  258.00   43.55   -8.61422E-01
  258.00   37.74   -2.15287E+00
  258.00   31.94   -6.49165E-02
  258.00   26.13    5.19965E+00
  258.00   20.32    1.31003E+01
  258.00   14.52    2.27779E+01
  258.00    8.71    3.30543E+01
  258.00    2.90    4.24540E+01
  258.00   -2.90    4.93005E+01
  258.00   -8.71    5.19184E+01
  258.00  -14.52    4.89223E+01
  258.00  -20.32    3.95226E+01
  258.00  -26.13    2.37454E+01
  258.00  -31.94    2.47739E+00
  258.00  -37.74   -2.27017E+01
  258.00  -43.55   -4.98584E+01
  258.00  -49.35   -7.71092E+01
  258.00  -55.16   -1.02952E+02
  258.00  -60.97   -1.26414E+02
  258.00  -66.77   -1.46971E+02
  258.00  -72.58   -1.64300E+02
  258.00  -78.39   -1.77970E+02
  258.00  -84.19   -1.87237E+02
  264.00   84.19    4.44024E+01
  264.00   78.39    4.04900E+01
  264.00   72.58    3.39323E+01
  264.00   66.77    2.55557E+01
  264.00   60.97    1.65645E+01
  264.00   55.16    8.27273E+00
  264.00   49.35    1.83498E+00
  264.00   43.55   -1.94152E+00
  264.00   37.74   -2.66672E+00
  264.00   31.94   -3.34900E-01
  264.00   26.13    4.75473E+00
  264.00   20.32    1.20615E+01
  264.00   14.52    2.08158E+01
  264.00    8.71    2.99919E+01
  264.00    2.90    3.82944E+01
  264.00   -2.90    4.42204E+01
  264.00   -8.71    4.62353E+01
  264.00  -14.52    4.30453E+01
  264.00  -20.32    3.38921E+01
  264.00  -26.13    1.87675E+01
  264.00  -31.94   -1.54117E+00
  264.00  -37.74   -2.56087E+01
  264.00  -43.55   -5.16873E+01
  264.00  -49.35   -7.80723E+01
  264.00  -55.16   -1.03387E+02
  264.00  -60.97   -1.26689E+02
  264.00  -66.77   -1.47374E+02
  264.00  -72.58   -1.64941E+02
  264.00  -78.39   -1.78737E+02
  264.00  -84.19   -1.87823E+02
  270.00   84.19    4.35129E+01
  270.00   78.39    3.87853E+01
  270.00   72.58    3.16400E+01
  270.00   66.77    2.30090E+01
  270.00   60.97    1.41230E+01
  270.00   55.16    6.23261E+00
  270.00   49.35    3.53314E-01
  270.00   43.55   -2.88816E+00
  270.00   37.74   -3.28044E+00
  270.00   31.94   -9.55333E-01
  270.00   26.13    3.71751E+00
  270.00   20.32    1.02028E+01
  270.00   14.52    1.78063E+01
  270.00    8.71    2.56332E+01
  270.00    2.90    3.25562E+01
  270.00   -2.90    3.72591E+01
  270.00   -8.71    3.83908E+01
  270.00  -14.52    3.48110E+01
  270.00  -20.32    2.58550E+01
  270.00  -26.13    1.15197E+01
  270.00  -31.94   -7.50914E+00
  270.00  -37.74   -3.00076E+01
  270.00  -43.55   -5.44934E+01
  270.00  -49.35   -7.95304E+01
  270.00  -55.16   -1.03941E+02
  270.00  -60.97   -1.26855E+02
  270.00  -66.77   -1.47583E+02
  270.00  -72.58   -1.65410E+02
  270.00  -78.39   -1.79405E+02
  270.00  -84.19   -1.88379E+02
  276.00   84.19    4.26572E+01
  276.00   78.39    3.72046E+01
  276.00   72.58    2.95997E+01
  276.00   66.77    2.08422E+01
  276.00   60.97    1.21428E+01
  276.00   55.16    4.65048E+00
  276.00   49.35   -7.73676E-01
  276.00   43.55   -3.67005E+00
  276.00   37.74   -3.96951E+00
  276.00   31.94   -1.89680E+00
  276.00   26.13    2.14279E+00
  276.00   20.32    7.63161E+00
  276.00   14.52    1.39383E+01
  276.00    8.71    2.02717E+01
  276.00    2.90    2.56479E+01
  276.00   -2.90    2.89313E+01
  276.00   -8.71    2.89756E+01
  276.00  -14.52    2.48397E+01
  276.00  -20.32    1.60061E+01
  276.00  -26.13    2.51703E+00
  276.00  -31.94   -1.50315E+01
  276.00  -37.74   -3.56422E+01
  276.00  -43.55   -5.81542E+01
  276.00  -49.35   -8.14686E+01
  276.00  -55.16   -1.04669E+02
  276.00  -60.97   -1.26993E+02
  276.00  -66.77   -1.47673E+02
  276.00  -72.58   -1.65756E+02
  276.00  -78.39   -1.79994E+02
  276.00  -84.19   -1.88907E+02
  282.00   84.19    4.18450E+01
  282.00   78.39    3.57664E+01
  282.00   72.58    2.78368E+01
  282.00   66.77    1.90854E+01
  282.00   60.97    1.06578E+01
  282.00   55.16    3.56506E+00
  282.00   49.35   -1.49993E+00
  282.00   43.55   -4.22984E+00
  282.00   37.74   -4.65929E+00
  282.00   31.94   -3.05798E+00
  282.00   26.13    1.72931E-01
  282.00   20.32    4.55097E+00
  282.00   14.52    9.49881E+00
  282.00    8.71    1.43000E+01
  282.00    2.90    1.80805E+01
  282.00   -2.90    1.98636E+01
  282.00   -8.71    1.87093E+01
  282.00  -14.52    1.38998E+01
  282.00  -20.32    5.10391E+00
  282.00  -26.13   -7.55310E+00
  282.00  -31.94   -2.35448E+01
  282.00  -37.74   -4.21053E+01
  282.00  -43.55   -6.24236E+01
  282.00  -49.35   -8.37816E+01
  282.00  -55.16   -1.05567E+02
  282.00  -60.97   -1.27153E+02
  282.00  -66.77   -1.47705E+02
  282.00  -72.58   -1.66025E+02
  282.00  -78.39   -1.80524E+02
  282.00  -84.19   -1.89409E+02
  288.00   84.19    4.10847E+01
  288.00   78.39    3.44839E+01
  288.00   72.58    2.63649E+01
  288.00   66.77    1.77508E+01
  288.00   60.97    9.68163E+00
  288.00   55.16    2.99839E+00
  288.00   49.35   -1.78535E+00
  288.00   43.55   -4.49982E+00
  288.00   37.74   -5.24671E+00
  288.00   31.94   -4.29426E+00
  288.00   26.13   -1.99902E+00
  288.00   20.32    1.21295E+00
  288.00   14.52    4.81436E+00
  288.00    8.71    8.13797E+00
  288.00    2.90    1.03834E+01
  288.00   -2.90    1.07007E+01
  288.00   -8.71    8.33864E+00
  288.00  -14.52    2.80617E+00
  288.00  -20.32   -6.02252E+00
  288.00  -26.13   -1.79118E+01
  288.00  -31.94   -3.23809E+01
  288.00  -37.74   -4.88831E+01
  288.00  -43.55   -6.69598E+01
  288.00  -49.35   -8.62870E+01
  288.00  -55.16   -1.06575E+02
  288.00  -60.97   -1.27352E+02
  288.00  -66.77   -1.47726E+02
  288.00  -72.58   -1.66256E+02
  288.00  -78.39   -1.81014E+02
  288.00  -84.19   -1.89886E+02
  294.00   84.19    4.03831E+01
  294.00   78.39    3.33641E+01
  294.00   72.58    2.51852E+01
  294.00   66.77    1.68320E+01
  294.00   60.97    9.20510E+00
  294.00   55.16    2.95021E+00
  294.00   49.35   -1.60618E+00
  294.00   43.55   -4.41833E+00
  294.00   37.74   -5.62343E+00
  294.00   31.94   -5.44777E+00
  294.00   26.13   -4.16608E+00
  294.00   20.32   -2.12507E+00
  294.00   14.52    2.00317E-01
  294.00    8.71    2.17389E+00
  294.00    2.90    3.03661E+00
  294.00   -2.90    2.02811E+00
  294.00   -8.71   -1.44537E+00
  294.00  -14.52   -7.66686E+00
  294.00  -20.32   -1.65597E+01
  294.00  -26.13   -2.77669E+01
  294.00  -31.94   -4.08332E+01
  294.00  -37.74   -5.54068E+01
  294.00  -43.55   -7.13596E+01
  294.00  -49.35   -8.87458E+01
  294.00  -55.16   -1.07590E+02
  294.00  -60.97   -1.27576E+02
  294.00  -66.77   -1.47765E+02
  294.00  -72.58   -1.66484E+02
  294.00  -78.39   -1.81483E+02
  294.00  -84.19   -1.90341E+02
  300.00   84.19    3.97453E+01
  300.00   78.39    3.24087E+01
  300.00   72.58    2.42879E+01
  300.00   66.77    1.63051E+01
  300.00   60.97    9.19621E+00
  300.00   55.16    3.39519E+00
  300.00   49.35   -9.62002E-01
  300.00   43.55   -3.94198E+00
  300.00   37.74   -5.69326E+00
  300.00   31.94   -6.36914E+00
  300.00   26.13   -6.13208E+00
  300.00   20.32   -5.22699E+00
  300.00   14.52   -4.06762E+00
  300.00    8.71   -3.26680E+00
  300.00    2.90   -3.56585E+00
  300.00   -2.90   -5.67108E+00
  300.00   -8.71   -1.00597E+01
  300.00  -14.52   -1.68448E+01
  300.00  -20.32   -2.57740E+01
  300.00  -26.13   -3.63785E+01
  300.00  -31.94   -4.82169E+01
  300.00  -37.74   -6.11031E+01
  300.00  -43.55   -7.51973E+01
  300.00  -49.35   -9.08876E+01
  300.00  -55.16   -1.08478E+02
  300.00  -60.97   -1.27788E+02
  300.00  -66.77   -1.47833E+02
  300.00  -72.58   -1.66734E+02
  300.00  -78.39   -1.81946E+02
  300.00  -84.19   -1.90775E+02
  306.00   84.19    3.91750E+01
  306.00   78.39    3.16146E+01
  306.00   72.58    2.36532E+01
  306.00   66.77    1.61303E+01
  306.00   60.97    9.60219E+00
  306.00   55.16    4.28382E+00
  306.00   49.35    1.22692E-01
  306.00   43.55   -3.05036E+00
  306.00   37.74   -5.37952E+00
  306.00   31.94   -6.92586E+00
  306.00   26.13   -7.71885E+00
  306.00   20.32   -7.88214E+00
  306.00   14.52   -7.75414E+00
  306.00    8.71   -7.92047E+00
  306.00    2.90   -9.11613E+00
  306.00   -2.90   -1.20227E+01
  306.00   -8.71   -1.70458E+01
  306.00  -14.52   -2.41821E+01
  306.00  -20.32   -3.30524E+01
  306.00  -26.13   -4.31069E+01
  306.00  -31.94   -5.39204E+01
  306.00  -37.74   -6.54420E+01
  306.00  -43.55   -7.80638E+01
  306.00  -49.35   -9.24395E+01
  306.00  -55.16   -1.09090E+02
  306.00  -60.97   -1.27933E+02
  306.00  -66.77   -1.47930E+02
  306.00  -72.58   -1.67021E+02
  306.00  -78.39   -1.82413E+02
  306.00  -84.19   -1.91188E+02
  312.00   84.19    3.86748E+01
  312.00   78.39    3.09744E+01
  312.00   72.58    2.32535E+01
  312.00   66.77    1.62560E+01
  312.00   60.97    1.03540E+01
  312.00   55.16    5.54710E+00
  312.00   49.35    1.60236E+00
  312.00   43.55   -1.74328E+00
  312.00   37.74   -4.62275E+00
  312.00   31.94   -6.99862E+00
  312.00   26.13   -8.75873E+00
  312.00   20.32   -9.89210E+00
  312.00   14.52   -1.06449E+01
  312.00    8.71   -1.15615E+01
  312.00    2.90   -1.33687E+01
  312.00   -2.90   -1.67426E+01
  312.00   -8.71   -2.20615E+01
  312.00  -14.52   -2.92680E+01
  312.00  -20.32   -3.79230E+01
  312.00  -26.13   -4.74462E+01
  312.00  -31.94   -5.74454E+01
  312.00  -37.74   -6.79785E+01
  312.00  -43.55   -7.96041E+01
  312.00  -49.35   -9.31545E+01
  312.00  -55.16   -1.09283E+02
  312.00  -60.97   -1.27949E+02
  312.00  -66.77   -1.48046E+02
  312.00  -72.58   -1.67354E+02
  312.00  -78.39   -1.82892E+02
  312.00  -84.19   -1.91582E+02
  318.00   84.19    3.82457E+01
  318.00   78.39    3.04778E+01
  318.00   72.58    2.30560E+01
  318.00   66.77    1.66230E+01
  318.00   60.97    1.13728E+01
  318.00   55.16    7.10385E+00
  318.00   49.35    3.41803E+00
  318.00   43.55   -3.33798E-02
  318.00   37.74   -3.37313E+00
  318.00   31.94   -6.47230E+00
  318.00   26.13   -9.08223E+00
  318.00   20.32   -1.10531E+01
  318.00   14.52   -1.25232E+01
  318.00    8.71   -1.39742E+01
  318.00    2.90   -1.61109E+01
  318.00   -2.90   -1.96115E+01
  318.00   -8.71   -2.48644E+01
  318.00  -14.52   -3.18234E+01
  318.00  -20.32   -4.00667E+01
  318.00  -26.13   -4.90489E+01
  318.00  -31.94   -5.84407E+01
  318.00  -37.74   -6.83891E+01
  318.00  -43.55   -7.95511E+01
  318.00  -49.35   -9.28394E+01
  318.00  -55.16   -1.08941E+02
  318.00  -60.97   -1.27782E+02
  318.00  -66.77   -1.48163E+02
  318.00  -72.58   -1.67735E+02
  318.00  -78.39   -1.83388E+02
  318.00  -84.19   -1.91955E+02
  324.00   84.19    3.78881E+01
  324.00   78.39    3.01124E+01
  324.00   72.58    2.30252E+01
  324.00   66.77    1.71691E+01
  324.00   60.97    1.25762E+01
  324.00   55.16    8.86897E+00
  324.00   49.35    5.50580E+00
  324.00   43.55    2.06146E+00
  324.00   37.74   -1.58443E+00
  324.00   31.94   -5.23103E+00
  324.00   26.13   -8.51301E+00
  324.00   20.32   -1.11494E+01
  324.00   14.52   -1.31602E+01
  324.00    8.71   -1.49404E+01
  324.00    2.90   -1.71491E+01
  324.00   -2.90   -2.04616E+01
  324.00   -8.71   -2.53037E+01
  324.00  -14.52   -3.17003E+01
  324.00  -20.32   -3.93261E+01
  324.00  -26.13   -4.77442E+01
  324.00  -31.94   -5.67277E+01
  324.00  -37.74   -6.65007E+01
  324.00  -43.55   -7.77535E+01
  324.00  -49.35   -9.13772E+01
  324.00  -55.16   -1.07984E+02
  324.00  -60.97   -1.27389E+02
  324.00  -66.77   -1.48267E+02
  324.00  -72.58   -1.68161E+02
  324.00  -78.39   -1.83898E+02
  324.00  -84.19   -1.92306E+02
  330.00   84.19    3.76014E+01
  330.00   78.39    2.98649E+01
  330.00   72.58    2.31257E+01
  330.00   66.77    1.78339E+01
  330.00   60.97    1.38855E+01
  330.00   55.16    1.07606E+01
  330.00   49.35    7.80305E+00
  330.00   43.55    4.52141E+00
  330.00   37.74    7.84631E-01
  330.00   31.94   -3.16520E+00
  330.00   26.13   -6.88000E+00
  330.00   20.32   -9.96884E+00
  330.00   14.52   -1.23318E+01
  330.00    8.71   -1.42547E+01
  330.00    2.90   -1.63211E+01
  330.00   -2.90   -1.91870E+01
  330.00   -8.71   -2.33286E+01
  330.00  -14.52   -2.88908E+01
  330.00  -20.32   -3.57172E+01
  330.00  -26.13   -4.35526E+01
  330.00  -31.94   -5.23179E+01
  330.00  -37.74   -6.23098E+01
  330.00  -43.55   -7.41941E+01
  330.00  -49.35   -8.87437E+01
  330.00  -55.16   -1.06390E+02
  330.00  -60.97   -1.26752E+02
  330.00  -66.77   -1.48344E+02
  330.00  -72.58   -1.68625E+02
  330.00  -78.39   -1.84419E+02
  330.00  -84.19   -1.92632E+02
  336.00   84.19    3.73845E+01
  336.00   78.39    2.97221E+01
  336.00   72.58    2.33245E+01
  336.00   66.77    1.85629E+01
  336.00   60.97    1.52297E+01
  336.00   55.16    1.27046E+01
  336.00   49.35    1.02504E+01
  336.00   43.55    7.32116E+00
  336.00   37.74    3.75856E+00
  336.00   31.94   -1.93207E-01
  336.00   26.13   -4.04932E+00
  336.00   20.32   -7.34297E+00
  336.00   14.52   -9.86322E+00
  336.00    8.71   -1.17690E+01
  336.00    2.90   -1.35366E+01
  336.00   -2.90   -1.57760E+01
  336.00   -8.71   -1.90123E+01
  336.00  -14.52   -2.35426E+01
  336.00  -20.32   -2.94389E+01
  336.00  -26.13   -3.66930E+01
  336.00  -31.94   -4.54188E+01
  336.00  -37.74   -5.59888E+01
  336.00  -43.55   -6.89973E+01
  336.00  -49.35   -8.50142E+01
  336.00  -55.16   -1.04193E+02
  336.00  -60.97   -1.25878E+02
  336.00  -66.77   -1.48390E+02
  336.00  -72.58   -1.69116E+02
  336.00  -78.39   -1.84943E+02
  336.00  -84.19   -1.92928E+02
  342.00   84.19    3.72360E+01
  342.00   78.39    2.96718E+01
  342.00   72.58    2.35927E+01
  342.00   66.77    1.93097E+01
  342.00   60.97    1.65493E+01
  342.00   55.16    1.46362E+01
  342.00   49.35    1.27890E+01
  342.00   43.55    1.04198E+01
  342.00   37.74    7.32451E+00
  342.00   31.94    3.70540E+00
  342.00   26.13    3.00512E-02
  342.00   20.32   -3.20295E+00
  342.00   14.52   -5.69041E+00
  342.00    8.71   -7.45381E+00
  342.00    2.90   -8.83100E+00
  342.00   -2.90   -1.03531E+01
  342.00   -8.71   -1.25791E+01
  342.00  -14.52   -1.59719E+01
  342.00  -20.32   -2.08736E+01
  342.00  -26.13   -2.75751E+01
  342.00  -31.94   -3.64237E+01
  342.00  -37.74   -4.78760E+01
  342.00  -43.55   -6.24216E+01
  342.00  -49.35   -8.03598E+01
  342.00  -55.16   -1.01485E+02
  342.00  -60.97   -1.24801E+02
  342.00  -66.77   -1.48404E+02
  342.00  -72.58   -1.69623E+02
  342.00  -78.39   -1.85458E+02
  342.00  -84.19   -1.93190E+02
  348.00   84.19    3.71542E+01
  348.00   78.39    2.97035E+01
  348.00   72.58    2.39073E+01
  348.00   66.77    2.00382E+01
  348.00   60.97    1.77968E+01
  348.00   55.16    1.64986E+01
  348.00   49.35    1.53548E+01
  348.00   43.55    1.37475E+01
  348.00   37.74    1.14088E+01
  348.00   31.94    8.45480E+00
  348.00   26.13    5.27966E+00
  348.00   20.32    2.36504E+00
  348.00   14.52    8.05225E-02
  348.00    8.71   -1.45456E+00
  348.00    2.90   -2.41287E+00
  348.00   -2.90   -3.21187E+00
  348.00   -8.71   -4.41905E+00
  348.00  -14.52   -6.66090E+00
  348.00  -20.32   -1.05703E+01
  348.00  -26.13   -1.67731E+01
  348.00  -31.94   -2.58820E+01
  348.00  -37.74   -3.84483E+01
  348.00  -43.55   -5.48376E+01
  348.00  -49.35   -7.50323E+01
  348.00  -55.16   -9.84090E+01
  348.00  -60.97   -1.23581E+02
  348.00  -66.77   -1.48392E+02
  348.00  -72.58   -1.70132E+02
  348.00  -78.39   -1.85951E+02
  348.00  -84.19   -1.93412E+02
  354.00   84.19    3.71376E+01
  354.00   78.39    2.98089E+01
  354.00   72.58    2.42514E+01
  354.00   66.77    2.07228E+01
  354.00   60.97    1.89362E+01
  354.00   55.16    1.82404E+01
  354.00   49.35    1.78718E+01
  354.00   43.55    1.71939E+01
  354.00   37.74    1.58591E+01
  354.00   31.94    1.38577E+01
  354.00   26.13    1.14600E+01
  354.00   20.32    9.08393E+00
  354.00   14.52    7.13723E+00
  354.00    8.71    5.87686E+00
  354.00    2.90    5.31478E+00
  354.00   -2.90    5.17866E+00
  354.00   -8.71    4.92161E+00
  354.00  -14.52    3.76924E+00
  354.00  -20.32    7.94772E-01
  354.00  -26.13   -4.97948E+00
  354.00  -31.94   -1.44513E+01
  354.00  -37.74   -2.82775E+01
  354.00  -43.55   -4.66932E+01
  354.00  -49.35   -6.93391E+01
  354.00  -55.16   -9.51406E+01
  354.00  -60.97   -1.22289E+02
  354.00  -66.77   -1.48366E+02
  354.00  -72.58   -1.70627E+02
  354.00  -78.39   -1.86405E+02
  354.00  -84.19   -1.93587E+02
