 -177.00   84.19   -1.09738E+03
 -177.00   78.39   -2.71098E+03
 -177.00   72.58   -4.46234E+03
 -177.00   66.77   -6.15257E+03
 -177.00   60.97   -7.57499E+03
 -177.00   55.16   -8.54331E+03
 -177.00   49.35   -8.91682E+03
 -177.00   43.55   -8.61887E+03
 -177.00   37.74   -7.64592E+03
 -177.00   31.94   -6.06619E+03
 -177.00   26.13   -4.00832E+03
 -177.00   20.32   -1.64225E+03
 -177.00   14.52    8.44561E+02
 -177.00    8.71    3.27163E+03
 -177.00    2.90    5.48694E+03
 -177.00   -2.90    7.38217E+03
 -177.00   -8.71    8.89964E+03
 -177.00  -14.52    1.00304E+04
 -177.00  -20.32    1.08042E+04
 -177.00  -26.13    1.12746E+04
 -177.00  -31.94    1.15000E+04
 -177.00  -37.74    1.15275E+04
 -177.00  -43.55    1.13798E+04
 -177.00  -49.35    1.10492E+04
 -177.00  -55.16    1.04995E+04
 -177.00  -60.97    9.67558E+03
 -177.00  -66.77    8.51835E+03
 -177.00  -72.58    6.98337E+03
 -177.00  -78.39    5.05869E+03
 -177.00  -84.19    2.77873E+03
 -171.00   84.19   -1.03723E+03
 -171.00   78.39   -2.59983E+03
 -171.00   72.58   -4.31735E+03
 -171.00   66.77   -5.99555E+03
 -171.00   60.97   -7.42870E+03
 -171.00   55.16   -8.42795E+03
 -171.00   49.35   -8.84752E+03
 -171.00   43.55   -8.60433E+03
 -171.00   37.74   -7.68854E+03
 -171.00   31.94   -6.16349E+03
 -171.00   26.13   -4.15532E+03
 -171.00   20.32   -1.83426E+03
 -171.00   14.52    6.09368E+02
 -171.00    8.71    2.99046E+03
 -171.00    2.90    5.15181E+03
 -171.00   -2.90    6.98076E+03
 -171.00   -8.71    8.41752E+03
 -171.00  -14.52    9.45423E+03
 -171.00  -20.32    1.01256E+04
 -171.00  -26.13    1.04933E+04
 -171.00  -31.94    1.06269E+04
 -171.00  -37.74    1.05854E+04
 -171.00  -43.55    1.04027E+04
 -171.00  -49.35    1.00801E+04
 -171.00  -55.16    9.58561E+03
 -171.00  -60.97    8.86315E+03
 -171.00  -66.77    7.84692E+03
 -171.00  -72.58    6.48047E+03
 -171.00  -78.39    4.73581E+03
 -171.00  -84.19    2.62937E+03
 -165.00   84.19   -9.62653E+02
 -165.00   78.39   -2.45462E+03
 -165.00   72.58   -4.11484E+03
 -165.00   66.77   -5.75609E+03
 -165.00   60.97   -7.17653E+03
 -165.00   55.16   -8.18805E+03
 -165.00   49.35   -8.64279E+03
 -165.00   43.55   -8.45371E+03
 -165.00   37.74   -7.60617E+03
 -165.00   31.94   -6.15891E+03
 -165.00   26.13   -4.23458E+03
 -165.00   20.32   -2.00151E+03
 -165.00   14.52    3.50242E+02
 -165.00    8.71    2.63463E+03
 -165.00    2.90    4.69307E+03
 -165.00   -2.90    6.41212E+03
 -165.00   -8.71    7.73271E+03
 -165.00  -14.52    8.65002E+03
 -165.00  -20.32    9.20445E+03
 -165.00  -26.13    9.46570E+03
 -165.00  -31.94    9.51316E+03
 -165.00  -37.74    9.41617E+03
 -165.00  -43.55    9.21805E+03
 -165.00  -49.35    8.92651E+03
 -165.00  -55.16    8.51253E+03
 -165.00  -60.97    7.91769E+03
 -165.00  -66.77    7.06881E+03
 -165.00  -72.58    5.89717E+03
 -165.00  -78.39    4.35894E+03
 -165.00  -84.19    2.45277E+03
 -159.00   84.19   -8.74534E+02
 -159.00   78.39   -2.27698E+03
 -159.00   72.58   -3.85682E+03
 -159.00   66.77   -5.43600E+03
 -159.00   60.97   -6.81955E+03
 -159.00   55.16   -7.82347E+03
 -159.00   49.35   -8.30117E+03
 -159.00   43.55   -8.16439E+03
 -159.00   37.74   -7.39542E+03
 -159.00   31.94   -6.04887E+03
 -159.00   26.13   -4.24294E+03
 -159.00   20.32   -2.14177E+03
 -159.00   14.52    6.82270E+01
 -159.00    8.71    2.20407E+03
 -159.00    2.90    4.11000E+03
 -159.00   -2.90    5.67563E+03
 -159.00   -8.71    6.84568E+03
 -159.00  -14.52    7.62032E+03
 -159.00  -20.32    8.04631E+03
 -159.00  -26.13    8.20093E+03
 -159.00  -31.94    8.17178E+03
 -159.00  -37.74    8.03628E+03
 -159.00  -43.55    7.84450E+03
 -159.00  -49.35    7.60843E+03
 -159.00  -55.16    7.29984E+03
 -159.00  -60.97    6.85687E+03
 -159.00  -66.77    6.19845E+03
 -159.00  -72.58    5.24391E+03
 -159.00  -78.39    3.93429E+03
 -159.00  -84.19    2.25145E+03
 -153.00   84.19   -7.74002E+02
 -153.00   78.39   -2.06940E+03
 -153.00   72.58   -3.54703E+03
 -153.00   66.77   -5.03996E+03
 -153.00   60.97   -6.36296E+03
 -153.00   55.16   -7.33947E+03
 -153.00   49.35   -7.82749E+03
 -153.00   43.55   -7.74037E+03
 -153.00   37.74   -7.05916E+03
 -153.00   31.94   -5.83486E+03
 -153.00   26.13   -4.18033E+03
 -153.00   20.32   -2.25320E+03
 -153.00   14.52   -2.32872E+02
 -153.00    8.71    1.70486E+03
 -153.00    2.90    3.41132E+03
 -153.00   -2.90    4.78299E+03
 -153.00   -8.71    5.77144E+03
 -153.00  -14.52    6.38361E+03
 -153.00  -20.32    6.67311E+03
 -153.00  -26.13    6.72392E+03
 -153.00  -31.94    6.63004E+03
 -153.00  -37.74    6.47437E+03
 -153.00  -43.55    6.31091E+03
 -153.00  -49.35    6.15344E+03
 -153.00  -55.16    5.97254E+03
 -153.00  -60.97    5.70189E+03
 -153.00  -66.77    5.25244E+03
 -153.00  -72.58    4.53229E+03
 -153.00  -78.39    3.46869E+03
 -153.00  -84.19    2.02819E+03
 -147.00   84.19   -6.62420E+02
 -147.00   78.39   -1.83513E+03
 -147.00   72.58   -3.19088E+03
 -147.00   66.77   -4.57554E+03
 -147.00   60.97   -5.81614E+03
 -147.00   55.16   -6.74664E+03
 -147.00   49.35   -7.23275E+03
 -147.00   43.55   -7.19207E+03
 -147.00   37.74   -6.60616E+03
 -147.00   31.94   -5.52295E+03
 -147.00   26.13   -4.04904E+03
 -147.00   20.32   -2.33343E+03
 -147.00   14.52   -5.45241E+02
 -147.00    8.71    1.15072E+03
 -147.00    2.90    2.61679E+03
 -147.00   -2.90    3.75991E+03
 -147.00   -8.71    4.54112E+03
 -147.00  -14.52    4.97566E+03
 -147.00  -20.32    5.12411E+03
 -147.00  -26.13    5.07616E+03
 -147.00  -31.94    4.93008E+03
 -147.00  -37.74    4.77163E+03
 -147.00  -43.55    4.65605E+03
 -147.00  -49.35    4.59645E+03
 -147.00  -55.16    4.56063E+03
 -147.00  -60.97    4.47709E+03
 -147.00  -66.77    4.24913E+03
 -147.00  -72.58    3.77482E+03
 -147.00  -78.39    2.96939E+03
 -147.00  -84.19    1.78600E+03
 -141.00   84.19   -5.41367E+02
 -141.00   78.39   -1.57814E+03
 -141.00   72.58   -2.79533E+03
 -141.00   66.77   -4.05290E+03
 -141.00   60.97   -5.19227E+03
 -141.00   55.16   -6.06049E+03
 -141.00   49.35   -6.53365E+03
 -141.00   43.55   -6.53583E+03
 -141.00   37.74   -6.05059E+03
 -141.00   31.94   -5.12316E+03
 -141.00   26.13   -3.85312E+03
 -141.00   20.32   -2.37889E+03
 -141.00   14.52   -8.56590E+02
 -141.00    8.71    5.63282E+02
 -141.00    2.90    1.75739E+03
 -141.00   -2.90    2.64600E+03
 -141.00   -8.71    3.20169E+03
 -141.00  -14.52    3.44899E+03
 -141.00  -20.32    3.45527E+03
 -141.00  -26.13    3.31466E+03
 -141.00  -31.94    3.12772E+03
 -141.00  -37.74    2.98063E+03
 -141.00  -43.55    2.92743E+03
 -141.00  -49.35    2.97866E+03
 -141.00  -55.16    3.09820E+03
 -141.00  -60.97    3.20919E+03
 -141.00  -66.77    3.20809E+03
 -141.00  -72.58    2.98459E+03
 -141.00  -78.39    2.44394E+03
 -141.00  -84.19    1.52801E+03
 -135.00   84.19   -4.12594E+02
 -135.00   78.39   -1.30301E+03
 -135.00   72.58   -2.36865E+03
 -135.00   66.77   -3.48447E+03
 -135.00   60.97   -4.50784E+03
 -135.00   55.16   -5.30082E+03
 -135.00   49.35   -5.75182E+03
 -135.00   43.55   -5.79309E+03
 -135.00   37.74   -5.41121E+03
 -135.00   31.94   -4.64890E+03
 -135.00   26.13   -3.59805E+03
 -135.00   20.32   -2.38500E+03
 -135.00   14.52   -1.15068E+03
 -135.00    8.71   -2.88878E+01
 -135.00    2.90    8.73746E+02
 -135.00   -2.90    1.49277E+03
 -135.00   -8.71    1.81351E+03
 -135.00  -14.52    1.87012E+03
 -135.00  -20.32    1.73626E+03
 -135.00  -26.13    1.50914E+03
 -135.00  -31.94    1.28976E+03
 -135.00  -37.74    1.16271E+03
 -135.00  -43.55    1.17912E+03
 -135.00  -49.35    1.34570E+03
 -135.00  -55.16    1.62197E+03
 -135.00  -60.97    1.92623E+03
 -135.00  -66.77    2.14945E+03
 -135.00  -72.58    2.17485E+03
 -135.00  -78.39    1.89995E+03
 -135.00  -84.19    1.25747E+03
 -129.00   84.19   -2.77989E+02
 -129.00   78.39   -1.01476E+03
 -129.00   72.58   -1.92010E+03
 -129.00   66.77   -2.88443E+03
 -129.00   60.97   -3.78193E+03
 -129.00   55.16   -4.49078E+03
 -129.00   49.35   -4.91284E+03
 -129.00   43.55   -4.98940E+03
 -129.00   37.74   -4.71054E+03
 -129.00   31.94   -4.11648E+03
 -129.00   26.13   -3.29082E+03
 -129.00   20.32   -2.34679E+03
 -129.00   14.52   -1.40883E+03
 -129.00    8.71   -5.92648E+02
 -129.00    2.90    1.30146E+01
 -129.00   -2.90    3.59762E+02
 -129.00   -8.71    4.45934E+02
 -129.00  -14.52    3.14911E+02
 -129.00  -20.32    4.56731E+01
 -129.00  -26.13   -2.62783E+02
 -129.00  -31.94   -5.10498E+02
 -129.00  -37.74   -6.15810E+02
 -129.00  -43.55   -5.31495E+02
 -129.00  -49.35   -2.54949E+02
 -129.00  -55.16    1.69444E+02
 -129.00  -60.97    6.56349E+02
 -129.00  -66.77    1.09306E+03
 -129.00  -72.58    1.35857E+03
 -129.00  -78.39    1.34494E+03
 -129.00  -84.19    9.77658E+02
 -123.00   84.19   -1.39536E+02
 -123.00   78.39   -7.18734E+02
 -123.00   72.58   -1.45961E+03
 -123.00   66.77   -2.26809E+03
 -123.00   60.97   -3.03532E+03
 -123.00   55.16   -3.65580E+03
 -123.00   49.35   -4.04497E+03
 -123.00   43.55   -4.15322E+03
 -123.00   37.74   -3.97399E+03
 -123.00   31.94   -3.54469E+03
 -123.00   26.13   -2.94020E+03
 -123.00   20.32   -2.26018E+03
 -123.00   14.52   -1.61218E+03
 -123.00    8.71   -1.09364E+03
 -123.00    2.90   -7.75537E+02
 -123.00   -2.90   -6.90690E+02
 -123.00   -8.71   -8.28610E+02
 -123.00  -14.52   -1.13782E+03
 -123.00  -20.32   -1.53530E+03
 -123.00  -26.13   -1.92155E+03
 -123.00  -31.94   -2.19865E+03
 -123.00  -37.74   -2.28845E+03
 -123.00  -43.55   -2.14760E+03
 -123.00  -49.35   -1.77689E+03
 -123.00  -55.16   -1.22324E+03
 -123.00  -60.97   -5.73682E+02
 -123.00  -66.77    5.77055E+01
 -123.00  -72.58    5.48042E+02
 -123.00  -78.39    7.86119E+02
 -123.00  -84.19    6.91828E+02
 -117.00   84.19    7.38942E-01
 -117.00   78.39   -4.20384E+02
 -117.00   72.58   -9.97371E+02
 -117.00   66.77   -1.65124E+03
 -117.00   60.97   -2.28952E+03
 -117.00   55.16   -2.82230E+03
 -117.00   49.35   -3.17779E+03
 -117.00   43.55   -3.31460E+03
 -117.00   37.74   -3.22880E+03
 -117.00   31.94   -2.95436E+03
 -117.00   26.13   -2.55718E+03
 -117.00   20.32   -2.12343E+03
 -117.00   14.52   -1.74438E+03
 -117.00    8.71   -1.50021E+03
 -117.00    2.90   -1.44560E+03
 -117.00   -2.90   -1.59957E+03
 -117.00   -8.71   -1.94139E+03
 -117.00  -14.52   -2.41335E+03
 -117.00  -20.32   -2.93000E+03
 -117.00  -26.13   -3.39245E+03
 -117.00  -31.94   -3.70534E+03
 -117.00  -37.74   -3.79374E+03
 -117.00  -43.55   -3.61714E+03
 -117.00  -49.35   -3.17803E+03
 -117.00  -55.16   -2.52357E+03
 -117.00  -60.97   -1.73989E+03
 -117.00  -66.77   -9.39782E+02
 -117.00  -72.58   -2.45547E+02
 -117.00  -78.39    2.30259E+02
 -117.00  -84.19    4.03179E+02
 -111.00   84.19    1.40811E+02
 -111.00   78.39   -1.25104E+02
 -111.00   72.58   -5.43413E+02
 -111.00   66.77   -1.04941E+03
 -111.00   60.97   -1.56571E+03
 -111.00   55.16   -2.01640E+03
 -111.00   49.35   -2.34071E+03
 -111.00   43.55   -2.50378E+03
 -111.00   37.74   -2.50289E+03
 -111.00   31.94   -2.36778E+03
 -111.00   26.13   -2.15520E+03
 -111.00   20.32   -1.93852E+03
 -111.00   14.52   -1.79417E+03
 -111.00    8.71   -1.78727E+03
 -111.00    2.90   -1.95889E+03
 -111.00   -2.90   -2.31718E+03
 -111.00   -8.71   -2.83409E+03
 -111.00  -14.52   -3.44816E+03
 -111.00  -20.32   -4.07335E+03
 -111.00  -26.13   -4.61232E+03
 -111.00  -31.94   -4.97220E+03
 -111.00  -37.74   -5.08027E+03
 -111.00  -43.55   -4.89690E+03
 -111.00  -49.35   -4.42361E+03
 -111.00  -55.16   -3.70475E+03
 -111.00  -60.97   -2.82243E+03
 -111.00  -66.77   -1.88523E+03
 -111.00  -72.58   -1.01250E+03
 -111.00  -78.39   -3.16483E+02
 -111.00  -84.19    1.14799E+02
 -105.00   84.19    2.78704E+02
 -105.00   78.39    1.61947E+02
 -105.00   72.58   -1.07209E+02
 -105.00   66.77   -4.77140E+02
 -105.00   60.97   -8.83698E+02
 -105.00   55.16   -1.26258E+03
 -105.00   49.35   -1.56144E+03
 -105.00   43.55   -1.74958E+03
 -105.00   37.74   -1.82360E+03
 -105.00   31.94   -1.80793E+03
 -105.00   26.13   -1.75017E+03
 -105.00   20.32   -1.71205E+03
 -105.00   14.52   -1.75741E+03
 -105.00    8.71   -1.93946E+03
 -105.00    2.90   -2.28937E+03
 -105.00   -2.90   -2.80837E+03
 -105.00   -8.71   -3.46468E+03
 -105.00  -14.52   -4.19611E+03
 -105.00  -20.32   -4.91798E+03
 -105.00  -26.13   -5.53527E+03
 -105.00  -31.94   -5.95708E+03
 -105.00  -37.74   -6.11113E+03
 -105.00  -43.55   -5.95597E+03
 -105.00  -49.35   -5.48878E+03
 -105.00  -55.16   -4.74748E+03
 -105.00  -60.97   -3.80667E+03
 -105.00  -66.77   -2.76774E+03
 -105.00  -72.58   -1.74485E+03
 -105.00  -78.39   -8.48653E+02
 -105.00  -84.19   -1.70370E+02
  -99.00   84.19    4.12539E+02
  -99.00   78.39    4.36019E+02
  -99.00   72.58    3.02702E+02
  -99.00   66.77    5.26137E+01
  -99.00   60.97   -2.60959E+02
  -99.00   55.16   -5.82361E+02
  -99.00   49.35   -8.64496E+02
  -99.00   43.55   -1.07787E+03
  -99.00   37.74   -1.21615E+03
  -99.00   31.94   -1.29727E+03
  -99.00   26.13   -1.35983E+03
  -99.00   20.32   -1.45542E+03
  -99.00   14.52   -1.63813E+03
  -99.00    8.71   -1.95312E+03
  -99.00    2.90   -2.42615E+03
  -99.00   -2.90   -3.05606E+03
  -99.00   -8.71   -3.81152E+03
  -99.00  -14.52   -4.63285E+03
  -99.00  -20.32   -5.43873E+03
  -99.00  -26.13   -6.13700E+03
  -99.00  -31.94   -6.63779E+03
  -99.00  -37.74   -6.86704E+03
  -99.00  -43.55   -6.77823E+03
  -99.00  -49.35   -6.36040E+03
  -99.00  -55.16   -5.64115E+03
  -99.00  -60.97   -4.68393E+03
  -99.00  -66.77   -3.58007E+03
  -99.00  -72.58   -2.43658E+03
  -99.00  -78.39   -1.36158E+03
  -99.00  -84.19   -4.49553E+02
  -93.00   84.19    5.40568E+02
  -93.00   78.39    6.92903E+02
  -93.00   72.58    6.79037E+02
  -93.00   66.77    5.29110E+02
  -93.00   60.97    2.88251E+02
  -93.00   55.16    6.82736E+00
  -93.00   49.35   -2.69759E+02
  -93.00   43.55   -5.09962E+02
  -93.00   37.74   -7.02085E+02
  -93.00   31.94   -8.56337E+02
  -93.00   26.13   -1.00257E+03
  -93.00   20.32   -1.18403E+03
  -93.00   14.52   -1.44828E+03
  -93.00    8.71   -1.83667E+03
  -93.00    2.90   -2.37439E+03
  -93.00   -2.90   -3.06277E+03
  -93.00   -8.71   -3.87526E+03
  -93.00  -14.52   -4.75795E+03
  -93.00  -20.32   -5.63480E+03
  -93.00  -26.13   -6.41683E+03
  -93.00  -31.94   -7.01400E+03
  -93.00  -37.74   -7.34793E+03
  -93.00  -43.55   -7.36358E+03
  -93.00  -49.35   -7.03795E+03
  -93.00  -55.16   -6.38437E+03
  -93.00  -60.97   -5.45175E+03
  -93.00  -66.77   -4.31874E+03
  -93.00  -72.58   -3.08361E+03
  -93.00  -78.39   -1.85138E+03
  -93.00  -84.19   -7.20164E+02
  -87.00   84.19    6.61212E+02
  -87.00   78.39    9.29056E+02
  -87.00   72.58    1.01602E+03
  -87.00   66.77    9.44239E+02
  -87.00   60.97    7.53562E+02
  -87.00   55.16    4.92591E+02
  -87.00   49.35    2.08704E+02
  -87.00   43.55   -6.12003E+01
  -87.00   37.74   -2.97644E+02
  -87.00   31.94   -5.01986E+02
  -87.00   26.13   -6.95709E+02
  -87.00   20.32   -9.15692E+02
  -87.00   14.52   -1.20625E+03
  -87.00    8.71   -1.60928E+03
  -87.00    2.90   -2.15425E+03
  -87.00   -2.90   -2.84977E+03
  -87.00   -8.71   -3.67819E+03
  -87.00  -14.52   -4.59448E+03
  -87.00  -20.32   -5.52948E+03
  -87.00  -26.13   -6.39752E+03
  -87.00  -31.94   -7.10701E+03
  -87.00  -37.74   -7.57272E+03
  -87.00  -43.55   -7.72771E+03
  -87.00  -49.35   -7.53320E+03
  -87.00  -55.16   -6.98473E+03
  -87.00  -60.97   -6.11370E+03
  -87.00  -66.77   -4.98392E+03
  -87.00  -72.58   -3.68376E+03
  -87.00  -78.39   -2.31496E+03
  -87.00  -84.19   -9.79814E+02
  -81.00   84.19    7.73083E+02
  -81.00   78.39    1.14167E+03
  -81.00   72.58    1.30954E+03
  -81.00   66.77    1.29281E+03
  -81.00   60.97    1.12895E+03
  -81.00   55.16    8.68237E+02
  -81.00   49.35    5.63555E+02
  -81.00   43.55    2.60234E+02
  -81.00   37.74   -1.22951E+01
  -81.00   31.94   -2.45629E+02
  -81.00   26.13   -4.53432E+02
  -81.00   20.32   -6.68194E+02
  -81.00   14.52   -9.34223E+02
  -81.00    8.71   -1.29806E+03
  -81.00    2.90   -1.79794E+03
  -81.00   -2.90   -2.45402E+03
  -81.00   -8.71   -3.26124E+03
  -81.00  -14.52   -4.18599E+03
  -81.00  -20.32   -5.16730E+03
  -81.00  -26.13   -6.12263E+03
  -81.00  -31.94   -6.95747E+03
  -81.00  -37.74   -7.57732E+03
  -81.00  -43.55   -7.90037E+03
  -81.00  -49.35   -7.86893E+03
  -81.00  -55.16   -7.45786E+03
  -81.00  -60.97   -6.67872E+03
  -81.00  -66.77   -5.57899E+03
  -81.00  -72.58   -4.23653E+03
  -81.00  -78.39   -2.74990E+03
  -81.00  -84.19   -1.22631E+03
  -75.00   84.19    8.75004E+02
  -75.00   78.39    1.32872E+03
  -75.00   72.58    1.55724E+03
  -75.00   66.77    1.57268E+03
  -75.00   60.97    1.41291E+03
  -75.00   55.16    1.13307E+03
  -75.00   49.35    7.94671E+02
  -75.00   43.55    4.54081E+02
  -75.00   37.74    1.52410E+02
  -75.00   31.94   -9.16286E+01
  -75.00   26.13   -2.84618E+02
  -75.00   20.32   -4.56613E+02
  -75.00   14.52   -6.54876E+02
  -75.00    8.71   -9.34177E+02
  -75.00    2.90   -1.34526E+03
  -75.00   -2.90   -1.92339E+03
  -75.00   -8.71   -2.67892E+03
  -75.00  -14.52   -3.59151E+03
  -75.00  -20.32   -4.60909E+03
  -75.00  -26.13   -5.65190E+03
  -75.00  -31.94   -6.62114E+03
  -75.00  -37.74   -7.41102E+03
  -75.00  -43.55   -7.92250E+03
  -75.00  -49.35   -8.07666E+03
  -75.00  -55.16   -7.82569E+03
  -75.00  -60.97   -7.15994E+03
  -75.00  -66.77   -6.10988E+03
  -75.00  -72.58   -4.74275E+03
  -75.00  -78.39   -3.15441E+03
  -75.00  -84.19   -1.45765E+03
  -69.00   84.19    9.66019E+02
  -69.00   78.39    1.48895E+03
  -69.00   72.58    1.75844E+03
  -69.00   66.77    1.78463E+03
  -69.00   60.97    1.60835E+03
  -69.00   55.16    1.29231E+03
  -69.00   49.35    9.09149E+02
  -69.00   43.55    5.28235E+02
  -69.00   37.74    2.03433E+02
  -69.00   31.94   -3.61658E+01
  -69.00   26.13   -1.91029E+02
  -69.00   20.32   -2.90665E+02
  -69.00   14.52   -3.87832E+02
  -69.00    8.71   -5.48401E+02
  -69.00    2.90   -8.38471E+02
  -69.00   -2.90   -1.31084E+03
  -69.00   -8.71   -1.99305E+03
  -69.00  -14.52   -2.87900E+03
  -69.00  -20.32   -3.92560E+03
  -69.00  -26.13   -5.05520E+03
  -69.00  -31.94   -6.16346E+03
  -69.00  -37.74   -7.13176E+03
  -69.00  -43.55   -7.84228E+03
  -69.00  -49.35   -8.19356E+03
  -69.00  -55.16   -8.11430E+03
  -69.00  -60.97   -7.57331E+03
  -69.00  -66.77   -6.58421E+03
  -69.00  -72.58   -5.20419E+03
  -69.00  -78.39   -3.52712E+03
  -69.00  -84.19   -1.67201E+03
  -63.00   84.19    1.04539E+03
  -63.00   78.39    1.62185E+03
  -63.00   72.58    1.91405E+03
  -63.00   66.77    1.93216E+03
  -63.00   60.97    1.72217E+03
  -63.00   55.16    1.35653E+03
  -63.00   49.35    9.20758E+02
  -63.00   43.55    4.98310E+02
  -63.00   37.74    1.56130E+02
  -63.00   31.94   -6.68294E+01
  -63.00   26.13   -1.66174E+02
  -63.00   20.32   -1.72655E+02
  -63.00   14.52   -1.46593E+02
  -63.00    8.71   -1.66995E+02
  -63.00    2.90   -3.17047E+02
  -63.00   -2.90   -6.68289E+02
  -63.00   -8.71   -1.26602E+03
  -63.00  -14.52   -2.11828E+03
  -63.00  -20.32   -3.19036E+03
  -63.00  -26.13   -4.40568E+03
  -63.00  -31.94   -5.65325E+03
  -63.00  -37.74   -6.80065E+03
  -63.00  -43.55   -7.71063E+03
  -63.00  -49.35   -8.25904E+03
  -63.00  -55.16   -8.35145E+03
  -63.00  -60.97   -7.93594E+03
  -63.00  -66.77   -7.01039E+03
  -63.00  -72.58   -5.62312E+03
  -63.00  -78.39   -3.86698E+03
  -63.00  -84.19   -1.86772E+03
  -57.00   84.19    1.11260E+03
  -57.00   78.39    1.72757E+03
  -57.00   72.58    2.02635E+03
  -57.00   66.77    2.02101E+03
  -57.00   60.97    1.76461E+03
  -57.00   55.16    1.34079E+03
  -57.00   49.35    8.48846E+02
  -57.00   43.55    3.86531E+02
  -57.00   37.74    3.33166E+01
  -57.00   31.94   -1.63139E+02
  -57.00   26.13   -1.95151E+02
  -57.00   20.32   -9.64251E+01
  -57.00   14.52    6.35899E+01
  -57.00    8.71    1.91589E+02
  -57.00    2.90    1.86725E+02
  -57.00   -2.90   -4.11994E+01
  -57.00   -8.71   -5.54526E+02
  -57.00  -14.52   -1.37429E+03
  -57.00  -20.32   -2.47271E+03
  -57.00  -26.13   -3.77299E+03
  -57.00  -31.94   -5.15648E+03
  -57.00  -37.74   -6.47651E+03
  -57.00  -43.55   -7.57668E+03
  -57.00  -49.35   -8.31115E+03
  -57.00  -55.16   -8.56392E+03
  -57.00  -60.97   -8.26433E+03
  -57.00  -66.77   -7.39655E+03
  -57.00  -72.58   -6.00180E+03
  -57.00  -78.39   -4.17308E+03
  -57.00  -84.19   -2.04328E+03
  -51.00   84.19    1.16732E+03
  -51.00   78.39    1.80685E+03
  -51.00   72.58    2.09867E+03
  -51.00   66.77    2.05864E+03
  -51.00   60.97    1.74829E+03
  -51.00   55.16    1.26328E+03
  -51.00   49.35    7.16739E+02
  -51.00   43.55    2.19939E+02
  -51.00   37.74   -1.36516E+02
  -51.00   31.94   -2.98074E+02
  -51.00   26.13   -2.55662E+02
  -51.00   20.32   -4.75936E+01
  -51.00   14.52    2.46461E+02
  -51.00    8.71    5.18576E+02
  -51.00    2.90    6.50775E+02
  -51.00   -2.90    5.35543E+02
  -51.00   -8.71    9.54268E+01
  -51.00  -14.52   -7.01362E+02
  -51.00  -20.32   -1.83186E+03
  -51.00  -26.13   -3.21733E+03
  -51.00  -31.94   -4.73059E+03
  -51.00  -37.74   -6.21080E+03
  -51.00  -43.55   -7.48352E+03
  -51.00  -49.35   -8.38325E+03
  -51.00  -55.16   -8.77517E+03
  -51.00  -60.97   -8.57287E+03
  -51.00  -66.77   -7.74969E+03
  -51.00  -72.58   -6.34205E+03
  -51.00  -78.39   -4.44450E+03
  -51.00  -84.19   -2.19730E+03
  -45.00   84.19    1.20942E+03
  -45.00   78.39    1.86084E+03
  -45.00   72.58    2.13508E+03
  -45.00   66.77    2.05350E+03
  -45.00   60.97    1.68714E+03
  -45.00   55.16    1.14385E+03
  -45.00   49.35    5.49755E+02
  -45.00   43.55    2.80566E+01
  -45.00   37.74   -3.21722E+02
  -45.00   31.94   -4.40554E+02
  -45.00   26.13   -3.20195E+02
  -45.00   20.32   -5.16999E+00
  -45.00   14.52    4.13945E+02
  -45.00    8.71    8.15017E+02
  -45.00    2.90    1.06446E+03
  -45.00   -2.90    1.03989E+03
  -45.00   -8.71    6.51743E+02
  -45.00  -14.52   -1.39351E+02
  -45.00  -20.32   -1.31244E+03
  -45.00  -26.13   -2.78488E+03
  -45.00  -31.94   -4.42010E+03
  -45.00  -37.74   -6.04358E+03
  -45.00  -43.55   -7.46470E+03
  -45.00  -49.35   -8.50124E+03
  -45.00  -55.16   -9.00321E+03
  -45.00  -60.97   -8.87236E+03
  -45.00  -66.77   -8.07477E+03
  -45.00  -72.58   -6.64484E+03
  -45.00  -78.39   -4.68017E+03
  -45.00  -84.19   -2.32851E+03
  -39.00   84.19    1.23892E+03
  -39.00   78.39    1.89103E+03
  -39.00   72.58    2.14006E+03
  -39.00   66.77    2.01442E+03
  -39.00   60.97    1.59530E+03
  -39.00   55.16    1.00227E+03
  -39.00   49.35    3.73000E+02
  -39.00   43.55   -1.59799E+02
  -39.00   37.74   -4.90546E+02
  -39.00   31.94   -5.58658E+02
  -39.00   26.13   -3.59177E+02
  -39.00   20.32    5.55971E+01
  -39.00   14.52    5.83839E+02
  -39.00    8.71    1.09023E+03
  -39.00    2.90    1.42788E+03
  -39.00   -2.90    1.46284E+03
  -39.00   -8.71    1.09733E+03
  -39.00  -14.52    2.88265E+02
  -39.00  -20.32   -9.42108E+02
  -39.00  -26.13   -2.50498E+03
  -39.00  -31.94   -4.25364E+03
  -39.00  -37.74   -6.00074E+03
  -39.00  -43.55   -7.54179E+03
  -39.00  -49.35   -8.68151E+03
  -39.00  -55.16   -9.25911E+03
  -39.00  -60.97   -9.16903E+03
  -39.00  -66.77   -8.37420E+03
  -39.00  -72.58   -6.91001E+03
  -39.00  -78.39   -4.87881E+03
  -39.00  -84.19   -2.43577E+03
  -33.00   84.19    1.25596E+03
  -33.00   78.39    1.89909E+03
  -33.00   72.58    2.11812E+03
  -33.00   66.77    1.94986E+03
  -33.00   60.97    1.48593E+03
  -33.00   55.16    8.56652E+02
  -33.00   49.35    2.09138E+02
  -33.00   43.55   -3.17296E+02
  -33.00   37.74   -6.14378E+02
  -33.00   31.94   -6.23217E+02
  -33.00   26.13   -3.44737E+02
  -33.00   20.32    1.59499E+02
  -33.00   14.52    7.76356E+02
  -33.00    8.71    1.35879E+03
  -33.00    2.90    1.74947E+03
  -33.00   -2.90    1.80678E+03
  -33.00   -8.71    1.42917E+03
  -33.00  -14.52    5.74150E+02
  -33.00  -20.32   -7.31108E+02
  -33.00  -26.13   -2.38932E+03
  -33.00  -31.94   -4.24288E+03
  -33.00  -37.74   -6.09268E+03
  -33.00  -43.55   -7.72314E+03
  -33.00  -49.35   -8.92988E+03
  -33.00  -55.16   -9.54613E+03
  -33.00  -60.97   -9.46392E+03
  -33.00  -66.77   -8.64737E+03
  -33.00  -72.58   -7.13610E+03
  -33.00  -78.39   -5.03880E+03
  -33.00  -84.19   -2.51801E+03
  -27.00   84.19    1.26083E+03
  -27.00   78.39    1.88673E+03
  -27.00   72.58    2.07347E+03
  -27.00   66.77    1.86733E+03
  -27.00   60.97    1.37022E+03
  -27.00   55.16    7.21887E+02
  -27.00   49.35    7.63813E+01
  -27.00   43.55   -4.23653E+02
  -27.00   37.74   -6.70850E+02
  -27.00   31.94   -6.11366E+02
  -27.00   26.13   -2.54593E+02
  -27.00   20.32    3.27299E+02
  -27.00   14.52    1.01004E+03
  -27.00    8.71    1.63661E+03
  -27.00    2.90    2.04240E+03
  -27.00   -2.90    2.08231E+03
  -27.00   -8.71    1.65567E+03
  -27.00  -14.52    7.25063E+02
  -27.00  -20.32   -6.73798E+02
  -27.00  -26.13   -2.43284E+03
  -27.00  -31.94   -4.38299E+03
  -27.00  -37.74   -6.31459E+03
  -27.00  -43.55   -8.00382E+03
  -27.00  -49.35   -9.24143E+03
  -27.00  -55.16   -9.85953E+03
  -27.00  -60.97   -9.75271E+03
  -27.00  -66.77   -8.89061E+03
  -27.00  -72.58   -7.32025E+03
  -27.00  -78.39   -5.15825E+03
  -27.00  -84.19   -2.57431E+03
  -21.00   84.19    1.25387E+03
  -21.00   78.39    1.85563E+03
  -21.00   72.58    2.00981E+03
  -21.00   66.77    1.77290E+03
  -21.00   60.97    1.25665E+03
  -21.00   55.16    6.08550E+02
  -21.00   49.35   -1.30951E+01
  -21.00   43.55   -4.65698E+02
  -21.00   37.74   -6.46369E+02
  -21.00   31.94   -5.09552E+02
  -21.00   26.13   -7.54827E+01
  -21.00   20.32    5.71949E+02
  -21.00   14.52    1.29772E+03
  -21.00    8.71    1.93676E+03
  -21.00    2.90    2.32042E+03
  -21.00   -2.90    2.30426E+03
  -21.00   -8.71    1.79297E+03
  -21.00  -14.52    7.58481E+02
  -21.00  -20.32   -7.51559E+02
  -21.00  -26.13   -2.61624E+03
  -21.00  -31.94   -4.65464E+03
  -21.00  -37.74   -6.64787E+03
  -21.00  -43.55   -8.36677E+03
  -21.00  -49.35   -9.60127E+03
  -21.00  -55.16   -1.01871E+04
  -21.00  -60.97   -1.00260E+04
  -21.00  -66.77   -9.09732E+03
  -21.00  -72.58   -7.45833E+03
  -21.00  -78.39   -5.23499E+03
  -21.00  -84.19   -2.60386E+03
  -15.00   84.19    1.23551E+03
  -15.00   78.39    1.80733E+03
  -15.00   72.58    1.93011E+03
  -15.00   66.77    1.67088E+03
  -15.00   60.97    1.15044E+03
  -15.00   55.16    5.22162E+02
  -15.00   49.35   -5.41300E+01
  -15.00   43.55   -4.39147E+02
  -15.00   37.74   -5.37770E+02
  -15.00   31.94   -3.15583E+02
  -15.00   26.13    1.94361E+02
  -15.00   20.32    8.95686E+02
  -15.00   14.52    1.64324E+03
  -15.00    8.71    2.26586E+03
  -15.00    2.90    2.59394E+03
  -15.00   -2.90    2.48754E+03
  -15.00   -8.71    1.86076E+03
  -15.00  -14.52    6.98557E+02
  -15.00  -20.32   -9.36622E+02
  -15.00  -26.13   -2.90945E+03
  -15.00  -31.94   -5.02705E+03
  -15.00  -37.74   -7.06273E+03
  -15.00  -43.55   -8.78478E+03
  -15.00  -49.35   -9.98606E+03
  -15.00  -55.16   -1.05101E+04
  -15.00  -60.97   -1.02701E+04
  -15.00  -66.77   -9.25840E+03
  -15.00  -72.58   -7.54513E+03
  -15.00  -78.39   -5.26663E+03
  -15.00  -84.19   -2.60599E+03
   -9.00   84.19    1.20621E+03
   -9.00   78.39    1.74317E+03
   -9.00   72.58    1.83651E+03
   -9.00   66.77    1.56367E+03
   -9.00   60.97    1.05341E+03
   -9.00   55.16    4.62998E+02
   -9.00   49.35   -4.88233E+01
   -9.00   43.55   -3.48953E+02
   -9.00   37.74   -3.52809E+02
   -9.00   31.94   -3.93607E+01
   -9.00   26.13    5.44137E+02
   -9.00   20.32    1.28853E+03
   -9.00   14.52    2.03942E+03
   -9.00    8.71    2.62149E+03
   -9.00    2.90    2.86698E+03
   -9.00   -2.90    2.64371E+03
   -9.00   -8.71    1.87845E+03
   -9.00  -14.52    5.72071E+02
   -9.00  -20.32   -1.19615E+03
   -9.00  -26.13   -3.27554E+03
   -9.00  -31.94   -5.46158E+03
   -9.00  -37.74   -7.52137E+03
   -9.00  -43.55   -9.22320E+03
   -9.00  -49.35   -1.03661E+04
   -9.00  -55.16   -1.08050E+04
   -9.00  -60.97   -1.04678E+04
   -9.00  -66.77   -9.36283E+03
   -9.00  -72.58   -7.57465E+03
   -9.00  -78.39   -5.25074E+03
   -9.00  -84.19   -2.58022E+03
   -3.00   84.19    1.16647E+03
   -3.00   78.39    1.66428E+03
   -3.00   72.58    1.73030E+03
   -3.00   66.77    1.45181E+03
   -3.00   60.97    9.64127E+02
   -3.00   55.16    4.26416E+02
   -3.00   49.35   -6.01952E+00
   -3.00   43.55   -2.08625E+02
   -3.00   37.74   -1.09407E+02
   -3.00   31.94    2.97838E+02
   -3.00   26.13    9.51023E+02
   -3.00   20.32    1.72851E+03
   -3.00   14.52    2.46779E+03
   -3.00    8.71    2.99134E+03
   -3.00    2.90    3.13559E+03
   -3.00   -2.90    2.77862E+03
   -3.00   -8.71    1.86224E+03
   -3.00  -14.52    4.04981E+02
   -3.00  -20.32   -1.49601E+03
   -3.00  -26.13   -3.67463E+03
   -3.00  -31.94   -5.91560E+03
   -3.00  -37.74   -7.98147E+03
   -3.00  -43.55   -9.64290E+03
   -3.00  -49.35   -1.07078E+04
   -3.00  -55.16   -1.10452E+04
   -3.00  -60.97   -1.06001E+04
   -3.00  -66.77   -9.39844E+03
   -3.00  -72.58   -7.54049E+03
   -3.00  -78.39   -5.18495E+03
   -3.00  -84.19   -2.52624E+03
    3.00   84.19    1.11681E+03
    3.00   78.39    1.57157E+03
    3.00   72.58    1.61202E+03
    3.00   66.77    1.33423E+03
    3.00   60.97    8.78420E+02
    3.00   55.16    4.03691E+02
    3.00   49.35    5.99211E+01
    3.00   43.55   -3.86060E+01
    3.00   37.74    1.66313E+02
    3.00   31.94    6.65531E+02
    3.00   26.13    1.38236E+03
    3.00   20.32    2.18360E+03
    3.00   14.52    2.90015E+03
    3.00    8.71    3.35408E+03
    3.00    2.90    3.38792E+03
    3.00   -2.90    2.89169E+03
    3.00   -8.71    1.82345E+03
    3.00  -14.52    2.20000E+02
    3.00  -20.32   -1.80381E+03
    3.00  -26.13   -4.06731E+03
    3.00  -31.94   -6.34592E+03
    3.00  -37.74   -8.39956E+03
    3.00  -43.55   -1.00034E+04
    3.00  -49.35   -1.09762E+04
    3.00  -55.16   -1.12029E+04
    3.00  -60.97   -1.06470E+04
    3.00  -66.77   -9.35280E+03
    3.00  -72.58   -7.43636E+03
    3.00  -78.39   -5.06714E+03
    3.00  -84.19   -2.44399E+03
    9.00   84.19    1.05779E+03
    9.00   78.39    1.46571E+03
    9.00   72.58    1.48153E+03
    9.00   66.77    1.20856E+03
    9.00   60.97    7.90074E+02
    9.00   55.16    3.83234E+02
    9.00   49.35    1.30923E+02
    9.00   43.55    1.36139E+02
    9.00   37.74    4.42986E+02
    9.00   31.94    1.02741E+03
    9.00   26.13    1.79924E+03
    9.00   20.32    2.61532E+03
    9.00   14.52    3.30177E+03
    9.00    8.71    3.68201E+03
    9.00    2.90    3.60606E+03
    9.00   -2.90    2.97673E+03
    9.00   -8.71    1.76837E+03
    9.00  -14.52    3.54122E+01
    9.00  -20.32   -2.09093E+03
    9.00  -26.13   -4.41727E+03
    9.00  -31.94   -6.71186E+03
    9.00  -37.74   -8.73413E+03
    9.00  -43.55   -1.02656E+04
    9.00  -49.35   -1.11374E+04
    9.00  -55.16   -1.12513E+04
    9.00  -60.97   -1.05893E+04
    9.00  -66.77   -9.21409E+03
    9.00  -72.58   -7.25644E+03
    9.00  -78.39   -4.89563E+03
    9.00  -84.19   -2.33369E+03
   15.00   84.19    9.89965E+02
   15.00   78.39    1.34725E+03
   15.00   72.58    1.33825E+03
   15.00   66.77    1.07163E+03
   15.00   60.97    6.91737E+02
   15.00   55.16    3.52059E+02
   15.00   49.35    1.87357E+02
   15.00   43.55    2.89016E+02
   15.00   37.74    6.87604E+02
   15.00   31.94    1.34552E+03
   15.00   26.13    2.16106E+03
   15.00   20.32    2.98333E+03
   15.00   14.52    3.63582E+03
   15.00    8.71    3.94494E+03
   15.00    2.90    3.76915E+03
   15.00   -2.90    3.02402E+03
   15.00   -8.71    1.69927E+03
   15.00  -14.52   -1.34923E+02
   15.00  -20.32   -2.33345E+03
   15.00  -26.13   -4.69300E+03
   15.00  -31.94   -6.97742E+03
   15.00  -37.74   -8.94802E+03
   15.00  -43.55   -1.03944E+04
   15.00  -49.35   -1.11610E+04
   15.00  -55.16   -1.11661E+04
   15.00  -60.97   -1.04101E+04
   15.00  -66.77   -8.97193E+03
   15.00  -72.58   -6.99594E+03
   15.00  -78.39   -4.66933E+03
   15.00  -84.19   -2.19584E+03
   21.00   84.19    9.13906E+02
   21.00   78.39    1.21660E+03
   21.00   72.58    1.18132E+03
   21.00   66.77    9.19948E+02
   21.00   60.97    5.75859E+02
   21.00   55.16    2.97331E+02
   21.00   49.35    2.10300E+02
   21.00   43.55    3.94847E+02
   21.00   37.74    8.69314E+02
   21.00   31.94    1.58471E+03
   21.00   26.13    2.43043E+03
   21.00   20.32    3.25059E+03
   21.00   14.52    3.86839E+03
   21.00    8.71    4.11484E+03
   21.00    2.90    3.85734E+03
   21.00   -2.90    3.02348E+03
   21.00   -8.71    1.61646E+03
   21.00  -14.52   -2.80610E+02
   21.00  -20.32   -2.51221E+03
   21.00  -26.13   -4.86870E+03
   21.00  -31.94   -7.11281E+03
   21.00  -37.74   -9.01033E+03
   21.00  -43.55   -1.03605E+04
   21.00  -49.35   -1.10214E+04
   21.00  -55.16   -1.09274E+04
   21.00  -60.97   -1.00952E+04
   21.00  -66.77   -8.61816E+03
   21.00  -72.58   -6.65144E+03
   21.00  -78.39   -4.38794E+03
   21.00  -84.19   -2.03126E+03
   27.00   84.19    8.30217E+02
   27.00   78.39    1.07414E+03
   27.00   72.58    1.00984E+03
   27.00   66.77    7.50185E+02
   27.00   60.97    4.35583E+02
   27.00   55.16    2.07801E+02
   27.00   49.35    1.83632E+02
   27.00   43.55    4.32672E+02
   27.00   37.74    9.62936E+02
   27.00   31.94    1.71675E+03
   27.00   26.13    2.57778E+03
   27.00   20.32    3.38819E+03
   27.00   14.52    3.97338E+03
   27.00    8.71    4.17043E+03
   27.00    2.90    3.85580E+03
   27.00   -2.90    2.96789E+03
   27.00   -8.71    1.52074E+03
   27.00  -14.52   -3.93208E+02
   27.00  -20.32   -2.61218E+03
   27.00  -26.13   -4.92441E+03
   27.00  -31.94   -7.09523E+03
   27.00  -37.74   -8.89760E+03
   27.00  -43.55   -1.01418E+04
   27.00  -49.35   -1.06998E+04
   27.00  -55.16   -1.05206E+04
   27.00  -60.97   -9.63480E+03
   27.00  -66.77   -8.14747E+03
   27.00  -72.58   -6.22129E+03
   27.00  -78.39   -4.05207E+03
   27.00  -84.19   -1.84115E+03
   33.00   84.19    7.39526E+02
   33.00   78.39    9.20250E+02
   33.00   72.58    8.23038E+02
   33.00   66.77    5.59581E+02
   33.00   60.97    2.65489E+02
   33.00   55.16    7.49775E+01
   33.00   49.35    9.57113E+01
   33.00   43.55    3.87987E+02
   33.00   37.74    9.51743E+02
   33.00   31.94    1.72366E+03
   33.00   26.13    2.58504E+03
   33.00   20.32    3.37927E+03
   33.00   14.52    3.93643E+03
   33.00    8.71    4.10096E+03
   33.00    2.90    3.75827E+03
   33.00   -2.90    2.85587E+03
   33.00   -8.71    1.41567E+03
   33.00  -14.52   -4.64631E+02
   33.00  -20.32   -2.62157E+03
   33.00  -26.13   -4.84580E+03
   33.00  -31.94   -6.90911E+03
   33.00  -37.74   -8.59443E+03
   33.00  -43.55   -9.72448E+03
   33.00  -49.35   -1.01847E+04
   33.00  -55.16   -9.93727E+03
   33.00  -60.97   -9.02391E+03
   33.00  -66.77   -7.55785E+03
   33.00  -72.58   -5.70583E+03
   33.00  -78.39   -3.66334E+03
   33.00  -84.19   -1.62705E+03
   39.00   84.19    6.42496E+02
   39.00   78.39    7.55390E+02
   39.00   72.58    6.20448E+02
   39.00   66.77    3.46254E+02
   39.00   60.97    6.21006E+01
   39.00   55.16   -1.06107E+02
   39.00   49.35   -5.95576E+01
   39.00   43.55    2.54124E+02
   39.00   37.74    8.29167E+02
   39.00   31.94    1.59967E+03
   39.00   26.13    2.44786E+03
   39.00   20.32    3.22142E+03
   39.00   14.52    3.75736E+03
   39.00    8.71    3.90860E+03
   39.00    2.90    3.56916E+03
   39.00   -2.90    2.69384E+03
   39.00   -8.71    1.30922E+03
   39.00  -14.52   -4.85899E+02
   39.00  -20.32   -2.53100E+03
   39.00  -26.13   -4.62366E+03
   39.00  -31.94   -6.54600E+03
   39.00  -37.74   -8.09361E+03
   39.00  -43.55   -9.10287E+03
   39.00  -49.35   -9.47241E+03
   39.00  -55.16   -9.17563E+03
   39.00  -60.97   -8.26257E+03
   39.00  -66.77   -6.85089E+03
   39.00  -72.58   -5.10759E+03
   39.00  -78.39   -3.22445E+03
   39.00  -84.19   -1.39088E+03
   45.00   84.19    5.39830E+02
   45.00   78.39    5.80117E+02
   45.00   72.58    4.01980E+02
   45.00   66.77    1.09369E+02
   45.00   60.97   -1.75876E+02
   45.00   55.16   -3.36600E+02
   45.00   49.35   -2.82384E+02
   45.00   43.55    3.26315E+01
   45.00   37.74    5.99207E+02
   45.00   31.94    1.35165E+03
   45.00   26.13    2.17607E+03
   45.00   20.32    2.92713E+03
   45.00   14.52    3.45071E+03
   45.00    8.71    3.60904E+03
   45.00    2.90    3.30427E+03
   45.00   -2.90    2.49665E+03
   45.00   -8.71    1.21439E+03
   45.00  -14.52   -4.46551E+02
   45.00  -20.32   -2.33293E+03
   45.00  -26.13   -4.25349E+03
   45.00  -31.94   -6.00425E+03
   45.00  -37.74   -7.39595E+03
   45.00  -43.55   -8.27974E+03
   45.00  -49.35   -8.56700E+03
   45.00  -55.16   -8.24067E+03
   45.00  -60.97   -7.35611E+03
   45.00  -66.77   -6.03184E+03
   45.00  -72.58   -4.43135E+03
   45.00  -78.39   -2.73922E+03
   45.00  -84.19   -1.13493E+03
   51.00   84.19    4.32278E+02
   51.00   78.39    3.95138E+02
   51.00   72.58    1.67993E+02
   51.00   66.77   -1.50829E+02
   51.00   60.97   -4.47598E+02
   51.00   55.16   -6.14017E+02
   51.00   49.35   -5.67485E+02
   51.00   43.55   -2.67369E+02
   51.00   37.74    2.75518E+02
   51.00   31.94    9.97978E+02
   51.00   26.13    1.79238E+03
   51.00   20.32    2.52241E+03
   51.00   14.52    3.04429E+03
   51.00    8.71    3.23011E+03
   51.00    2.90    2.98957E+03
   51.00   -2.90    2.28669E+03
   51.00   -8.71    1.14862E+03
   51.00  -14.52   -3.34897E+02
   51.00  -20.32   -2.02167E+03
   51.00  -26.13   -3.73523E+03
   51.00  -31.94   -5.28859E+03
   51.00  -37.74   -6.50978E+03
   51.00  -43.55   -7.26567E+03
   51.00  -49.35   -7.48006E+03
   51.00  -55.16   -7.14379E+03
   51.00  -60.97   -6.31493E+03
   51.00  -66.77   -5.10953E+03
   51.00  -72.58   -3.68407E+03
   51.00  -78.39   -2.21256E+03
   51.00  -84.19   -8.61830E+02
   57.00   84.19    3.20643E+02
   57.00   78.39    2.01325E+02
   57.00   72.58   -8.07105E+01
   57.00   66.77   -4.33112E+02
   57.00   60.97   -7.50385E+02
   57.00   55.16   -9.32869E+02
   57.00   49.35   -9.05142E+02
   57.00   43.55   -6.30748E+02
   57.00   37.74   -1.20679E+02
   57.00   31.94    5.65944E+02
   57.00   26.13    1.32932E+03
   57.00   20.32    2.04351E+03
   57.00   14.52    2.57592E+03
   57.00    8.71    2.80868E+03
   57.00    2.90    2.65846E+03
   57.00   -2.90    2.09163E+03
   57.00   -8.71    1.13218E+03
   57.00  -14.52   -1.39053E+02
   57.00  -20.32   -1.59379E+03
   57.00  -26.13   -3.07320E+03
   57.00  -31.94   -4.40968E+03
   57.00  -37.74   -5.45029E+03
   57.00  -43.55   -6.07836E+03
   57.00  -49.35   -6.22986E+03
   57.00  -55.16   -5.90222E+03
   57.00  -60.97   -5.15405E+03
   57.00  -66.77   -4.09613E+03
   57.00  -72.58   -2.87477E+03
   57.00  -78.39   -1.65041E+03
   57.00  -84.19   -5.74547E+02
   63.00   84.19    2.05785E+02
   63.00   78.39   -2.77793E-01
   63.00   72.58   -3.42924E+02
   63.00   66.77   -7.35468E+02
   63.00   60.97   -1.08022E+03
   63.00   55.16   -1.28561E+03
   63.00   49.35   -1.28275E+03
   63.00   43.55   -1.03860E+03
   63.00   37.74   -5.63554E+02
   63.00   31.94    8.81303E+01
   63.00   26.13    8.25161E+02
   63.00   20.32    1.53247E+03
   63.00   14.52    2.08885E+03
   63.00    8.71    2.38628E+03
   63.00    2.90    2.34781E+03
   63.00   -2.90    1.94113E+03
   63.00   -8.71    1.18560E+03
   63.00  -14.52    1.51437E+02
   63.00  -20.32   -1.04893E+03
   63.00  -26.13   -2.27616E+03
   63.00  -31.94   -3.38366E+03
   63.00  -37.74   -4.23869E+03
   63.00  -43.55   -4.74161E+03
   63.00  -49.35   -4.84042E+03
   63.00  -55.16   -4.53821E+03
   63.00  -60.97   -3.89253E+03
   63.00  -66.77   -3.00668E+03
   63.00  -72.58   -2.01430E+03
   63.00  -78.39   -1.05960E+03
   63.00  -84.19   -2.76336E+02
   69.00   84.19    8.86211E+01
   69.00   78.39   -2.08452E+02
   69.00   72.58   -6.17104E+02
   69.00   66.77   -1.05536E+03
   69.00   60.97   -1.43236E+03
   69.00   55.16   -1.66379E+03
   69.00   49.35   -1.68663E+03
   69.00   43.55   -1.47086E+03
   69.00   37.74   -1.02609E+03
   69.00   31.94   -4.01765E+02
   69.00   26.13    3.19103E+02
   69.00   20.32    1.03195E+03
   69.00   14.52    1.62651E+03
   69.00    8.71    2.00408E+03
   69.00    2.90    2.09350E+03
   69.00   -2.90    1.86311E+03
   69.00   -8.71    1.32693E+03
   69.00  -14.52    5.43736E+02
   69.00  -20.32   -3.90713E+02
   69.00  -26.13   -1.35741E+03
   69.00  -31.94   -2.23156E+03
   69.00  -37.74   -2.90124E+03
   69.00  -43.55   -3.28418E+03
   69.00  -49.35   -3.34033E+03
   69.00  -55.16   -3.07798E+03
   69.00  -60.97   -2.55261E+03
   69.00  -66.77   -1.85861E+03
   69.00  -72.58   -1.11504E+03
   69.00  -78.39   -4.47787E+02
   69.00  -84.19    2.92999E+01
   75.00   84.19   -2.98737E+01
   75.00   78.39   -4.21810E+02
   75.00   72.58   -9.01451E+02
   75.00   66.77   -1.38998E+03
   75.00   60.97   -1.80196E+03
   75.00   55.16   -2.05918E+03
   75.00   49.35   -2.10385E+03
   75.00   43.55   -1.90887E+03
   75.00   37.74   -1.48346E+03
   75.00   31.94   -8.73057E+02
   75.00   26.13   -1.53447E+02
   75.00   20.32    5.80162E+02
   75.00   14.52    1.22737E+03
   75.00    8.71    1.69797E+03
   75.00    2.90    1.92597E+03
   75.00   -2.90    1.88009E+03
   75.00   -8.71    1.56894E+03
   75.00  -14.52    1.04001E+03
   75.00  -20.32    3.72526E+02
   75.00  -26.13   -3.34688E+02
   75.00  -31.94   -9.78591E+02
   75.00  -37.74   -1.46807E+03
   75.00  -43.55   -1.73836E+03
   75.00  -49.35   -1.76141E+03
   75.00  -55.16   -1.55058E+03
   75.00  -60.97   -1.15891E+03
   75.00  -66.77   -6.71106E+02
   75.00  -72.58   -1.90528E+02
   75.00  -78.39    1.76782E+02
   75.00  -84.19    3.38666E+02
   81.00   84.19   -1.48665E+02
   81.00   78.39   -6.38801E+02
   81.00   72.58   -1.19398E+03
   81.00   66.77   -1.73653E+03
   81.00   60.97   -2.18460E+03
   81.00   55.16   -2.46477E+03
   81.00   49.35   -2.52382E+03
   81.00   43.55   -2.33766E+03
   81.00   37.74   -1.91598E+03
   81.00   31.94   -1.30162E+03
   81.00   26.13   -5.64892E+02
   81.00   20.32    2.06567E+02
   81.00   14.52    9.20650E+02
   81.00    8.71    1.49447E+03
   81.00    2.90    1.86666E+03
   81.00   -2.90    2.00631E+03
   81.00   -8.71    1.91715E+03
   81.00  -14.52    1.63625E+03
   81.00  -20.32    1.22740E+03
   81.00  -26.13    7.70231E+02
   81.00  -31.94    3.46870E+02
   81.00  -37.74    2.80945E+01
   81.00  -43.55   -1.38621E+02
   81.00  -49.35   -1.37323E+02
   81.00  -55.16    1.33217E+01
   81.00  -60.97    2.62579E+02
   81.00  -66.77    5.35501E+02
   81.00  -72.58    7.44875E+02
   81.00  -78.39    8.05411E+02
   81.00  -84.19    6.47932E+02
   87.00   84.19   -2.66663E+02
   87.00   78.39   -8.57721E+02
   87.00   72.58   -1.49256E+03
   87.00   66.77   -2.09236E+03
   87.00   60.97   -2.57673E+03
   87.00   55.16   -2.87553E+03
   87.00   49.35   -2.93940E+03
   87.00   43.55   -2.74752E+03
   87.00   37.74   -2.31116E+03
   87.00   31.94   -1.67239E+03
   87.00   26.13   -8.98254E+02
   87.00   20.32   -7.10912E+01
   87.00   14.52    7.23321E+02
   87.00    8.71    1.40805E+03
   87.00    2.90    1.92572E+03
   87.00   -2.90    2.24600E+03
   87.00   -8.71    2.36869E+03
   87.00  -14.52    2.32190E+03
   87.00  -20.32    2.15572E+03
   87.00  -26.13    1.93235E+03
   87.00  -31.94    1.71444E+03
   87.00  -37.74    1.55344E+03
   87.00  -43.55    1.47997E+03
   87.00  -49.35    1.49784E+03
   87.00  -55.16    1.58267E+03
   87.00  -60.97    1.68543E+03
   87.00  -66.77    1.74043E+03
   87.00  -72.58    1.67643E+03
   87.00  -78.39    1.42916E+03
   87.00  -84.19    9.53197E+02
   93.00   84.19   -3.82729E+02
   93.00   78.39   -1.07671E+03
   93.00   72.58   -1.79495E+03
   93.00   66.77   -2.45503E+03
   93.00   60.97   -2.97580E+03
   93.00   55.16   -3.28870E+03
   93.00   49.35   -3.34746E+03
   93.00   43.55   -3.13478E+03
   93.00   37.74   -2.66469E+03
   93.00   31.94   -1.98051E+03
   93.00   26.13   -1.14844E+03
   93.00   20.32   -2.48063E+02
   93.00   14.52    6.38972E+02
   93.00    8.71    1.44012E+03
   93.00    2.90    2.10133E+03
   93.00   -2.90    2.59312E+03
   93.00   -8.71    2.91248E+03
   93.00  -14.52    3.08040E+03
   93.00  -20.32    3.13546E+03
   93.00  -26.13    3.12468E+03
   93.00  -31.94    3.09318E+03
   93.00  -37.74    3.07451E+03
   93.00  -43.55    3.08318E+03
   93.00  -49.35    3.11093E+03
   93.00  -55.16    3.12712E+03
   93.00  -60.97    3.08362E+03
   93.00  -66.77    2.92304E+03
   93.00  -72.58    2.58938E+03
   93.00  -78.39    2.03904E+03
   93.00  -84.19    1.25055E+03
   99.00   84.19   -4.95678E+02
   99.00   78.39   -1.29376E+03
   99.00   72.58   -2.09879E+03
   99.00   66.77   -2.82235E+03
   99.00   60.97   -3.38022E+03
   99.00   55.16   -3.70371E+03
   99.00   49.35   -3.74875E+03
   99.00   43.55   -3.50161E+03
   99.00   37.74   -2.98022E+03
   99.00   31.94   -2.23102E+03
   99.00   26.13   -1.32185E+03
   99.00   20.32   -3.32087E+02
   99.00   14.52    6.58435E+02
   99.00    8.71    1.57988E+03
   99.00    2.90    2.38069E+03
   99.00   -2.90    3.03243E+03
   99.00   -8.71    3.53045E+03
   99.00  -14.52    3.89054E+03
   99.00  -20.32    4.14217E+03
   99.00  -26.13    4.31971E+03
   99.00  -31.94    4.45307E+03
   99.00  -37.74    4.55965E+03
   99.00  -43.55    4.63894E+03
   99.00  -49.35    4.67084E+03
   99.00  -55.16    4.61807E+03
   99.00  -60.97    4.43236E+03
   99.00  -66.77    4.06344E+03
   99.00  -72.58    3.46932E+03
   99.00  -78.39    2.62620E+03
   99.00  -84.19    1.53616E+03
  105.00   84.19   -6.04291E+02
  105.00   78.39   -1.50670E+03
  105.00   72.58   -2.40153E+03
  105.00   66.77   -3.19213E+03
  105.00   60.97   -3.78909E+03
  105.00   55.16   -4.12175E+03
  105.00   49.35   -4.14718E+03
  105.00   43.55   -3.85508E+03
  105.00   37.74   -3.26806E+03
  105.00   31.94   -2.43730E+03
  105.00   26.13   -1.43451E+03
  105.00   20.32   -3.41279E+02
  105.00   14.52    7.62054E+02
  105.00    8.71    1.80659E+03
  105.00    2.90    2.74233E+03
  105.00   -2.90    3.54182E+03
  105.00   -8.71    4.19975E+03
  105.00  -14.52    4.72850E+03
  105.00  -20.32    5.15083E+03
  105.00  -26.13    5.49108E+03
  105.00  -31.94    5.76645E+03
  105.00  -37.74    5.98029E+03
  105.00  -43.55    6.11843E+03
  105.00  -49.35    6.14952E+03
  105.00  -55.16    6.02936E+03
  105.00  -60.97    5.70867E+03
  105.00  -66.77    5.14288E+03
  105.00  -72.58    4.30252E+03
  105.00  -78.39    3.18214E+03
  105.00  -84.19    1.80630E+03
  111.00   84.19   -7.07321E+02
  111.00   78.39   -1.71321E+03
  111.00   72.58   -2.70035E+03
  111.00   66.77   -3.56207E+03
  111.00   60.97   -4.20172E+03
  111.00   55.16   -4.54492E+03
  111.00   49.35   -4.54861E+03
  111.00   43.55   -4.20540E+03
  111.00   37.74   -3.54294E+03
  111.00   31.94   -2.61836E+03
  111.00   26.13   -1.50897E+03
  111.00   20.32   -3.00812E+02
  111.00   14.52    9.23142E+02
  111.00    8.71    2.09309E+03
  111.00    2.90    3.15938E+03
  111.00   -2.90    4.09526E+03
  111.00   -8.71    4.89533E+03
  111.00  -14.52    5.57005E+03
  111.00  -20.32    6.13766E+03
  111.00  -26.13    6.61499E+03
  111.00  -31.94    7.00918E+03
  111.00  -37.74    7.31183E+03
  111.00  -43.55    7.49684E+03
  111.00  -49.35    7.52254E+03
  111.00  -55.16    7.33791E+03
  111.00  -60.97    6.89188E+03
  111.00  -66.77    6.14423E+03
  111.00  -72.58    5.07619E+03
  111.00  -78.39    3.69882E+03
  111.00  -84.19    2.05745E+03
  117.00   84.19   -8.03510E+02
  117.00   78.39   -1.91080E+03
  117.00   72.58   -2.99214E+03
  117.00   66.77   -3.92943E+03
  117.00   60.97   -4.61707E+03
  117.00   55.16   -4.97524E+03
  117.00   49.35   -4.95926E+03
  117.00   43.55   -4.56380E+03
  117.00   37.74   -3.82134E+03
  117.00   31.94   -2.79555E+03
  117.00   26.13   -1.57067E+03
  117.00   20.32   -2.38943E+02
  117.00   14.52    1.11202E+03
  117.00    8.71    2.40966E+03
  117.00    2.90    3.60324E+03
  117.00   -2.90    4.66601E+03
  117.00   -8.71    5.59261E+03
  117.00  -14.52    6.39266E+03
  117.00  -20.32    7.08163E+03
  117.00  -26.13    7.67129E+03
  117.00  -31.94    8.16132E+03
  117.00  -37.74    8.53410E+03
  117.00  -43.55    8.75366E+03
  117.00  -49.35    8.76940E+03
  117.00  -55.16    8.52392E+03
  117.00  -60.97    7.96390E+03
  117.00  -66.77    7.05217E+03
  117.00  -72.58    5.77873E+03
  117.00  -78.39    4.16884E+03
  117.00  -84.19    2.28634E+03
  123.00   84.19   -8.91603E+02
  123.00   78.39   -2.09682E+03
  123.00   72.58   -3.27334E+03
  123.00   66.77   -4.29076E+03
  123.00   60.97   -5.03315E+03
  123.00   55.16   -5.41358E+03
  123.00   49.35   -5.38416E+03
  123.00   43.55   -4.94028E+03
  123.00   37.74   -4.11857E+03
  123.00   31.94   -2.98920E+03
  123.00   26.13   -1.64409E+03
  123.00   20.32   -1.83003E+02
  123.00   14.52    1.30003E+03
  123.00    8.71    2.72782E+03
  123.00    2.90    4.04690E+03
  123.00   -2.90    5.22938E+03
  123.00   -8.71    6.26963E+03
  123.00  -14.52    7.17691E+03
  123.00  -20.32    7.96540E+03
  123.00  -26.13    8.64391E+03
  123.00  -31.94    9.20725E+03
  123.00  -37.74    9.63128E+03
  123.00  -43.55    9.87259E+03
  123.00  -49.35    9.87341E+03
  123.00  -55.16    9.57087E+03
  123.00  -60.97    8.90930E+03
  123.00  -66.77    7.85337E+03
  123.00  -72.58    6.39987E+03
  123.00  -78.39    4.58560E+03
  123.00  -84.19    2.49000E+03
  129.00   84.19   -9.70366E+02
  129.00   78.39   -2.26850E+03
  129.00   72.58   -3.53993E+03
  129.00   66.77   -4.64168E+03
  129.00   60.97   -5.44645E+03
  129.00   55.16   -5.85868E+03
  129.00   49.35   -5.82555E+03
  129.00   43.55   -5.34153E+03
  129.00   37.74   -4.44616E+03
  129.00   31.94   -3.21553E+03
  129.00   26.13   -1.74937E+03
  129.00   20.32   -1.55927E+02
  129.00   14.52    1.46286E+03
  129.00    8.71    3.02332E+03
  129.00    2.90    4.46743E+03
  129.00   -2.90    5.76464E+03
  129.00   -8.71    6.90825E+03
  129.00  -14.52    7.90721E+03
  129.00  -20.32    8.77540E+03
  129.00  -26.13    9.52055E+03
  129.00  -31.94    1.01351E+04
  129.00  -37.74    1.05913E+04
  129.00  -43.55    1.08410E+04
  129.00  -49.35    1.08213E+04
  129.00  -55.16    1.04654E+04
  129.00  -60.97    9.71526E+03
  129.00  -66.77    8.53659E+03
  129.00  -72.58    6.93078E+03
  129.00  -78.39    4.94331E+03
  129.00  -84.19    2.66582E+03
  135.00   84.19   -1.03861E+03
  135.00   78.39   -2.42294E+03
  135.00   72.58   -3.78743E+03
  135.00   66.77   -4.97672E+03
  135.00   60.97   -5.85155E+03
  135.00   55.16   -6.30641E+03
  135.00   49.35   -6.28177E+03
  135.00   43.55   -5.76933E+03
  135.00   37.74   -4.80986E+03
  135.00   31.94   -3.48430E+03
  135.00   26.13   -1.89988E+03
  135.00   20.32   -1.73795E+02
  135.00   14.52    1.58284E+03
  135.00    8.71    3.27808E+03
  135.00    2.90    4.84740E+03
  135.00   -2.90    6.25586E+03
  135.00   -8.71    7.49442E+03
  135.00  -14.52    8.57142E+03
  135.00  -20.32    9.50109E+03
  135.00  -26.13    1.02917E+04
  135.00  -31.94    1.09359E+04
  135.00  -37.74    1.14049E+04
  135.00  -43.55    1.16489E+04
  135.00  -49.35    1.16027E+04
  135.00  -55.16    1.11967E+04
  135.00  -60.97    1.03715E+04
  135.00  -66.77    9.09265E+03
  135.00  -72.58    7.36422E+03
  135.00  -78.39    5.23716E+03
  135.00  -84.19    2.81158E+03
  141.00   84.19   -1.09521E+03
  141.00   78.39   -2.55719E+03
  141.00   72.58   -4.01089E+03
  141.00   66.77   -5.28926E+03
  141.00   60.97   -6.24091E+03
  141.00   55.16   -6.74932E+03
  141.00   49.35   -6.74656E+03
  141.00   43.55   -6.21955E+03
  141.00   37.74   -5.20843E+03
  141.00   31.94   -3.79751E+03
  141.00   26.13   -2.10081E+03
  141.00   20.32   -2.44609E+02
  141.00   14.52    1.64983E+03
  141.00    8.71    3.48069E+03
  141.00    2.90    5.17496E+03
  141.00   -2.90    6.69142E+03
  141.00   -8.71    8.01731E+03
  141.00  -14.52    9.15968E+03
  141.00  -20.32    1.01335E+04
  141.00  -26.13    1.09491E+04
  141.00  -31.94    1.16014E+04
  141.00  -37.74    1.20640E+04
  141.00  -43.55    1.22881E+04
  141.00  -49.35    1.22090E+04
  141.00  -55.16    1.17564E+04
  141.00  -60.97    1.08698E+04
  141.00  -66.77    9.51438E+03
  141.00  -72.58    7.69448E+03
  141.00  -78.39    5.46335E+03
  141.00  -84.19    2.92550E+03
  147.00   84.19   -1.13913E+03
  147.00   78.39   -2.66833E+03
  147.00   72.58   -4.20501E+03
  147.00   66.77   -5.57164E+03
  147.00   60.97   -6.60492E+03
  147.00   55.16   -7.17660E+03
  147.00   49.35   -7.20886E+03
  147.00   43.55   -6.68195E+03
  147.00   37.74   -5.63337E+03
  147.00   31.94   -4.14917E+03
  147.00   26.13   -2.34911E+03
  147.00   20.32   -3.68395E+02
  147.00   14.52    1.66090E+03
  147.00    8.71    3.62572E+03
  147.00    2.90    5.44277E+03
  147.00   -2.90    7.06272E+03
  147.00   -8.71    8.46763E+03
  147.00  -14.52    9.66256E+03
  147.00  -20.32    1.06634E+04
  147.00  -26.13    1.14838E+04
  147.00  -31.94    1.21234E+04
  147.00  -37.74    1.25607E+04
  147.00  -43.55    1.27512E+04
  147.00  -49.35    1.26331E+04
  147.00  -55.16    1.21377E+04
  147.00  -60.97    1.12043E+04
  147.00  -66.77    9.79661E+03
  147.00  -72.58    7.91751E+03
  147.00  -78.39    5.61913E+03
  147.00  -84.19    3.00623E+03
  153.00   84.19   -1.16946E+03
  153.00   78.39   -2.75352E+03
  153.00   72.58   -4.36429E+03
  153.00   66.77   -5.81538E+03
  153.00   60.97   -6.93218E+03
  153.00   55.16   -7.57444E+03
  153.00   49.35   -7.65333E+03
  153.00   43.55   -7.14071E+03
  153.00   37.74   -6.06961E+03
  153.00   31.94   -4.52608E+03
  153.00   26.13   -2.63447E+03
  153.00   20.32   -5.38423E+02
  153.00   14.52    1.61886E+03
  153.00    8.71    3.71205E+03
  153.00    2.90    5.64616E+03
  153.00   -2.90    7.36216E+03
  153.00   -8.71    8.83566E+03
  153.00  -14.52    1.00691E+04
  153.00  -20.32    1.10795E+04
  153.00  -26.13    1.18849E+04
  153.00  -31.94    1.24917E+04
  153.00  -37.74    1.28858E+04
  153.00  -43.55    1.30303E+04
  153.00  -49.35    1.28687E+04
  153.00  -55.16    1.23356E+04
  153.00  -60.97    1.13708E+04
  153.00  -66.77    9.93611E+03
  153.00  -72.58    8.03087E+03
  153.00  -78.39    5.70284E+03
  153.00  -84.19    3.05292E+03
  159.00   84.19   -1.18545E+03
  159.00   78.39   -2.81011E+03
  159.00   72.58   -4.48328E+03
  159.00   66.77   -6.01153E+03
  159.00   60.97   -7.21007E+03
  159.00   55.16   -7.92680E+03
  159.00   49.35   -8.06125E+03
  159.00   43.55   -7.57564E+03
  159.00   37.74   -6.49690E+03
  159.00   31.94   -4.90953E+03
  159.00   26.13   -2.94118E+03
  159.00   20.32   -7.43221E+02
  159.00   14.52    1.53011E+03
  159.00    8.71    3.74072E+03
  159.00    2.90    5.78097E+03
  159.00   -2.90    7.58109E+03
  159.00   -8.71    9.10931E+03
  159.00  -14.52    1.03650E+04
  159.00  -20.32    1.13666E+04
  159.00  -26.13    1.21377E+04
  159.00  -31.94    1.26931E+04
  159.00  -37.74    1.30288E+04
  159.00  -43.55    1.31172E+04
  159.00  -49.35    1.29099E+04
  159.00  -55.16    1.23461E+04
  159.00  -60.97    1.13669E+04
  159.00  -66.77    9.93158E+03
  159.00  -72.58    8.03377E+03
  159.00  -78.39    5.71391E+03
  159.00  -84.19    3.06517E+03
  165.00   84.19   -1.18650E+03
  165.00   78.39   -2.83577E+03
  165.00   72.58   -4.55675E+03
  165.00   66.77   -6.15113E+03
  165.00   60.97   -7.42540E+03
  165.00   55.16   -8.21638E+03
  165.00   49.35   -8.41189E+03
  165.00   43.55   -7.96381E+03
  165.00   37.74   -6.89179E+03
  165.00   31.94   -5.27746E+03
  165.00   26.13   -3.25047E+03
  165.00   20.32   -9.68953E+02
  165.00   14.52    1.40237E+03
  165.00    8.71    3.71275E+03
  165.00    2.90    5.84167E+03
  165.00   -2.90    7.70822E+03
  165.00   -8.71    9.27292E+03
  165.00  -14.52    1.05319E+04
  165.00  -20.32    1.15057E+04
  165.00  -26.13    1.22242E+04
  165.00  -31.94    1.27121E+04
  165.00  -37.74    1.29770E+04
  165.00  -43.55    1.30030E+04
  165.00  -49.35    1.27513E+04
  165.00  -55.16    1.21669E+04
  165.00  -60.97    1.11924E+04
  165.00  -66.77    9.78368E+03
  165.00  -72.58    7.92709E+03
  165.00  -78.39    5.65289E+03
  165.00  -84.19    3.04309E+03
  171.00   84.19   -1.17224E+03
  171.00   78.39   -2.82861E+03
  171.00   72.58   -4.58009E+03
  171.00   66.77   -6.22577E+03
  171.00   60.97   -7.56537E+03
  171.00   55.16   -8.42590E+03
  171.00   49.35   -8.68413E+03
  171.00   43.55   -8.28154E+03
  171.00   37.74   -7.22987E+03
  171.00   31.94   -5.60684E+03
  171.00   26.13   -3.54290E+03
  171.00   20.32   -1.20170E+03
  171.00   14.52    1.24262E+03
  171.00    8.71    3.62754E+03
  171.00    2.90    5.82022E+03
  171.00   -2.90    7.72903E+03
  171.00   -8.71    9.30712E+03
  171.00  -14.52    1.05479E+04
  171.00  -20.32    1.14743E+04
  171.00  -26.13    1.21233E+04
  171.00  -31.94    1.25308E+04
  171.00  -37.74    1.27171E+04
  171.00  -43.55    1.26793E+04
  171.00  -49.35    1.23889E+04
  171.00  -55.16    1.17975E+04
  171.00  -60.97    1.08490E+04
  171.00  -66.77    9.49518E+03
  171.00  -72.58    7.71338E+03
  171.00  -78.39    5.52139E+03
  171.00  -84.19    2.98724E+03
  177.00   84.19   -1.14250E+03
  177.00   78.39   -2.78725E+03
  177.00   72.58   -4.54950E+03
  177.00   66.77   -6.22814E+03
  177.00   60.97   -7.61838E+03
  177.00   55.16   -8.53936E+03
  177.00   49.35   -8.85811E+03
  177.00   43.55   -8.50635E+03
  177.00   37.74   -7.48792E+03
  177.00   31.94   -5.87594E+03
  177.00   26.13   -3.80050E+03
  177.00   20.32   -1.42927E+03
  177.00   14.52    1.05585E+03
  177.00    8.71    3.48214E+03
  177.00    2.90    5.70599E+03
  177.00   -2.90    7.62634E+03
  177.00   -8.71    9.19001E+03
  177.00  -14.52    1.03886E+04
  177.00  -20.32    1.12480E+04
  177.00  -26.13    1.18133E+04
  177.00  -31.94    1.21317E+04
  177.00  -37.74    1.22370E+04
  177.00  -43.55    1.21394E+04
  177.00  -49.35    1.18210E+04
  177.00  -55.16    1.12400E+04
  177.00  -60.97    1.03410E+04
  177.00  -66.77    9.07098E+03
  177.00  -72.58    7.39684E+03
  177.00  -78.39    5.32209E+03
  177.00  -84.19    2.89863E+03
