    8.72   19.50       -4.06777        0.31870
  359.59  -33.88        5.79480        0.45213
  113.41   -3.88       -1.49717       -8.45069
  338.35   -1.40       -0.46869        5.77670
  249.52  -62.22       13.95570       -9.03721
  237.06   28.20        2.88009       17.31186
  108.18    9.84        1.53771       -8.90606
   34.15  -32.81       15.52189       -8.84540
  302.36    2.50       -0.84637       -9.02348
  214.89  -29.89       -7.78002        1.46193
  219.85   14.35        1.24075       21.25168
  326.33   27.16        7.25886       -5.96798
  317.63  -29.21      -10.50287        8.42083
  282.19  -46.10       13.22915       12.52802
  175.80  -62.86      -23.89998       -7.10610
   77.27   34.44        3.59654       -1.33718
   81.20  -76.76       -2.89417       24.03952
  307.09   38.42       -0.93168       -0.56857
  250.95   13.42        7.82995       15.29136
   87.28    0.75        7.12732      -12.18007
   81.83  -75.41       -3.09332       23.66526
  214.05  -11.61       -8.24138       12.53694
   46.86  -29.10       12.73206      -13.33747
  102.36   46.15       -0.72609       -4.74092
  211.11  -37.57      -10.19580       -2.79023
   57.18   66.30       -3.48290        0.81057
  175.60  -25.50      -18.28744        5.99168
  312.39  -17.96       -7.93658        3.72543
  127.31   34.46       -5.56973       -7.87804
  267.66   -5.62       17.88956        2.46326
   73.80  -60.06        3.46754       13.30651
  207.23   17.65        0.37619       15.65747
  146.90   62.20        3.53112        5.99031
  106.25  -38.32      -10.40737       -4.31269
  262.48   16.72        4.55871        7.94130
  193.26  -49.92      -19.09054       -5.56715
  160.19   49.81        4.59260        4.27836
  286.13  -12.01        8.78687       -1.25078
  359.52    8.10       -0.32445        6.36610
  131.41   29.42       -6.14283       -8.77733
  149.56  -36.82      -16.31397        3.05202
  219.10   63.61        8.82680       -6.08443
  194.71   20.95        1.46686        8.23364
  148.39  -34.08      -15.00146        2.66953
   86.18  -56.69       -4.42241       10.42089
  110.91    6.40        0.37928       -8.84316
    3.87  -39.95       10.36712       -3.68983
   96.57  -71.20      -11.33836       20.42395
  292.69    4.99        1.73490       -9.14127
   92.06   -7.48        4.54309      -13.55813
  317.13   24.74        4.23368       -6.70932
   18.27  -17.38        4.62485        2.30664
  256.65   16.33        5.71707       11.84395
  279.11  -81.81       11.85829      -14.67004
   54.61   24.06       -3.77558        0.29416
  187.04  -37.88      -21.18810        2.92711
    8.03  -36.67       11.25422       -2.91394
  354.15   16.49        2.67621        0.83856
  285.46   41.54       -9.48046        2.88583
   54.95   42.74       -4.50286        1.11542
  206.27  -25.61      -14.68102        5.19762
  145.19    3.76       -6.46185       -8.16244
  336.95   -2.05       -0.92602        5.45844
  237.95   16.94        5.19288       21.01518
  157.15   22.73       -3.64381       -7.19485
   97.81  -13.21        1.21802      -12.67905
  170.44  -27.80      -17.58738        5.63937
  285.74  -28.45       10.74321        9.20048
  258.65  -39.35       24.73207        4.05110
  238.57   -6.74       12.17935       14.35440
  246.58   27.88        1.07574       14.99771
  109.32    7.63        1.03845       -8.90383
  347.45   44.53        6.29546       -7.08387
  113.80   36.63       -2.62169       -7.80490
   36.54  -18.43        6.87261       -8.68870
  317.65   70.07       -5.15086        2.77836
  194.22   59.66       14.60063        1.52779
  261.78    1.68       15.02480        6.26889
  269.56   49.13      -11.43272        2.44233
  279.18   18.13        0.08378       -2.31361
  162.74  -27.23      -15.36896        4.52507
  311.45   28.93        2.15915       -5.31227
   33.64   74.34       -3.41525        1.05906
  357.56   57.67        1.68209       -5.21527
   60.66  -55.35       12.17894        6.66277
  304.65  -31.99       -5.06676       10.67771
  234.13  -20.03       10.94713        6.68438
   29.22    4.01       -6.78241        1.28730
  139.76  -58.59      -24.20862        3.86929
  131.35   14.10       -5.74635       -9.70733
   97.25   27.90        3.97755       -6.81397
   96.64    0.88        4.95891      -10.78504
  191.94   -0.68      -11.78648        7.33256
  211.05   29.66        6.47203       14.05313
   26.59  -35.76       16.57238       -6.80708
  215.48   57.91       10.65687       -2.57687
  294.63  -43.15        3.64620       13.86191
  167.44  -38.10      -19.84416        4.77859
  270.89  -16.63       20.82210        3.53253
  181.38   44.01       10.69830        4.91714
   80.55   20.86        6.89136       -4.71668
  319.38   -7.33       -5.55509        0.05375
  172.19  -79.57      -24.39668       -8.55779
  310.19   49.91       -2.06283        3.13589
  211.75   21.98        3.00021       16.98156
  277.88   19.17       -0.26500       -1.34026
  324.33  -34.70      -10.32787        7.52993
  318.81   25.81        4.90155       -6.39940
  114.53  -37.12      -12.16838       -3.46742
   89.05  -52.55       -5.77315        6.25731
   75.46  -46.74        3.28361       -0.47503
  265.39   14.23        5.71502        5.60346
  108.41   36.97       -1.02976       -7.42477
    0.13  -32.44        5.61623        1.19058
   54.31  -61.17       15.17835       10.45886
  195.61   21.29        1.73296        8.73927
   27.06   25.92      -10.58492       -0.80034
  267.01    4.50       12.04648        3.11959
  108.62  -44.53      -13.23167       -0.32317
   96.81  -24.66       -2.32955      -12.14912
  125.13   69.12        1.06513        5.39304
  160.32   60.88        7.49730        6.41861
    4.61   43.82        0.25441       -8.55365
  191.03  -25.12      -19.89936        6.52799
  107.07   56.29       -2.03189       -1.30335
  309.05  -41.04       -5.99555       11.36790
  200.51   46.91       13.40205        5.04619
  175.95   37.51        6.83068        2.72153
  202.13  -11.60      -14.78015       10.48239
  198.01  -34.88      -18.57128        1.90806
  328.49  -71.89       11.49206       -4.20206
  149.55   30.88       -4.13170       -5.95221
  129.15   63.54       -0.01304        4.19050
   63.60   -8.64        6.00087      -16.84230
  238.61  -25.63       15.88384        3.15750
  290.19  -24.69        6.47636        7.06137
   61.23   30.37       -1.18238        0.93183
  286.61   -6.01        7.20125       -4.54051
   41.24   -3.88       -1.21259       -6.77448
  165.96  -35.82      -18.88200        5.07715
  227.42   73.68        4.66496       -9.93530
   93.40  -55.47       -8.66262        8.94890
  118.35   43.57       -3.82235       -5.71676
   60.78  -32.14       10.37769      -14.25838
  141.52   25.09       -6.20526       -8.85851
   55.37  -36.92       13.25272      -10.84376
   86.42   37.42        3.49304       -3.28953
   27.99   29.63      -10.40881       -1.60177
  313.68  -13.89       -7.27514        1.68572
  293.57    9.14        0.73434       -9.48718
   45.46  -26.86       11.82825      -13.35929
  110.87  -25.60       -6.92344       -7.76667
   84.79  -44.99       -2.21351       -1.50980
  254.85  -50.20       20.80236       -0.71998
   81.74   -6.86        6.67275      -15.65839
  315.92   12.31        1.53814       -7.92020
  206.49  -28.54      -14.47968        3.59189
   59.09  -42.65       12.61175       -6.10664
  128.88  -27.56      -10.45495       -2.73030
  342.78   18.67        6.36688       -2.29426
  149.89   28.99       -4.35702       -6.59980
  291.31   32.04       -5.46448       -1.26276
  228.22   17.57        3.63043       22.09126
  306.64  -10.57       -4.32156       -1.87804
  241.94   43.02       -1.04468        6.19618
  290.25   15.89       -0.48993       -7.58248
  259.66  -24.64       25.81659        5.16955
  224.33   40.37        6.42240        9.19599
  258.50   22.52        1.46011       10.65367
  300.14   13.67       -0.37810       -9.81008
   82.52  -80.83       -4.14761       24.49826
   23.46   -6.88       -1.26662        2.49248
  212.98   44.47       10.69101        6.10464
  332.91  -46.38       -4.56341        1.29875
  220.02   75.45        6.78006       -9.08296
   61.49   41.20       -2.23734        1.26888
  342.67  -11.04       -2.90920        9.63133
   31.24  -11.87        2.13059       -3.58992
   49.01   64.41       -4.01358       -0.15248
  325.17  -15.00       -8.13933        5.30484
  166.75   22.70       -1.39037       -4.72798
  242.80   23.09        3.41271       18.11044
   60.83  -56.48       12.01739        7.81312
  233.67   -9.36        8.80879       13.75035
  146.02   43.24       -2.46925       -1.11882
   65.01   19.53        2.21082       -2.49284
  323.97  -41.92       -8.47602        6.24156
  207.92  -45.57      -11.54616       -7.09208
  354.35  -32.20        2.32406        2.55716
    4.44  -12.11        0.94744        9.65375
   19.00  -24.86        9.12994       -1.08403
  253.13  -53.72       18.95773       -3.07422
  306.09  -28.69       -6.09863        9.16916
  216.17   17.13        1.38868       19.76416
   16.21   61.76       -2.28961       -4.30731
  269.29   25.74       -2.68119        4.67595
  287.03  -36.34        9.65789       12.72176
   78.45  -20.18        5.01752      -17.87349
   64.41   -1.55        5.10490      -13.67669
   25.27  -26.17       10.94841       -4.50217
  210.90   44.74       11.27643        5.93797
  279.49   44.34      -10.94620        3.48265
  340.64  -61.83        7.45768       -5.18733
  248.80  -67.17       11.21819      -12.06285
  342.69  -56.08        4.87694       -5.01760
  305.00   -9.64       -3.48516       -2.75635
  233.92   38.51        2.77203       10.45617
  270.66   28.32       -4.39200        4.29526
  320.43   46.55        3.14220        0.19684
  325.06  -17.30       -8.86708        5.97436
  349.93  -30.25       -0.61862        4.49520
   44.36  -57.72       19.79773        4.44015
  139.18   42.76       -4.16198       -2.81982
   58.49   -5.32        4.19068      -14.41358
  175.12  -24.82      -17.99389        5.89104
  210.05  -19.02      -11.94028        8.42641
  309.71   14.20        0.73277       -9.23563
  216.38   32.84        7.00647       13.77264
  225.28   24.60        4.12016       19.62299
   83.22  -63.23       -2.98582       16.50742
  174.24  -25.05      -17.82944        5.81737
  353.13   -7.70       -0.47706       11.06188
  226.93   41.85        5.55924        7.97584
  317.25   63.28       -3.31128        3.60436
  258.90   42.99       -7.85272        4.79176
   25.07   45.94       -6.66001       -5.35052
  271.45   29.17       -4.96912        4.04869
  161.46   71.83        9.45298        5.32117
   57.87   10.51        0.16971       -5.59963
   94.30   -6.27        4.21962      -12.75085
  199.74   59.87       14.25831        0.07061
  155.86  -41.48      -19.14568        3.68078
  269.06   43.00      -10.24431        4.03564
  146.65  -39.49      -17.10039        2.67692
   29.00  -41.41       19.32650       -6.92360
   26.19    7.98       -8.16321        2.49020
  312.24  -30.17       -9.04502        9.20931
  301.86   16.49       -0.36921       -9.32790
  340.77   81.97       -6.09993        1.31938
  210.85  -84.17      -12.13296      -19.96006
    9.45   -6.20       -0.78056        8.94956
  340.24   31.31        8.53977       -6.30109
  155.41   17.37       -4.89774       -8.47961
  214.85   35.70        8.13855       11.80331
  340.54   19.60        6.88567       -3.11864
  226.53  -49.73        4.28094      -11.02187
   14.20    9.00       -5.77265        5.10010
   74.34   -7.13        6.95692      -16.63963
   65.44   43.91       -1.29633        0.90546
   65.94   18.39        2.82295       -3.11087
  293.26   20.38       -1.80215       -6.90703
  276.85   -9.47       14.90583       -0.40178
  267.66  -46.58       21.07151        7.15881
  343.03   -6.66       -1.63123        9.05448
   58.05   69.36       -3.31202        1.41320
  289.10  -53.88        8.72146       10.69360
    4.91  -28.77        6.64472        2.16632
  178.32   75.30       11.71658        1.04012
  303.22  -57.83        3.07165        7.19724
  144.84   79.94        7.27470        5.42452
  112.00  -64.59      -18.66243       13.08337
   32.97   24.41      -10.92987        0.12525
  304.38   48.29       -4.27330        3.39017
  342.71  -43.79       -1.10094       -0.97303
  116.54  -51.89      -17.82356        4.31206
  263.77   21.60        1.01518        7.48714
   68.75   12.09        4.90587       -6.57499
  343.35   -9.79       -2.43181        9.67096
  300.75  -47.12        0.22549       12.56982
  333.25   47.57        6.17701       -2.86160
  289.97   15.24       -0.25762       -7.67134
   94.15  -14.99        1.81336      -13.90506
  211.08   33.57        8.03586       12.24843
  267.42  -31.59       24.11357        7.30014
  100.96    3.40        3.87912       -9.77850
  183.55  -75.84      -21.55897      -13.32398
  285.53  -10.58        8.98599       -1.98361
  341.73   59.94        2.39506       -1.41093
  132.71   -4.66       -5.76950       -6.45417
  166.65  -25.24      -15.80428        4.82810
  162.99   25.47       -1.49439       -5.01844
  115.97   30.18       -2.81576       -8.94660
  130.57  -19.84       -8.10923       -3.67283
  303.45   20.29       -0.23787       -8.30331
  289.75  -21.60        6.73860        4.95422
  319.90  -49.33       -5.20702        5.59092
  295.28   11.75        0.01084       -9.58143
   75.64   10.90        7.11054       -7.97574
  258.12   10.98        9.15782       10.31156
   46.10   76.11       -3.34105        2.40276
  104.33  -64.39      -15.24128       14.78139
  198.81   74.56       11.48505       -4.22952
  141.26   12.17       -6.37131       -9.64169
  332.34   30.77        8.52916       -5.84961
  357.68  -52.50       11.32303       -6.86606
  124.75  -17.29       -6.75411       -5.30137
   89.31   66.05       -1.77294        1.86041
  229.99   38.84        4.25683       10.37384
   41.64   56.71       -5.31571       -1.72482
  206.34  -60.11      -11.12763      -15.00740
   20.51  -80.78       19.28857       10.78807
  201.26   35.69        9.75009        8.95872
  140.31  -11.13       -7.22747       -4.08830
  183.23    3.42       -9.14932        2.22149
   10.66    2.63       -3.40414        7.69940
  309.87   64.38       -5.71219        3.81530
    9.40   -2.61       -1.83497        8.88531
  316.38  -73.08       11.15048       -4.05048
    9.59  -17.87        3.66403        6.12879
   64.65   16.69        2.47653       -3.65878
  231.40  -57.33        6.79467      -13.53493
   52.42  -65.34       15.40166       13.19867
   74.12  -85.04       -0.91119       24.36841
    1.56  -65.60       17.34515       -4.57663
   65.82   39.14       -0.50144        0.98161
  105.08    4.85        2.51640       -9.23555
   82.87  -63.15       -2.75382       16.43903
  141.04    3.13       -6.30180       -8.11072
    5.75   39.73       -0.58118       -8.20416
  115.38  -34.88      -11.47327       -4.13384
  348.57   44.52        6.04117       -7.29062
  210.42   13.83       -1.16154       17.63799
   49.08    0.90       -1.02701       -8.20958
  287.41   40.86       -8.89427        2.56871
  171.44   29.88        2.45511       -1.01538
  106.50  -14.56       -1.94015      -10.08378
    7.79   65.45       -1.19535       -2.95251
  250.68  -13.01       21.38577        8.04774
   57.50   79.85       -2.78570        4.35607
  152.40   35.73       -2.31086       -3.29945
   96.46  -66.12      -11.18690       17.47778
  348.89  -21.18       -2.05608        8.85813
  125.59    2.17       -4.30937       -8.01487
  201.61  -15.95      -16.03794        9.20784
  323.87  -47.50       -6.05219        4.56296
  278.26  -42.83       16.36025       11.85795
  200.04  -23.25      -17.69142        6.74350
  222.87  -13.47       -0.87434       11.82269
  137.88   -3.75       -6.26292       -6.40424
   26.56   25.23      -10.54152       -0.67715
  100.44   -7.57        1.98577      -11.38523
   65.58   53.65       -2.35622        0.49247
    6.49  -57.81       17.38844       -6.35199
    0.58   21.43        0.32220       -1.43018
  116.10   73.49        1.06666        5.79265
  106.98   -2.27        0.91569       -9.46619
  175.98  -13.95      -15.03222        3.80496
  118.23   19.73       -2.77475       -9.52264
  197.79    0.31      -10.88168       10.38099
  187.48   21.64        1.37998        4.16118
  142.63    5.96       -6.35375       -8.71623
  220.37  -10.86       -3.08093       13.44418
  242.95  -40.96       18.78394       -3.07936
  283.73  -63.20       11.60655        3.29679
  237.87    1.41        9.42689       18.56804
  127.93    8.02       -4.86886       -8.91194
  275.63  -54.51       15.70222        7.44849
  167.68  -20.24      -14.60059        3.86168
  137.81   12.34       -6.28639       -9.66319
  131.94    1.77       -5.44567       -7.86530
  128.21  -30.28      -11.42655       -2.39203
  202.93  -61.59      -13.11862      -15.00254
  322.32  -11.60       -7.14613        3.11038
  154.12   -6.89       -8.13309       -3.85809
    9.00  -68.84       19.91535       -1.15475
  231.06  -37.92        9.00211       -4.40448
  298.50  -74.79       11.94699       -5.58089
  317.54  -59.11        0.97225        2.36736
  251.94  -68.05       11.62428      -11.38749
  287.23  -46.77        9.56018       13.23688
  278.44   34.02       -7.75342        2.44085
   60.69  -64.44       11.21907       14.90338
  194.30  -22.81      -19.18290        6.99094
  230.36   61.24        4.07148       -6.44847
  130.00  -45.17      -17.90841        1.43418
  133.45   23.51       -6.32471       -9.62153
  183.65  -25.56      -19.79840        6.47103
  146.80  -11.15       -7.90004       -3.26233
  107.51   21.25        1.25989       -8.73437
  138.88  -29.42      -12.03006       -0.03743
  196.57    5.38       -8.19282        9.74739
  237.69  -21.32       14.54296        5.67951
  239.54   59.31       -0.46290       -5.62673
  150.76   16.82       -5.62429       -9.16742
  259.77  -39.10       24.77075        4.59435
  121.97    6.00       -3.38309       -8.57626
  198.08   49.48       14.00454        4.26162
  312.62  -24.85       -9.04042        7.22532
  192.87  -42.33      -19.87782       -0.81161
  208.68   20.50        2.05875       15.93492
  244.62    4.81       11.25351       17.20752
  307.57   30.30        0.46238       -4.43396
   11.06   -0.99       -2.57327        8.25729
  158.92   33.33       -0.65393       -2.96090
  254.41   31.74       -2.54050       10.63815
  190.59  -45.46      -20.35267       -1.99202
  293.60   28.83       -4.01531       -3.23251
  297.64   33.83       -4.03142       -1.49717
  217.22  -58.60       -3.70242      -15.54401
  214.50   70.51        9.32108       -7.36246
  152.00   35.21       -2.56010       -3.62317
   85.07  -41.22       -1.75023       -5.06483
  299.12   -1.03       -0.12953       -8.01373
   64.62  -53.00        9.87255        4.97789
  322.83  -24.59      -10.55706        7.38018
  280.26  -17.25       14.51062        2.58729
   97.71    1.95        4.78371      -10.41854
  211.98  -40.52       -9.09581       -4.83756
   16.88   27.62       -7.46319       -2.84157
   18.34  -45.52       18.77847       -6.38208
  313.86   45.16        0.78799        1.09074
  340.51  -76.02       16.34644       -3.31575
  320.58   47.40        2.95584        0.43636
   78.42   49.74        0.06168       -0.66846
  195.74  -29.65      -19.43437        4.74628
   98.11   23.99        4.37452       -7.33499
  237.54  -72.11        4.50292      -17.89469
  345.43  -53.18        4.70057       -5.09475
  299.00   18.72       -0.91316       -8.49090
  313.14  -15.94       -7.68569        2.72506
  170.77    8.77       -5.85594       -4.34899
  325.12   24.03        6.58307       -6.23795
  169.50   -7.54      -11.24797       -0.24213
  306.56  -16.33       -5.35343        1.88273
   88.95   83.52        0.42404        6.88657
  255.24   36.47       -4.69092        8.42946
   19.01  -29.15       11.58036       -2.80106
  199.48  -22.46      -17.81935        7.04126
  208.28   57.63       12.87037       -0.97928
   93.44   22.02        5.91548       -6.77523
  140.06   28.19       -6.14455       -8.26705
  216.40   23.81        3.93789       18.10291
  203.49   26.38        5.08128       12.19559
  253.01   12.58        8.34978       13.94760
    8.32   21.81       -3.74817       -0.98862
  135.07  -64.31      -25.01127        6.19788
  289.00   44.09       -9.23835        3.19731
  175.28  -35.79      -20.56211        5.13991
  352.14  -37.23        2.40180        0.05581
  255.88  -39.38       24.52386        2.77880
   21.60   -4.63       -2.42075        3.90064
  306.74   33.01       -0.21035       -3.07168
   81.43   22.62        6.70200       -4.40136
  307.23   41.78       -1.52857        0.86000
  164.36   51.37        6.71130        5.13588
   78.77   32.07        4.41266       -1.96807
  339.47    2.85        1.32803        4.43000
  187.38   -6.56      -14.40428        5.82737
  146.33    9.08       -6.33503       -9.16166
  111.46  -27.37       -7.72587       -7.23830
   24.93  -67.27       21.73509        3.59052
   70.30  -20.72        6.81556      -18.75145
   74.83   51.84       -0.73624       -0.11320
  210.68   20.23        2.08143       16.92794
  342.54  -52.10        2.63319       -4.05677
  225.77   25.39        4.21073       19.30282
   93.61   -5.76        4.53473      -12.81791
  329.40   -7.36       -4.52720        4.19967
  117.16    6.39       -1.88972       -8.66307
  210.97  -27.24      -11.30280        3.68670
  275.98    3.08        9.61892       -2.53911
  181.55  -12.73      -15.93747        4.97895
  157.33  -34.22      -16.56664        4.23655
   49.23   39.35       -6.46792        0.90065
  196.86   78.76       10.42432       -4.45266
  190.76   37.31       10.04990        6.11846
    2.84  -27.52        5.29229        3.44774
  236.10  -35.82       13.85958       -2.58821
    2.83  -63.49       17.27155       -5.20528
  266.12  -14.90       22.41302        4.02631
   28.96  -39.16       18.40767       -7.20308
   26.83   65.25       -3.42295       -2.39834
  203.98   79.23        9.36579       -6.13597
  241.77   13.06        7.02493       19.90855
   55.49  -51.49       15.08399        1.85095
  280.95   11.36        3.27942       -4.75712
  154.84   32.41       -2.27361       -4.26902
  243.51  -45.83       18.02456       -4.71999
  152.96  -66.27      -26.74361        0.22170
  259.86    9.91        9.71033        8.92148
   75.87  -10.95        6.64747      -17.66702
  242.43  -22.16       18.70982        5.08181
  336.25  -26.44       -7.64818        7.42105
  215.61   41.53        9.40212        8.10369
  355.50   50.21        3.37985       -7.27856
  212.38   33.13        7.70171       12.77456
  166.12  -23.95      -15.26262        4.49367
  313.07   36.15        2.20036       -2.40462
  259.22   44.62       -8.31599        3.99694
  178.16   -4.46      -12.06814        1.63875
  195.22   19.23        0.41289        8.59047
   42.00   -8.30        1.34096       -8.86268
  332.85    0.83       -0.26463        2.49101
  314.83   30.86        3.46670       -4.76534
  223.68   -6.31       -0.06611       16.23942
  187.06   66.85       13.70068        1.22709
  307.16   30.65        0.25813       -4.23268
   55.41  -16.16        6.98961      -16.97900
  287.95  -39.54        8.87701       13.51297
  176.44    2.54       -8.81964       -0.91348
  166.25   15.69       -3.72102       -6.06459
  189.92   33.57        8.23590        5.91834
  179.36  -10.75      -14.76357        3.85270
  305.51   46.08       -3.27320        2.65011
   88.71  -43.83       -4.23153       -2.29982
  333.85  -24.04       -8.34715        7.82259
  127.29   17.61       -5.21156       -9.80153
   47.38   42.05       -6.76937        0.36680
  271.68    0.53       12.92222       -0.00378
    6.88   26.38       -2.60710       -3.55107
  265.16  -55.27       18.57861        2.51560
  270.59  -44.95       20.37988        8.82714
  144.78   -2.80       -6.74929       -6.31252
  286.27    4.40        4.36116       -7.36623
  162.75   64.04        8.87343        6.30212
  168.06  -36.92      -19.61591        5.00475
  153.83   31.99       -2.68961       -4.66097
   15.00   23.44       -6.95868       -1.24331
  200.20  -75.08      -14.87105      -18.33435
  305.17   -5.02       -2.69685       -5.44025
  264.91    5.17       12.12613        4.63056
  249.37   -4.19       17.21904       11.78383
   60.64   19.65       -0.00147       -1.77730
  151.62  -29.56      -13.73389        2.80356
  131.46  -46.48      -18.63898        1.89064
   52.50  -51.15       16.53344        0.94636
  336.67   59.12        2.40720       -0.44708
   24.54   11.33       -8.90902        2.56565
  212.93   51.74       11.54059        1.47936
   44.82   -1.65       -1.37075       -7.61459
  252.43  -43.88       22.57035        0.05733
  115.76   24.24       -2.24730       -9.36224
  155.94  -35.27      -16.70586        4.04077
   55.85    8.49       -0.38342       -6.25555
  161.83    6.78       -6.30379       -6.79951
  157.51   27.44       -2.56508       -5.67128
   34.46  -30.74       14.39746       -9.03788
  117.09   18.56       -2.28913       -9.43303
  156.51   25.00       -3.35450       -6.69159
  258.70  -16.01       24.02697        5.57871
  317.16   -4.27       -4.33790       -2.29507
  204.88    6.98       -5.98161       14.62826
   62.24   -6.71        5.41679      -15.84971
  322.45  -18.95       -9.49635        5.92397
  335.32  -48.03       -2.83907       -0.24678
   19.59  -64.01       21.70533       -0.47720
  162.84   19.16       -3.24940       -6.62961
  158.77    9.69       -5.77792       -7.86871
  346.87   42.16        6.76169       -7.27475
  357.76   56.98        1.76779       -5.49001
  152.86   41.29       -0.75375       -0.58112
   69.76   54.40       -1.79569        0.34858
  332.13   -0.49       -0.97401        2.71691
  326.04   12.56        3.72565       -4.77423
  255.32    2.89       14.52685       10.67250
  126.77   67.36        0.78475        5.08184
   98.79   26.68        3.73813       -7.21334
   53.86   33.63       -4.81804        1.47321
  108.49   46.66       -1.98631       -4.91499
  230.45   27.27        3.94420       18.47040
  274.19   11.57        5.22505       -0.81165
   61.39  -24.78        8.88939      -17.59595
  302.51    3.39       -0.79245       -9.25257
  122.58  -37.20      -13.60820       -1.96574
   77.18   52.19       -0.55669       -0.34660
   88.23   37.31        3.43003       -3.74706
  285.94   -2.54        6.72552       -5.75582
  278.47  -27.30       17.11333        7.98656
  282.38   52.86      -11.77817        3.08673
  155.70   12.83       -5.50307       -8.60693
   33.72    2.68       -5.88628       -0.88548
  195.44    1.87      -10.27876        9.12482
    6.68   45.22       -0.53888       -8.42987
  124.90  -63.23      -22.72381        8.84899
  132.04  -19.46       -8.14824       -3.43655
  193.20   66.65       13.81540       -0.45280
  181.45  -23.63      -19.06938        6.40273
   60.19  -53.43       12.51807        4.65098
   56.91   18.04       -1.72512       -1.87091
  224.67  -58.39        1.76852      -15.15355
  179.93   75.79       11.71931        0.50213
   64.46   65.42       -3.03638        1.11988
  251.73    2.29       14.45157       12.69845
  152.12  -54.04      -23.62662        1.88743
  176.88  -55.51      -23.25774       -3.85799
  200.87  -13.88      -15.81860        9.65771
   29.82   44.46       -7.77074       -3.99554
  195.84  -64.06      -16.77972      -14.31370
  181.87   29.02        4.65904        2.45696
  282.50  -37.80       13.55005       12.45363
  206.03  -71.47      -11.63758      -18.94211
  241.18  -11.71       15.48753       10.93200
  201.18   25.45        4.51110       11.29263
  182.97   23.80        2.11651        2.06350
  103.73  -27.00       -5.48635       -9.50637
  120.54   23.16       -3.77961       -9.62382
   71.66  -55.33        5.23201        8.36498
  323.73   40.21        5.81264       -2.68983
   14.13  -20.69        5.84883        2.99294
  133.44   82.55        6.04722        5.90797
    5.25    1.36       -1.80190        8.98690
   78.96    7.94        7.76635       -9.59610
   50.96  -37.57       14.91546      -10.17662
  173.01   -6.60      -11.76563        0.48615
  277.40   -9.89       14.69230       -0.40833
  186.83  -39.76      -21.25812        2.10747
   48.25  -50.29       18.29069       -0.63701
  255.82  -30.23       25.77123        4.11206
  115.51   60.37       -1.91579        1.12483
  355.14   -0.54        0.06995        9.79940
  331.78   32.87        8.46706       -5.66846
   73.70   20.93        5.43963       -3.43722
  298.61  -24.35       -0.84705        6.87555
  337.49  -40.53       -4.99349        2.08293
   59.41   75.64       -2.94778        3.10688
  217.60    3.76       -2.64826       19.54370
   66.83    5.43        4.98417      -10.04857
   78.70   47.28        0.64247       -0.85887
  132.27   79.88        5.28605        6.36899
  345.69   57.84        3.12464       -3.00510
  238.58   32.26        1.85206       14.59607
  227.99   35.96        4.82153       12.67834
  321.39   -8.42       -5.93895        1.35015
   15.09   75.65       -3.20847        0.92813
  147.34  -27.33      -12.23443        1.50672
  223.39    9.95        1.41153       21.96181
  322.81  -15.93       -8.62615        4.97805
  347.88   86.75       -7.25611        1.30832
   34.53   32.56      -10.29181       -0.90679
  155.79   13.81       -5.35746       -8.60410
  242.30   -3.88       13.73315       14.74824
   89.43  -79.87       -7.63479       23.88067
  219.31    6.12       -1.18283       20.54038
  186.03    3.05       -9.56584        3.77424
  206.73  -58.13      -10.98654      -14.10441
  198.34   18.46        0.11321       10.49926
  168.28   -9.69      -11.61202        0.26030
   89.47   -4.85        5.77475      -13.54285
   23.72   55.43       -4.34908       -5.13321
  290.14  -29.75        6.68179       10.13003
   83.64  -29.07        1.45490      -14.02320
  270.10  -24.50       22.69926        6.07350
   30.28   56.29       -5.07711       -3.85146
  145.80   31.48       -4.92257       -6.38541
  181.85   69.78       12.89888        1.76994
   22.74   29.19       -9.37138       -2.44605
   24.31  -64.78       22.03730        1.74773
  178.55  -42.65      -21.90169        2.41641
  206.19   -0.64       -9.34432       14.32541
  181.61  -46.30      -22.05409       -0.03257
  213.50   12.38       -1.13738       19.10444
  179.70  -42.98      -21.92546        2.05854
  104.93   65.98       -1.36627        2.51816
  103.91   -2.52        1.94520      -10.03668
  166.20   -8.43      -10.73607       -0.78075
  282.66  -27.04       13.50036        8.21450
  255.95   44.17       -7.11578        4.39598
  245.67  -53.58       16.51859       -6.78971
  316.17   10.26        0.97909       -7.60544
  221.11  -23.73       -2.21484        4.91767
   32.69   -8.95        0.39503       -3.58974
  317.37   64.57       -3.67084        3.52371
   74.42   81.70       -1.41429        5.88297
  177.87   -2.89      -11.36394        1.07938
   88.23  -42.21       -3.65723       -3.83116
    3.03   16.22       -1.35238        1.90037
  162.42   -6.73       -9.47274       -2.37863
  164.32   10.64       -5.32746       -6.65325
  236.32  -36.77       14.02183       -3.02992
  272.08  -13.91       19.35599        2.44287
  329.37   30.75        8.09751       -5.68674
   81.69   44.70        1.50195       -1.57623
  112.95   -0.97       -0.94617       -8.56887
   35.03    6.06       -7.13861       -0.69170
  198.36    5.75       -7.79461       10.82008
  134.92  -36.31      -14.52334        0.21948
  169.83  -21.35      -15.55708        4.54624
  220.91   21.74        3.45075       20.03354
  164.22  -33.50      -17.77478        5.10650
   11.57   42.00       -3.00445       -7.82312
  214.62   60.70       10.75619       -3.85501
  197.86   34.00        9.00365        8.41185
   12.77  -30.49       10.47338       -1.16105
   53.68  -22.61        9.30979      -16.56350
  277.65   -5.01       12.67750       -2.12445
  171.62  -10.19      -12.63224        1.36475
  269.16    0.01       14.19902        1.48826
  314.66  -65.75        5.78722       -0.23624
   42.80   -8.19        1.43949       -9.26161
  262.35  -30.45       25.69234        5.81044
   89.65  -56.50       -6.55844       10.12731
  220.29   38.51        7.47030       10.49485
  237.18  -49.91       12.76802       -8.74681
   84.44   19.76        7.27280       -5.70633
  301.83  -44.12       -1.23703       12.88879
  208.48   -5.66      -10.27996       13.89356
  140.08   40.04       -4.57374       -3.87642
    0.78   -7.39       -0.13418       10.84876
   42.12   25.88       -9.28365        0.68060
   24.17   40.20       -7.79330       -4.92785
   21.92    6.11       -7.01469        3.94460
  353.16  -83.17       20.76150        2.76449
  266.80   30.81       -5.06956        6.04161
  244.44  -37.03       20.37911       -1.08889
    3.49   34.01        0.02440       -7.08164
  189.74   61.14       14.41880        2.18345
    9.95  -16.36        3.07395        6.57743
   54.68   58.06       -4.05793        0.01055
   25.92   -9.47        0.28675        0.42045
   34.76  -54.42       22.06108       -0.90858
   15.68  -81.54       19.71724        9.51524
  144.30  -61.14      -25.36305        3.06228
  285.17    6.92        3.87475       -7.06591
  254.95   39.04       -5.45425        7.24733
   76.90  -24.39        4.84321      -17.21364
  312.39   -3.01       -3.64706       -4.61184
   17.92  -30.08       11.81612       -2.75015
   20.83   34.93       -7.91753       -4.58641
  141.00  -66.86      -26.21796        4.66040
  229.79  -17.16        6.21643        8.94526
  292.28  -17.77        4.33924        2.18889
  202.31  -40.53      -15.91847       -2.44591
  126.17   43.70       -4.72123       -4.80435
  328.39   12.37        4.06473       -3.90169
   52.48   24.35       -4.88565        0.49711
  143.52   39.28       -4.04078       -3.51423
  293.65  -34.24        3.66279       12.28423
  341.82   54.52        4.37525       -3.15209
  127.21    0.70       -4.67404       -7.74028
   87.46  -12.02        4.56899      -15.58173
  330.25  -34.80       -9.20587        6.13818
  107.18   71.38       -0.38235        4.61484
  345.17   17.61        5.67055       -1.31447
  183.17   62.42       13.69723        3.41532
  287.22  -45.41        9.54722       13.47333
   54.90    2.55        0.73345       -9.28902
  216.37  -17.95       -6.87536        9.00000
  228.95  -11.10        4.76521       13.14082
  314.68   41.21        2.05235       -0.55045
   97.73   -0.34        4.42345      -10.84754
   99.57  -52.43      -11.50358        5.81193
  327.01  -28.30      -10.40990        7.59109
   96.97  -17.06        0.24098      -13.03433
   30.61   -8.41       -0.11645       -2.14282
  102.93   80.04        1.15365        6.55935
  204.69   22.58        2.97525       13.55539
   53.84  -14.00        6.07818      -16.08735
  206.79   33.41        8.42430       11.22550
  334.74   -4.61       -2.36200        5.47356
  239.26  -25.40       16.45062        3.30910
   61.96   38.12       -1.76321        1.32588
   66.51  -62.73        7.94985       14.73599
    5.22   -1.79       -1.32818        9.70378
  268.31    0.06       14.46534        1.99844
  162.57   -3.34       -8.67766       -3.68313
   60.27   18.43       -0.00463       -2.21257
   98.38   37.21        1.79067       -5.99250
  255.09   66.34       -6.41826       -7.19985
  237.22  -41.27       14.40980       -4.97511
  234.54  -18.44       11.11876        7.70470
   66.13   54.87       -2.37647        0.46978
   45.21    6.56       -4.56145       -4.18810
    8.03   12.33       -3.72617        4.20689
  252.39   61.40       -6.19433       -5.60966
  164.31   63.90        9.31981        6.19273
   28.59   28.99      -10.54888       -1.33486
  216.41   15.52        0.82134       20.06189
  285.91  -36.74       10.65142       12.71424
  319.52  -65.53        5.64626       -1.16630
  212.08  -28.41      -10.33500        2.81388
  305.30   18.73        0.20443       -8.79810
  188.92    3.84       -9.27846        5.30658
   55.10   66.99       -3.55835        0.76304
   79.02   37.56        3.09731       -1.47849
  209.01  -30.17      -12.62535        2.23039
  107.92    9.05        1.62929       -8.92066
  123.68  -14.26       -5.85885       -5.91090
   93.91   11.69        6.56478       -8.63837
  308.09   -2.90       -2.98963       -5.89362
   79.51   21.64        6.63493       -4.29436
   13.53  -18.63        4.67924        4.15320
  275.09  -71.64       12.32458       -6.45016
  350.06  -11.52       -1.26778       10.87655
  165.45  -56.77      -24.54401       -1.35679
  111.62  -20.87       -5.39969       -8.23633
  131.43    8.75       -5.51091       -9.09882
   11.22   43.51       -2.63891       -7.98176
   87.76  -20.99        2.02591      -15.55863
  104.97   -5.70        0.92960      -10.10271
  153.31  -40.41      -18.35118        3.53850
  234.45  -36.75       12.29598       -3.33771
  148.56  -18.38       -9.65790       -0.52250
   82.44   40.80        2.55669       -2.03240
   76.67  -19.47        5.55794      -18.24964
  350.02  -36.62        0.91794        0.85771
  359.12   11.50        0.06078        4.44390
  241.08   31.05        1.41759       14.89165
   63.82  -57.93       10.10775        9.81987
   80.76  -24.02        3.62890      -16.62161
  102.74  -22.32       -3.45649      -10.75332
   38.95   26.21      -10.11915        0.46156
   33.80   16.34      -10.20068        0.69725
   99.91   39.06        1.03929       -5.97398
  328.34  -43.55       -7.15848        4.09920
    1.14  -15.50        1.27988        9.52767
  322.65  -49.66       -4.99609        4.31149
  184.29   19.00       -0.43281        2.22662
  316.74  -24.21      -10.05653        7.06242
  145.08   -5.85       -7.02959       -5.29135
   93.17    8.41        6.68117       -9.38503
  110.37   64.19       -1.43024        2.22700
  245.91  -55.30       15.90842       -7.40893
  345.79   24.61        6.86319       -4.46452
  239.01   70.77        0.35696      -10.06340
   77.56   60.06       -1.77174        0.48938
  162.67  -38.67      -19.18253        4.51486
  159.64   37.91        0.88593       -0.72073
  252.66   35.03       -3.34141        9.75906
  116.21  -18.80       -5.73529       -7.16870
  104.35   45.78       -1.07145       -5.00280
  236.60   12.88        5.90876       21.56536
  229.28   69.73        4.23037       -9.51756
    7.75  -25.79        6.56353        2.96701
  247.52   -8.38       18.26845       10.83147
  208.44   -9.91      -11.50840       12.40642
  266.73  -22.42       24.00355        5.36211
  227.84   53.35        5.44438       -1.25758
  265.59   14.95        5.16942        5.56706
  188.12  -10.04      -15.89847        6.54054
  261.41  -79.64        8.50736      -16.64026
  159.87   72.10        9.13437        5.47049
  165.42  -23.26      -14.85713        4.22179
  325.63   17.18        5.16762       -5.81140
  113.35   13.74       -0.58725       -9.06403
  257.70    2.46       14.84844        9.05546
  273.85    4.77        9.53965       -1.28946
  114.47  -54.54      -17.92075        6.15167
  278.42  -46.32       15.75265       11.49444
  208.20  -20.29      -13.27673        7.79099
   45.98   22.72       -7.72487        0.46874
   52.70  -19.71        8.24119      -16.40331
  351.49  -21.84       -0.92430        8.46321
  102.21  -55.09      -13.21030        7.90256
  337.77  -20.80       -6.53720        8.49039
  324.87   31.89        7.04526       -5.19781
  357.91  -66.53       16.37442       -4.74801
  109.89   17.72        0.58564       -8.96967
  213.26  -12.03       -8.87861       12.23426
  351.72  -16.20       -1.06274       10.29999
  284.61   17.91       -0.65545       -4.94571
  132.42  -71.51      -25.23110        8.94667
   90.19  -28.73       -1.16586      -12.65490
  161.78   45.02        3.85384        2.78409
  162.47  -47.35      -22.02472        2.49004
  148.70   19.92       -5.65074       -9.07196
  110.97  -49.16      -15.37836        2.79863
  220.61   42.05        7.92666        7.86019
  274.18  -42.13       19.11547       10.54759
   72.10   20.27        5.02879       -3.38896
   31.93   25.98      -10.92870       -0.21716
  325.91    4.48        0.34983       -2.19435
  131.50   35.12       -5.86124       -7.23746
  208.79   56.31       12.78832       -0.42053
  292.21  -58.05        7.73400        8.18562
   87.63   71.73       -1.66859        3.57523
   44.15   30.09       -8.61777        0.83571
  237.60   32.65        2.06912       14.48154
   54.60   29.94       -4.30259        1.26519
  300.13   11.39       -0.28230      -10.06957
  188.10  -51.86      -20.72608       -5.14348
  223.36   72.08        6.22132       -9.26370
   16.44   -4.55       -2.06611        6.37438
  282.49    1.44        7.26245       -5.55102
    8.18  -23.31        5.65087        4.13189
   46.50    5.46       -3.68522       -5.10105
   76.50  -38.65        3.33102       -8.39555
  129.58  -14.22       -6.65936       -4.85844
   41.21   30.80       -9.43059        0.45779
   28.69   18.45      -10.58710        0.91411
  232.58  -14.24        8.60120       10.69612
  175.44  -17.53      -16.01973        4.65964
  359.11   66.43       -0.47303       -1.99188
  245.53  -72.09        7.62344      -15.84371
   70.61   22.86        4.07945       -2.22776
  226.93   11.93        2.96878       22.46789
  313.16   -5.67       -4.61206       -3.02990
  324.30  -46.91       -6.30842        4.58744
  276.96   -0.37       10.94828       -2.77302
  130.49   27.09       -6.07885       -9.26501
  128.03   30.09       -5.76236       -8.85946
  153.31   44.47        0.29975        0.99604
  280.19  -53.33       13.72651        9.49769
  106.74  -10.38       -0.79724       -9.94506
  116.07   35.77       -3.21634       -8.03072
  203.24  -25.96      -16.40489        5.35688
  166.37  -36.60      -19.20329        4.99846
  225.55   28.89        4.69354       17.41727
   12.55   74.75       -2.99632        0.59327
  281.65   25.23       -3.83562       -1.21832
  118.45   17.95       -2.72726       -9.48129
  212.55   -6.96       -8.38732       14.47127
  100.47  -27.68       -4.67914      -10.24714
  188.90   18.60       -0.35744        4.82515
  162.31  -79.18      -26.02024       -4.07382
  329.81   70.39       -3.10844        2.23306
  148.53  -68.25      -26.92261        1.88117
  122.14  -62.06      -21.78900        9.04959
  340.32   42.71        7.62551       -5.87810
  325.39  -33.00      -10.44414        7.49142
  261.91  -59.50       17.06161       -1.52649
  300.57  -67.61        8.45846        0.33770
  236.34    8.89        6.75001       21.22016
  140.04   21.98       -6.41359       -9.49820
  122.71  -31.84      -11.44081       -3.36576
  278.23   44.07      -10.96547        3.51243
  205.48  -31.55      -14.95361        2.08500
  101.83  -27.36       -5.01488       -9.95421
  122.89   31.82       -4.82771       -8.74745
  239.90   12.72        6.75814       20.58523
   60.14  -32.30       10.62382      -14.12945
   49.96   -8.34        3.06809      -12.79726
  225.07   72.16        5.62178       -9.50164
  343.85   20.72        6.63353       -3.04676
  352.37   -9.71       -0.70074       11.08824
  204.74   45.93       12.72508        5.35944
  127.11  -52.38      -20.31715        3.84970
  227.59   54.52        5.55980       -2.07116
  190.96   27.27        5.00376        6.20910
  278.80  -27.65       16.85013        8.18418
   46.38  -13.97        5.15030      -12.97208
  167.10   -5.52      -10.09472       -1.69821
   19.68  -34.93       14.80452       -4.94660
  221.66   32.80        6.02638       14.59584
  338.80  -36.77       -5.42618        3.37309
  153.73   58.38        4.58379        5.86613
  225.14  -46.19        3.21623       -9.34664
  354.04   -5.30       -0.25816       10.85047
  138.37   14.93       -6.38061       -9.83772
  155.28   50.68        2.89104        3.90138
  139.54  -29.03      -11.94173        0.04671
  219.87   21.90        3.43135       19.73843
   61.83   -6.50        5.28621      -15.68290
  195.20  -48.66      -18.42801       -5.38547
  339.86    8.54        3.50676        1.86434
    4.56   -5.28       -0.61775       10.20238
  265.31   44.07       -9.82716        3.95248
  110.98  -12.73       -2.69375       -8.86516
  234.90  -24.59       12.26285        3.71441
  201.85   15.34       -1.56211       12.80930
  144.64   46.68       -1.93493        0.19858
  192.14    8.34       -6.63523        6.95338
  274.52   59.79      -11.81093       -0.23825
  291.22  -65.73        9.77044        1.92827
  198.64   32.49        8.28269        8.94904
  144.82  -36.48      -15.56573        2.18379
  184.95   -7.10      -14.35711        4.95481
  160.80    1.22       -7.43892       -5.65158
  113.85   14.91       -0.83722       -9.13046
  186.31   66.32       13.72417        1.58685
  337.05  -27.39       -7.34152        7.14611
   13.40   10.09       -5.67269        4.81591
  207.94  -66.30      -10.17388      -17.81462
  276.58   49.63      -11.92758        2.93340
   56.62   20.30       -2.22545       -0.99730
   61.25   56.14       -3.19382        0.42206
   79.15   29.07        5.15361       -2.50823
  351.10   59.90        2.06704       -3.38081
  226.31   56.96        6.12976       -3.58890
   66.12  -61.08        8.38052       13.21110
  259.56    4.35       13.52716        8.19078
  317.15   26.28        4.34724       -6.32585
  346.67  -61.18        9.53660       -6.09140
  212.24  -17.58      -10.24129        9.22154
  167.59    4.22       -7.24277       -4.68199
   24.34    6.75       -7.56951        3.13091
  277.44   60.26      -11.85130        0.28867
   57.04    2.96        1.52056       -9.64107
   44.17  -44.92       18.84254       -5.30120
  120.41   26.49       -3.95860       -9.45024
  300.57   29.60       -2.14171       -4.01201
   78.06   61.88       -1.93523        0.78331
  349.00   19.94        5.13635       -1.90073
   18.24   17.25       -8.22635        1.59435
   91.72   35.02        3.62922       -4.83892
  313.44  -11.13       -6.42143        0.06002
  240.96  -68.85        7.53383      -15.60105
   12.73  -14.96        2.77260        5.90491
   75.50   59.11       -1.79626        0.42572
  299.99   43.10       -5.10418        2.21135
   51.85   32.39       -5.64892        1.39015
   37.93  -43.79       19.83944       -6.29894
  246.84   16.24        6.19203       17.61545
   40.47    1.25       -3.92691       -4.41536
   29.81  -63.94       22.05092        3.40312
  280.78   -4.23       10.45030       -3.54237
  163.92   32.46        0.87728       -2.13790
   56.57   22.95       -2.62350       -0.16266
   68.16  -23.72        7.32219      -18.19791
  344.02   43.47        7.09735       -6.55964
  105.62   33.35        0.37180       -7.67689
