  360.00   71.63       44.64893       -0.67713
  233.09  -19.50        1.96984        0.53290
   13.30  -42.58        0.06667       -0.21452
  239.27  -56.17        1.05911        0.59225
   73.49  -41.71        0.85858       -0.79848
  235.78  -47.93        1.25682        0.56366
  327.63  -50.95        0.17795        0.39327
  107.65  -27.98        1.62734       -0.70346
  251.94   64.23       13.32118       -1.39606
   33.05   53.58       34.03011      -34.39193
  345.49   56.09       64.82957       25.53255
  158.82  -58.53        1.24672       -0.21303
  332.77  -55.44        0.09466        0.32003
  326.94  -15.99       -1.28627        1.18274
   53.17   49.27       16.37646      -18.94408
    1.95  -33.81       -0.25888       -0.06333
  352.92   41.32       -3.35875       13.45429
    1.89  -30.49       -0.47296       -0.07044
  281.53  -18.58        1.31495        1.16292
  165.95    2.29        2.80165       -0.08132
   57.88   71.65       19.48801       -3.01462
    3.82   -9.88       -4.31058       -0.37158
   83.86    6.34        2.63682       -1.87536
  104.58  -36.09        1.39005       -0.70727
  202.07   35.63        6.01401       -0.06469
   96.80  -19.36        1.76743       -0.87947
  100.05   35.24        7.00484       -1.54999
  249.03   28.30        5.62261        1.00610
   89.17   -5.72        2.13979       -1.23992
  130.78  -15.19        2.12502       -0.44819
  181.88    3.36        2.84743        0.02128
  315.89   -4.00       -1.82345        2.59490
  290.10  -69.36        0.21026        0.65921
  147.88   74.74       13.02728        2.31096
  246.84   -6.12        2.43459        0.76053
  116.54   75.07       12.59893        3.90015
  264.36    4.49        2.80839        1.39543
   58.52   32.83        4.18029      -11.02571
  135.53   65.38       12.28598        1.79540
  171.64  -38.27        1.59990       -0.06736
  240.56  -51.61        1.14316        0.60123
  106.99  -29.48        1.58087       -0.70545
  266.73  -20.04        1.63963        0.95805
  124.21  -60.56        1.02387       -0.54469
   10.35   -0.11       -8.28247       -1.65437
  205.27   21.45        4.26892        0.09629
  142.67   41.50        7.18146        0.17273
   26.48   -4.08       -4.11930       -2.32434
  166.40   -7.45        2.37016       -0.09200
  226.90    1.36        2.85798        0.43290
  290.65  -11.86        1.02258        1.53364
  129.94    2.55        2.92664       -0.43109
   91.23  -18.76        1.69753       -0.96117
    9.05  -51.13        0.07451       -0.13781
   77.80  -72.85        0.26011       -0.68907
  128.14   22.65        4.62846       -0.36099
  274.43   25.66        4.88696        3.28866
   21.82   34.04      -14.18337      -27.21051
  116.52   -5.52        2.49436       -0.64697
  267.65   40.97        8.66946        2.93841
   56.22  -47.19        0.51263       -0.68258
  195.84  -12.46        2.20085        0.14236
  133.19   38.31        6.80787        0.00252
  327.40  -24.42       -0.44007        0.76542
  267.60   24.24        4.88505        2.36921
  223.59   43.66        7.80638       -0.18264
   47.38  -67.65        0.04566       -0.53794
  291.94  -20.14        0.92622        1.20071
  287.46  -66.98        0.29289        0.67403
  143.41  -28.25        1.77191       -0.33311
   27.60   17.09      -12.13482      -10.03382
    7.95  -33.16       -0.26774       -0.17535
  155.06   39.49        6.63317        0.12590
  132.24  -38.21        1.52229       -0.45669
  304.30  -11.41        0.09694        1.72765
  122.87   14.25        3.81424       -0.52291
   65.70   -5.14        1.02840       -1.95504
    6.40  -59.10       -0.02197       -0.09924
   67.63   63.11       19.20453       -5.99760
  287.55  -15.23        1.14468        1.34098
  322.20   42.26        7.53637       32.26513
  173.32   35.57        5.88060        0.02032
  263.75   59.44       13.62268        0.71072
  352.67  -37.64       -0.08620        0.09315
  165.09  -61.90        1.20531       -0.14762
  101.04   -4.64        2.42199       -0.96185
   80.96   66.04       15.99669       -1.00068
  269.47  -13.28        1.79749        1.11000
  231.30   33.80        6.20776        0.25310
   32.03   36.36       -3.53583      -28.25166
   16.11  -47.03        0.11143       -0.23851
  110.37   31.53        6.12145       -0.85317
  223.67  -54.30        1.20965        0.46309
  219.80   -4.95        2.52345        0.35720
   98.63  -53.68        0.92739       -0.70195
  241.02   43.82        8.38527        0.25503
   61.09  -13.67        0.73152       -1.50775
   73.98   63.94       17.45434       -3.52765
   93.93  -11.75        1.99085       -1.01674
   19.37   35.72      -13.51731      -28.73151
   39.59    2.46       -3.14332       -3.80754
  237.91  -49.60        1.20648        0.58110
  127.76   -0.43        2.76257       -0.46867
  138.26   -6.87        2.43823       -0.34843
  246.53  -47.83        1.17305        0.64528
  284.54   47.40       12.00859        7.63761
  266.61  -21.97        1.58544        0.93200
  273.36  -44.25        0.95309        0.77730
  116.90   43.08        8.19032       -0.24413
  234.67  -13.20        2.18226        0.55328
  209.93  -36.19        1.60874        0.30908
  215.49   -5.12        2.50772        0.31000
  236.72  -32.40        1.59766        0.57112
  286.98  -31.52        0.96174        0.91764
  167.24    5.25        2.96013       -0.06789
  288.37  -30.34        0.94594        0.93802
  254.55   36.53        7.23120        1.33888
  131.74   19.90        4.29201       -0.32111
   84.70    8.41        2.83195       -1.93087
  333.79  -21.55       -0.95769        0.72944
   10.53  -38.62       -0.02861       -0.18979
  302.68   36.82        5.41600       14.79631
  200.74  -51.64        1.35450        0.23477
   74.69  -60.15        0.50326       -0.70598
  345.09   32.51      -24.21153       19.30894
  193.28   23.46        4.39806        0.03055
  211.99   -7.98        2.38221        0.28091
   43.20  -50.74        0.30763       -0.54844
  107.59   23.94        4.97995       -1.01833
  174.45   -8.03        2.34380       -0.03039
  192.97  -15.64        2.10075        0.12191
  147.91  -16.73        2.07737       -0.26948
  233.98   -6.53        2.46008        0.54472
   83.73  -19.21        1.52950       -1.05126
  358.64    8.37      -15.51994       -0.05361
   11.93   59.91       69.42071      -21.00878
   95.24   18.93        4.25092       -1.67066
  336.01  -41.15        0.10007        0.33127
  210.87   62.94       11.63345       -1.24865
   34.86   23.19       -8.81170      -13.99080
  317.21   11.46       -4.83700        6.54672
   18.61   10.58      -13.04350       -5.57917
  144.67  -28.54        1.76685       -0.32105
    7.96   32.77      -26.40168      -15.01690
  228.94   22.61        4.62633        0.36498
   12.74    3.01       -9.74421       -2.45880
  212.04   35.39        6.10913       -0.03758
   37.72   61.35       38.05206      -22.62739
   56.00   20.69        0.34751       -7.44624
  234.31   27.40        5.29853        0.43679
    9.33  -62.59       -0.07716       -0.13440
   45.46    2.97       -1.95253       -3.74896
  217.04  -28.61        1.75765        0.36913
  169.15   -7.59        2.36284       -0.07069
  319.63   53.11       29.51427       31.64331
  195.63  -19.39        1.99676        0.14986
  133.82   57.58       10.79439        1.02469
   48.98  -27.94        0.39823       -0.91986
   74.43   29.75        5.28131       -5.17802
   37.70   56.21       34.05246      -28.93824
   82.20   66.02       15.79222       -0.76946
  194.68   15.09        3.63986        0.07168
   39.95   23.48       -5.75298      -13.01654
  278.29   65.94       16.42501        1.52796
   47.36  -32.94        0.41826       -0.78707
  145.15  -57.95        1.20616       -0.35376
  336.80  -29.04       -0.36738        0.45815
  306.13   -5.32       -0.39133        2.31393
  305.98   68.73       24.82047        7.67621
  239.78   50.72        9.89946       -0.21300
  258.22    6.52        3.08452        1.20032
  318.29   10.65       -5.07004        6.30693
  306.99   60.68       27.38751       16.40273
  284.83  -46.97        0.73883        0.75754
  335.83    1.49       -7.20192        3.05623
    9.95   11.38      -16.63710       -3.91836
  286.61  -56.87        0.51892        0.70402
   39.02   -7.06       -1.66727       -2.17553
  211.61  -28.85        1.76068        0.31535
  322.79  -70.40       -0.12183        0.41254
  301.19   10.72       -0.25304        4.70890
  183.87   14.80        3.58896        0.02246
   63.26   29.65        3.92080       -8.21672
   18.67   -1.36       -6.39672       -2.31070
   95.72  -16.15        1.85905       -0.92846
  348.49   45.94       20.54737       24.91438
   21.31   36.49      -10.61033      -30.34087
   51.46   33.23        2.60744      -14.57186
  146.66  -43.94        1.46131       -0.32241
  159.80  -22.94        1.90671       -0.16776
  267.71  -16.76        1.72159        1.01901
   40.98  -59.79        0.14617       -0.49493
  324.01  -40.19        0.22206        0.50651
   51.90    0.64       -0.60384       -3.06990
  110.69   -6.66        2.41259       -0.74623
   72.63  -20.10        1.20039       -1.14870
  186.88  -38.06        1.60272        0.08332
   67.39   32.27        5.34722       -7.52914
  323.51  -24.61       -0.28144        0.82970
  159.77   17.57        3.85641       -0.07417
  232.24   34.81        6.39501        0.25393
  266.49  -47.00        0.98098        0.74831
  280.53   38.83        8.17563        5.76492
  277.96   16.17        3.24974        2.90925
   95.74   20.55        4.46851       -1.68073
  108.58   11.17        3.56223       -0.90645
  201.24   18.29        3.94116        0.09284
   61.98  -31.64        0.77618       -0.90582
  120.70  -49.22        1.22696       -0.56746
   55.95  -77.24       -0.08320       -0.59048
  124.17  -44.48        1.34911       -0.53633
   34.78  -43.84        0.26147       -0.49824
  285.62  -16.50        1.20732        1.27143
  310.68   37.92        4.38890       20.50363
   11.99   16.18      -20.10688       -6.46206
  301.93   75.07       16.55228        0.73676
  180.87  -70.55        1.07179        0.02785
  130.97  -50.14        1.27619       -0.47984
   55.19  -14.63        0.38694       -1.49816
  338.55   20.13      -19.46021       11.05722
  251.37   48.80       10.01848        0.60561
   33.71   29.60       -8.28894      -20.17965
  300.57   26.43        1.49004        9.42544
    4.82   -8.79       -4.66874       -0.47532
  161.03  -10.52        2.26563       -0.13979
   84.39  -44.44        0.96041       -0.77478
  131.94   -8.65        2.37010       -0.42573
  309.11  -51.17        0.35238        0.58970
  327.54  -67.80       -0.09757        0.36486
  223.22  -68.40        0.94145        0.47152
  291.04  -15.27        0.98575        1.38003
  197.31    4.85        2.95508        0.12009
   31.47  -11.14       -1.89074       -1.60580
  343.70   55.06       60.09480       29.18031
  181.67  -12.15        2.20284        0.02568
  332.53    3.06       -7.11105        3.67366
   60.74   49.60       14.97044      -13.58439
  342.67  -23.54       -1.00582        0.43930
   34.32   21.66       -9.08938      -12.88853
  338.82   53.31       49.11420       35.89990
   13.55   57.13       64.72488      -26.93503
  225.84  -38.46        1.51214        0.46824
   35.09    5.35       -4.93919       -4.62343
   62.19   21.00        1.80863       -6.18197
  259.80   17.73        4.13404        1.51873
  294.04   22.82        2.23103        6.49310
  302.68  -45.15        0.51069        0.68408
   47.95   -8.30       -0.50091       -2.03049
  226.03   46.08        8.36747       -0.25842
    7.23   -1.93       -7.61658       -1.08808
  168.02   46.14        7.72101        0.13158
  190.91   23.71        4.41422        0.02316
   40.94  -26.58        0.09302       -0.87567
   83.37   29.04        5.60250       -3.41504
  239.96  -23.38        1.82272        0.61111
  299.12   19.54        0.66394        6.69744
  122.72   -4.51        2.55499       -0.54777
  206.54  -41.30        1.51913        0.28222
   28.52  -69.10       -0.13047       -0.35489
  165.51  -28.04        1.79254       -0.11988
   13.48   -5.23       -5.46862       -1.37779
  284.74  -21.73        1.16047        1.10981
  154.67  -27.88        1.79132       -0.22240
  315.74   17.87       -5.10942        9.32026
   76.58    0.60        1.91949       -1.92451
   62.06   54.97       18.29768      -11.98277
   51.41   22.07       -0.85925       -9.09562
  220.02   11.93        3.53338        0.30041
  221.32    4.97        3.05422        0.34726
   79.52  -30.36        1.18058       -0.91029
   18.07   16.12      -17.06936       -8.24687
  354.20  -54.04        0.03988        0.05429
  124.35  -20.22        1.94915       -0.52665
  332.77   42.55        6.19323       37.42708
  146.70   13.15        3.56618       -0.18811
  154.26   -2.30        2.60407       -0.18038
  154.05  -72.78        0.97807       -0.27523
   83.88  -44.58        0.95046       -0.77493
  277.62  -67.41        0.39911        0.69933
  248.98   28.20        5.60750        1.00388
  164.59   32.67        5.50237        0.02643
  101.62  -68.49        0.63640       -0.67476
  141.00   -8.40        2.37154       -0.32211
  128.55  -35.04        1.57613       -0.48967
  281.60   -7.21        1.57256        1.56321
  317.69  -61.06        0.10776        0.47506
   68.97   26.34        3.90662       -5.86580
  165.76  -27.10        1.81273       -0.11685
  153.99    0.34        2.73095       -0.17577
   39.09  -34.35        0.24976       -0.66699
  321.70   -6.66       -2.23108        2.18538
  100.72   52.75       11.33367       -0.71925
  338.72  -14.39       -2.34489        0.91898
  174.64  -14.51        2.12975       -0.03123
   93.94   34.72        6.97587       -2.19124
  259.85   13.04        3.62454        1.40972
  358.13  -44.59        0.05206        0.00453
   57.21   52.45       18.12220      -15.65386
   64.56   10.28        1.24911       -3.69536
  144.98  -17.20        2.06392       -0.29919
  333.71   19.80      -16.04672       11.73232
   15.96   -6.73       -4.64644       -1.40327
  127.84    8.27        3.30713       -0.44840
   12.97   49.80       38.98102      -32.82264
   79.79  -42.99        0.92746       -0.78953
  131.56   -1.41        2.70423       -0.41752
  101.47   44.56        9.15033       -1.21840
  354.75   14.23      -21.02108        1.68699
  230.27  -31.94        1.64000        0.50664
  304.33    0.33       -0.48688        2.99763
    9.72  -33.58       -0.23185       -0.20466
  222.15  -49.98        1.30023        0.44488
   30.88  -76.43       -0.27821       -0.37610
  199.03  -29.88        1.75074        0.19415
  289.54  -26.27        0.96222        1.02110
  315.85    1.94       -2.73152        3.66346
  234.66   -8.94        2.35267        0.55427
  110.46  -12.45        2.15955       -0.72429
  169.69  -18.80        2.01013       -0.07526
  173.28  -11.29        2.23115       -0.04094
  272.68   -7.32        1.92582        1.32586
    5.43  -20.71       -1.58542       -0.23322
   73.72  -71.22        0.24856       -0.68145
  186.27   -6.10        2.41844        0.05811
   54.28   16.72       -0.45096       -6.50977
  176.09   -4.37        2.48487       -0.01702
  247.48  -42.10        1.29225        0.65818
  219.18   16.52        3.91237        0.26186
  238.63  -23.48        1.82681        0.59584
   59.97  -27.75        0.73833       -0.98387
   94.48  -63.89        0.65659       -0.69913
  343.17   16.98      -19.95601        7.50189
  105.78  -43.74        1.22184       -0.68150
  141.84   32.08        5.65945       -0.04219
  316.35   36.54        1.05961       23.37414
  258.18  -51.16        0.98407        0.70629
   75.68   13.03        2.67133       -2.94230
   20.97    5.48       -9.19904       -4.07622
    2.36  -10.05       -4.28632       -0.26840
  118.37   46.18        8.81257       -0.03443
   18.69   15.37      -16.23838       -7.94233
   48.54  -44.51        0.43640       -0.64206
  230.08   61.52       11.84523       -1.46132
  334.38  -57.23        0.06096        0.29789
  277.95   70.62       15.43248       -0.56581
  340.46   69.60       46.75794        9.14179
  332.77    5.50       -8.27592        4.35439
  175.28   -8.49        2.32695       -0.02418
  327.91  -14.13       -1.62662        1.29012
  164.65  -28.95        1.77327       -0.12876
  343.94   -9.50       -3.97882        0.98164
  283.92  -40.47        0.87334        0.80889
  221.18   -7.94        2.39679        0.37949
  220.72  -27.47        1.77817        0.40481
  256.89   75.87       12.22642       -4.12815
  105.88   46.21        9.35583       -0.74011
  336.80   72.74       34.58286        5.91065
    2.12  -16.09       -2.54729       -0.16478
   84.10   65.01       15.50634       -0.76810
  327.59  -53.95        0.14644        0.38447
  241.57  -48.59        1.19886        0.60917
  183.49  -23.37        1.89642        0.04491
   59.11   55.80       19.86299      -13.49954
  213.71  -15.44        2.11887        0.31396
  230.13  -10.03        2.31311        0.49273
  246.76  -15.82        2.02914        0.71565
  105.66  -16.52        1.96744       -0.77676
  345.37   48.32       32.33482       30.90445
  145.39    5.15        3.02422       -0.23719
   47.17   29.49       -0.69547      -14.48207
   76.87  -82.48        0.03183       -0.67866
  299.43  -16.81        0.56497        1.37122
   82.94   21.62        4.22643       -2.91396
  142.80   23.77        4.59314       -0.14355
  285.72  -66.42        0.32548        0.68132
  148.29   62.45       11.49295        1.13970
  201.53  -41.24        1.53051        0.23214
  185.67  -55.67        1.31642        0.07835
   11.99  -25.23       -0.85965       -0.34806
  268.77   51.60       12.06444        2.73571
  250.38  -13.08        2.10397        0.78364
  220.24  -32.02        1.67202        0.40598
  322.70   77.83       16.15574        0.77384
    4.39  -21.39       -1.48849       -0.19097
  357.88  -67.14       -0.18020        0.00704
  244.03   22.45        4.75250        0.78845
  183.02   39.40        6.48162       -0.03035
   12.01   40.62       -4.24521      -28.03892
  281.34   -4.85        1.65632        1.66689
  171.99   -4.71        2.47268       -0.04692
  174.82  -11.68        2.21808       -0.02886
  286.16  -64.86        0.35456        0.68292
  256.02   55.58       12.03384        0.37565
  275.55  -23.33        1.37169        1.00308
   76.51   37.23        7.61619       -5.57593
  257.38  -78.41        0.39319        0.67727
  122.37    0.12        2.79829       -0.55295
  175.45  -22.24        1.92280       -0.02652
  142.64   59.20       10.91141        1.04055
  214.09   68.58       12.64352       -1.90715
   45.91   24.40       -2.66060      -11.86025
  155.70  -38.24        1.58512       -0.22538
   19.52   40.83       -0.61236      -34.98017
   62.30   -4.48        0.75496       -2.10963
  352.53   18.12      -24.56723        3.60062
  237.18  -38.08        1.46090        0.57465
  263.74  -21.13        1.65790        0.90791
   23.19  -63.06       -0.03611       -0.29958
   32.75  -39.62        0.21447       -0.51046
  315.15   10.76       -4.00698        6.12481
  296.82  -60.78        0.31848        0.64346
  226.37  -39.80        1.48141        0.47458
   89.50  -53.73        0.82210       -0.72864
  230.54   10.22        3.45935        0.46772
   87.57  -32.86        1.26269       -0.84272
  312.22    3.43       -2.17056        3.87715
  118.33    5.06        3.10511       -0.62976
   11.72   60.36       69.67121      -20.10300
  238.93   30.41        5.81273        0.53954
   88.25   26.18        5.18972       -2.57967
    8.80   -7.30       -5.03792       -0.84594
   12.47  -19.68       -1.60024       -0.48724
  161.53   19.94        4.06101       -0.05501
  189.95   43.39        7.20822       -0.11227
  111.11   41.95        8.14828       -0.57757
  197.64  -78.65        0.88646        0.22182
  188.73   12.70        3.43984        0.04837
    5.52  -40.09       -0.01215       -0.10746
   16.51   48.87       32.43685      -37.17066
  216.42  -37.00        1.57631        0.37445
  177.88  -34.28        1.67189       -0.00552
  310.92   58.91       29.41264       20.52873
  225.92   16.30        3.94584        0.35965
   18.46   50.91       39.75942      -37.97977
  292.07  -62.64        0.33392        0.66377
  346.49   38.36      -12.83277       23.64880
  263.94  -60.84        0.70635        0.70679
  161.50   11.35        3.36226       -0.08844
   13.44  -19.57       -1.58893       -0.52248
  182.14  -22.29        1.92169        0.03258
  244.04   -0.66        2.73682        0.72995
  125.32    5.22        3.10534       -0.49802
  299.23  -39.01        0.62906        0.77161
  349.30   -5.20       -5.99085        0.88216
  313.12   26.62       -3.19234       13.98288
  302.75  -44.85        0.51321        0.68615
   36.36   80.79        9.51747        1.45263
  250.99   26.43        5.34930        1.11441
  247.77  -49.37        1.12831        0.65219
  357.42  -16.51       -2.46796        0.04494
   10.06  -53.95        0.05382       -0.14799
   39.67   19.93       -5.95221      -10.75406
   47.04   64.66       29.55497      -13.77452
  335.19   62.56       56.87257       22.99482
  152.61   61.67       11.26090        0.94947
   87.17   18.52        3.97881       -2.28326
   75.79   24.58        4.25611       -4.22200
  264.95  -50.19        0.92896        0.73301
  266.93  -41.80        1.09131        0.77271
  356.63  -36.70       -0.12828        0.03018
   57.04   -1.08        0.16660       -2.63299
   45.88  -36.36        0.41063       -0.71173
  135.14  -37.34        1.55187       -0.42750
  168.00   13.75        3.51788       -0.04691
  355.06   -1.70       -8.06264        0.43792
  280.31   57.39       15.58977        4.89146
  136.34   37.03        6.52263        0.00760
   61.81   25.82        2.62765       -7.56814
  242.84   17.48        4.17217        0.75031
  281.19   -0.68        1.81351        1.88624
  319.27  -11.91       -1.18489        1.64721
   40.12   62.35       35.75290      -20.03534
  117.01  -42.69        1.33937       -0.59749
   18.14   33.20      -18.35928      -24.88768
   74.66  -27.96        1.12486       -0.96636
  144.46   64.22       11.91213        1.40769
  358.96   -7.37       -5.34876       -0.04293
  227.60   42.15        7.61631       -0.06777
  217.10  -32.37        1.67223        0.37512
   38.25  -19.08       -0.44226       -1.15210
  204.83   61.56       11.24586       -0.96012
  130.46  -14.59        2.14538       -0.45122
  309.93   32.52        0.66403       16.52347
  301.40   70.57       21.25559        4.54427
  219.09  -22.18        1.91803        0.38071
  169.97  -21.30        1.94602       -0.07446
  234.83   -2.59        2.65135        0.55800
   66.27   69.75       18.31466       -2.43439
   92.30   59.94       13.81671       -0.73615
  271.37   12.02        3.18447        2.06422
   54.39   38.11        6.30662      -15.24441
   12.09  -58.78       -0.00424       -0.16987
  123.28  -11.67        2.24329       -0.53958
   82.89  -19.15        1.51114       -1.06266
  268.34   -8.91        1.98764        1.18006
    9.39   23.69      -27.14942       -9.43504
   19.53    8.00      -11.07938       -4.73115
   37.19  -24.19       -0.15768       -0.90602
  319.54  -28.94        0.06497        0.75992
  118.68   24.17        4.91925       -0.58144
  122.75   27.17        5.26444       -0.43561
  118.28   -7.38        2.41249       -0.61494
  100.57  -15.50        1.94941       -0.86004
  324.20   11.98       -7.73664        7.13985
  240.37   87.80        5.36642       -5.84860
   92.81   72.88       13.44706        2.92757
  335.71    1.09       -6.99500        2.97863
   82.95   29.40        5.66386       -3.50904
  179.54    9.91        3.23473        0.00560
   94.87   37.90        7.70972       -2.10459
   10.01   68.96       52.58697       -7.20535
   79.74   55.89       14.53337       -4.23443
  133.60    5.34        3.08589       -0.37180
   67.93  -19.86        1.04079       -1.19206
  287.30  -42.57        0.78258        0.78457
   69.46   -9.03        1.22920       -1.61817
  216.74  -25.45        1.83510        0.36138
  102.45   55.08       11.79322       -0.28426
   18.38  -29.81       -0.34837       -0.41081
  247.93   54.50       11.21892       -0.15403
   92.87    8.66        3.13608       -1.50085
   34.96   -0.13       -3.60508       -3.26541
  163.04  -48.46        1.42151       -0.16072
   68.14   -9.14        1.15223       -1.64107
   94.74   -6.11        2.24799       -1.09036
  117.30   20.56        4.49338       -0.64334
  262.06  -42.75        1.12911        0.74736
   46.63   53.59       23.90024      -23.56177
   75.13  -17.08        1.33633       -1.20717
  216.35   38.16        6.63324       -0.07307
  145.51  -64.56        1.08880       -0.35683
   60.13   -2.48        0.53583       -2.36455
   46.88   15.14       -2.70112       -7.17625
  104.54  -13.84        2.05564       -0.81045
  106.41  -61.00        0.85089       -0.65905
  320.42   16.31       -7.11260        9.10975
    2.45  -68.76       -0.21298       -0.04915
   85.50   25.07        4.90604       -2.84482
   27.19  -59.47        0.05103       -0.34911
   99.13   41.05        8.36379       -1.57616
  184.62  -10.81        2.24759        0.04859
    6.08  -50.31        0.07214       -0.10001
  147.38   44.45        7.64710        0.26128
   49.96   23.02       -1.23808       -9.91959
   40.37  -71.50       -0.09864       -0.47220
  304.54  -13.33        0.15489        1.59213
   36.84   42.44        8.20249      -30.75988
  124.10    0.94        2.84393       -0.52371
  143.56    6.65        3.12488       -0.24939
   47.95  -33.94        0.44036       -0.77349
  256.73  -62.15        0.75916        0.68461
  354.16   38.79      -14.02241        9.67468
  328.15   17.89      -11.74000       10.58435
  328.33    3.09       -6.03406        3.89266
  146.47  -29.34        1.75122       -0.30449
  292.81  -27.15        0.86138        1.00355
   57.36   11.86        0.09773       -4.77529
   75.94   25.10        4.36833       -4.26266
  185.15  -63.92        1.18170        0.07495
  308.31  -81.54       -0.25248        0.53473
  317.95  -14.36       -0.80454        1.46294
  191.17   13.35        3.49374        0.05912
  318.11   23.45       -6.40633       13.30083
  286.53   31.82        5.51441        6.53860
  212.75   28.26        5.11195        0.08020
  300.80   17.34        0.05341        6.37183
   93.82   27.50        5.51995       -2.03853
  180.77  -24.58        1.86874        0.02082
    7.92   51.15       48.82504      -23.38957
  312.11    5.49       -2.40631        4.35170
    5.97    6.19      -13.10788       -1.77551
  144.74  -38.04        1.56717       -0.33367
  271.80  -20.53        1.52467        1.01178
  174.18   52.57        9.02808        0.09065
  269.83  -30.11        1.31991        0.87094
  358.17    4.69      -12.42394        0.06037
  211.93  -52.97        1.29389        0.34999
  174.68   62.75       11.32330        0.15646
   56.17  -69.57        0.09026       -0.60043
  245.48   15.32        3.95565        0.83339
  307.86   -6.15       -0.53661        2.24757
  231.26   85.79        7.98817       -5.20364
  135.99  -27.54        1.77582       -0.40688
  244.67  -44.56        1.26088        0.63447
  321.51   50.80       26.21706       34.12293
  190.39  -27.91        1.79552        0.11049
  100.52    0.32        2.69025       -1.03926
  126.09   54.32       10.34241        0.72476
  204.78   59.34       10.75689       -0.82730
    5.82  -61.94       -0.07159       -0.09136
  161.95  -62.38        1.19016       -0.18235
   55.78  -62.87        0.22890       -0.61056
  271.42  -88.20        0.00505        0.68914
   42.39  -24.47        0.06546       -0.96495
   79.47   -5.71        1.81009       -1.51092
  302.41  -71.26        0.03579        0.58690
  173.95   31.96        5.36965        0.00858
  217.24  -37.73        1.55904        0.38348
  315.69  -11.71       -0.87289        1.70243
  191.90   72.03       12.98348       -0.92601
  139.26   27.28        5.04898       -0.13892
  252.88   65.83       13.51891       -1.68090
  245.43   22.10        4.71789        0.84346
   92.34  -43.83        1.07492       -0.75411
   50.03  -16.46        0.12130       -1.39854
   92.15  -38.20        1.20096       -0.78162
   97.89  -66.77        0.63246       -0.68752
  300.58  -10.10        0.34730        1.78891
  244.40  -47.26        1.20398        0.63063
  134.87  -44.09        1.41435       -0.43763
  344.35  -43.31        0.07188        0.20120
  314.16  -29.77        0.24567        0.80829
  186.93    5.43        2.96586        0.05057
   86.22   17.96        3.86909       -2.33696
  344.34  -22.05       -1.23923        0.42802
  239.52    0.94        2.84247        0.64367
  209.23   -1.01        2.68183        0.23585
  311.66    6.92       -2.47147        4.68814
   56.46   11.20       -0.09527       -4.73372
  310.49   -5.09       -0.94249        2.40462
  303.98    0.99       -0.46908        3.08188
  170.41   26.90        4.74904       -0.00407
   27.95  -40.95        0.16832       -0.43266
  261.18   58.43       13.14539        0.54524
  319.90   16.09       -6.82218        8.93792
  344.11  -26.42       -0.72306        0.34737
  284.70   -7.45        1.40906        1.63315
  251.67   72.92       13.05497       -3.44054
  132.24   -3.25        2.61103       -0.41253
  340.74  -31.02       -0.30748        0.35012
  261.24  -10.40        2.07552        1.00294
  319.96   35.65       -1.59115       24.84759
   66.06   -9.26        1.02628       -1.67837
   12.71   82.52        6.68781        0.73552
  296.60  -13.73        0.68534        1.51217
  168.94   11.74        3.36887       -0.04642
  301.74   52.48       18.84653       17.10552
  257.37   35.71        7.11360        1.59730
  178.59   21.05        4.12446        0.00033
  130.65    8.84        3.33583       -0.40176
  188.48   75.16       13.18163       -0.80639
  310.78  -23.61        0.18723        1.03540
  314.66   46.81       15.69992       28.10931
  329.56  -73.16       -0.22628        0.33998
  283.06  -11.39        1.40321        1.41985
  269.69   -5.63        2.08902        1.29498
  348.96  -43.57        0.05617        0.13498
  127.26  -47.11        1.31416       -0.51064
  292.49  -23.89        0.88968        1.08703
  318.61  -29.17        0.10049        0.76688
   16.13    0.81       -7.87306       -2.46147
  343.18  -40.85        0.04167        0.22803
  245.81    4.73        3.06966        0.79491
   76.03   10.10        2.44829       -2.64354
   60.41  -38.27        0.68647       -0.79633
  322.79   51.77       29.24540       34.74877
  166.35   -6.97        2.38869       -0.09178
  340.60   51.66       44.70902       35.82562
   45.02   18.43       -3.47658       -8.90862
  130.02   14.45        3.78652       -0.38632
  105.25   16.38        4.05538       -1.07604
   49.89   52.97       21.50204      -21.07678
  236.89  -67.56        0.84508        0.57892
  239.20   32.75        6.19454        0.51252
  242.32   33.38        6.36348        0.62691
  263.70    3.04        2.72666        1.33110
   61.61  -34.00        0.75005       -0.86329
   38.75  -33.21        0.22085       -0.68343
  163.22   -4.45        2.49289       -0.11247
   45.90   37.65        4.04459      -20.55338
  166.11  -49.24        1.41316       -0.12954
  268.95   21.37        4.39925        2.36167
   68.53  -39.80        0.81085       -0.80827
  129.21  -34.36        1.59422       -0.48265
  147.13  -25.54        1.83997       -0.29209
  316.42  -38.23        0.32201        0.62497
  351.69  -58.06       -0.00792        0.08469
  114.54  -51.02        1.14058       -0.61437
   52.06   47.26       14.49291      -19.70174
   92.04   -4.12        2.28692       -1.19910
  315.26  -56.17        0.21465        0.51095
   51.57    1.36       -0.69873       -3.19717
    9.00   44.62       13.42185      -25.64958
  352.23   18.77      -25.12228        3.96068
  266.74   -0.36        2.43839        1.34964
  212.58   -3.96        2.55274        0.27680
  160.59  -17.74        2.04206       -0.15380
  119.82  -12.29        2.21025       -0.58658
   55.57  -28.36        0.60766       -0.95246
   90.61  -57.22        0.75863       -0.71815
  145.79   61.07       11.24870        1.10954
    7.21  -15.12       -2.67806       -0.41494
   49.15   19.13       -1.90323       -8.38100
  291.69   11.35        1.39646        3.79407
  291.49   49.58       14.10249       10.86058
  148.23   68.66       12.60940        1.66551
  172.17   -1.89        2.59339       -0.04355
  304.09   65.23       25.65343       10.59998
  160.77  -27.15        1.81025       -0.16355
   87.42   25.37        5.02365       -2.63397
  312.29   59.14       30.65524       21.23963
   45.47   19.45       -3.29094       -9.31180
  359.17  -53.76        0.04067       -0.00916
  147.31  -59.06        1.19633       -0.33336
  330.44    2.67       -6.42100        3.69344
  130.06  -69.42        0.89337       -0.50328
   90.82   -0.33        2.45813       -1.32815
   10.94  -31.87       -0.31810       -0.24073
  241.22   -2.71        2.63387        0.66823
  302.39    4.45       -0.36345        3.56076
  132.93    2.51        2.91591       -0.38961
  231.51   35.63        6.51712        0.21630
  337.49  -35.24       -0.06075        0.35787
  243.62  -29.54        1.62831        0.64237
  320.90   -8.51       -1.82442        1.97038
  335.68  -63.67       -0.05730        0.27638
  174.08   27.60        4.82218       -0.00057
  337.79  -10.26       -3.26333        1.25231
   92.90   49.69       11.07004       -2.03088
   59.85  -69.89        0.12194       -0.62281
  142.21   60.03       11.10040        1.11316
    9.53  -52.83        0.06316       -0.14231
  135.19    0.99        2.82274       -0.36480
  291.81   73.42       16.16822        0.23709
  315.49  -20.61       -0.16783        1.11536
   54.99   29.19        1.92599      -11.03233
  278.31  -36.93        1.03182        0.83965
  303.44   -9.43        0.08752        1.87664
  230.24   26.85        5.16639        0.34527
   16.36  -63.60       -0.07590       -0.21907
  305.13   27.06        0.26089       11.27295
   23.03  -20.94       -1.03213       -0.75093
   66.67  -73.92        0.10707       -0.65244
  227.10  -68.64        0.90694        0.50488
  293.39   27.59        3.38305        7.57812
  263.21  -16.34        1.81944        0.95727
  357.84  -10.33       -4.22681        0.04093
   69.29   40.99        9.02302       -8.43604
   58.52  -25.80        0.69111       -1.03174
   95.46   21.49        4.59276       -1.72688
  222.43   26.45        5.00704        0.21053
  154.20   51.64        9.00906        0.44043
  322.81   65.24       40.41643       17.72352
   99.71   34.52        6.85839       -1.58247
  351.27   55.08       66.81674       16.29595
   49.30   55.49       24.38093      -20.52257
  253.69  -25.28        1.66226        0.76106
  219.45  -26.65        1.80079        0.39080
   97.53  -59.56        0.78634       -0.69665
  233.84   47.04        8.82832       -0.16078
   85.60   18.35        3.89340       -2.41579
  193.37  -10.06        2.27901        0.11831
  306.28  -67.74        0.07428        0.56358
   35.79   49.79       23.76800      -34.00381
   47.90   60.20       28.63541      -18.08556
  184.75  -80.49        0.88240        0.07427
  318.62   -2.42       -2.51307        2.84894
  325.84   44.77       12.97623       36.41873
  322.98  -29.11       -0.02610        0.70429
  119.96  -10.92        2.26509       -0.58583
  328.18  -23.87       -0.51266        0.76924
  248.86   49.18        9.97740        0.38747
   15.74  -48.20        0.10933       -0.23045
  344.55   -5.85       -5.33146        1.23091
   90.05  -32.65        1.30395       -0.82947
  336.97   50.43       36.63834       39.00473
  238.99    9.43        3.42514        0.64162
  275.93  -19.95        1.44323        1.06916
  301.55  -46.45        0.51070        0.68201
  201.01   58.12       10.42794       -0.66589
  173.46  -10.40        2.26101       -0.03909
  299.95   15.33        0.13413        5.67122
   39.85  -21.39       -0.20071       -1.05921
  208.43   28.51        5.09399        0.04800
   66.05    7.67        1.32513       -3.19697
    9.10  -27.57       -0.66722       -0.24597
  240.61  -61.86        0.92915        0.60228
  137.31   29.52        5.36802       -0.12943
  320.03  -78.25       -0.27732        0.43497
  220.94   28.08        5.19645        0.16767
  109.77    5.46        3.11544       -0.83330
  126.63    5.47        3.11853       -0.47547
  329.99  -15.09       -1.63239        1.16562
   46.45  -50.86        0.34155       -0.57909
   46.19  -21.63        0.11853       -1.11664
  209.05   48.14        8.37702       -0.38125
   96.73  -70.40        0.53900       -0.68764
  194.18  -57.05        1.28080        0.17023
  160.61   -6.27        2.42307       -0.13630
  124.13  -27.80        1.73297       -0.53077
   99.09  -28.16        1.53681       -0.78768
  309.51   28.56       -0.94664       13.80831
  325.85   26.34      -11.26516       17.54696
   77.45  -26.04        1.22444       -0.98539
  151.41    7.56        3.14747       -0.17361
   30.44   25.15      -11.84431      -16.48660
   47.46  -69.98       -0.00396       -0.53551
  215.39  -19.71        1.99015        0.33860
  264.71  -10.76        1.99617        1.06633
  240.43  -76.43        0.62300        0.60456
  203.46    9.12        3.24084        0.15125
  336.60    0.63       -6.97701        2.81307
  297.70   40.64        8.54291       13.27666
  332.07   24.22      -16.15339       15.82996
  359.65  -21.04       -1.57967       -0.03936
  116.27   28.40        5.53360       -0.62564
   86.85   58.29       14.14021       -2.02160
  352.78    3.46      -11.24617        1.09135
    7.75    2.56      -10.24404       -1.62776
  104.36   18.68        4.31095       -1.14022
  355.65   82.64        6.51535       -0.14454
  359.23   37.30      -19.46137       -1.66908
  233.83  -64.29        0.93930        0.55543
  250.22  -34.86        1.43984        0.69323
  153.21   80.91       12.21905        2.49076
   98.38  -54.99        0.89590       -0.70068
  178.81  -43.58        1.51212        0.00369
   73.16    7.86        2.05783       -2.66400
   14.01   17.91      -20.54508       -8.14092
  109.44  -24.00        1.75578       -0.69632
  301.48   46.77       13.50370       17.07508
  146.71   13.09        3.56197       -0.18830
  350.57    2.11      -10.10649        1.34604
  319.22  -48.53        0.27262        0.50173
   54.36  -32.77        0.58729       -0.84756
   80.73  -13.77        1.59835       -1.21680
  320.42  -50.06        0.24731        0.48054
  187.83   25.21        4.56351        0.01127
  328.30   62.40       48.41324       23.81161
   75.53  -33.34        1.04654       -0.88482
  310.02   16.02       -2.72903        7.52141
  144.06   81.92       11.51892        3.40409
   81.27  -29.68        1.22838       -0.91052
  333.70  -40.90        0.11779        0.36614
  236.11    2.08        2.91291        0.58056
  270.97   67.02       15.19060       -0.21778
  287.56    4.03        1.52693        2.56151
  168.79   30.54        5.19864        0.01007
  205.41  -25.07        1.85398        0.24902
  328.98   31.83      -11.39248       24.24910
  336.67    6.37       -9.90439        4.27297
  127.26   -6.59        2.45954       -0.48345
  141.13   -5.61        2.48675       -0.31420
  137.05  -44.57        1.41460       -0.41722
  235.34   10.77        3.52243        0.55971
  271.36   16.63        3.67723        2.32003
  110.59  -58.69        0.94214       -0.63774
   15.44   -7.63       -4.38783       -1.28411
  202.01  -32.63        1.69193        0.22634
  296.14  -44.75        0.61234        0.73046
   27.10   38.79       -2.27300      -32.96556
   75.11  -60.09        0.50979       -0.70714
  293.48  -34.95        0.77976        0.85481
  231.52  -53.95        1.16489        0.53132
   31.24  -28.26       -0.14140       -0.68214
  261.71    7.58        3.10228        1.36509
  265.25   32.48        6.48750        2.42295
   73.83   30.75        5.49787       -5.45961
  328.64   -5.00       -3.58869        2.25179
  308.16    5.64       -1.52922        4.15861
  257.51  -40.55        1.23103        0.73028
  116.77   33.12        6.27540       -0.54119
  304.27  -12.12        0.12794        1.67484
  322.10   60.57       41.00228       25.13190
  327.03   -6.88       -2.90415        2.04116
   87.32   19.94        4.17410       -2.34596
  171.86  -46.04        1.46999       -0.06819
    6.04  -70.83       -0.25368       -0.09294
  125.45   34.05        6.25215       -0.25135
  346.16  -12.98       -3.08985        0.66231
   62.97   68.35       19.95679       -4.28841
  198.18  -61.16        1.20213        0.21637
   59.87  -23.51        0.73128       -1.10215
  185.85   48.03        8.07992       -0.11042
  297.60  -35.70        0.68749        0.82634
  138.92   64.87       12.13256        1.64428
  167.57  -25.38        1.85052       -0.09880
   88.25    7.21        2.87920       -1.68122
  219.11   24.43        4.72294        0.19052
  172.21   -6.14        2.41557       -0.04628
  314.04  -19.78       -0.13817        1.17229
  104.33  -14.29        2.03660       -0.81073
   69.15   19.20        2.67476       -4.54210
  188.51  -56.56        1.29879        0.10914
  331.32   40.96        2.11328       35.70557
  177.95   11.18        3.32027       -0.00247
   54.07   30.64        2.19255      -12.05437
  188.88   62.24       11.23437       -0.41586
  319.87    6.67       -4.69819        4.99144
  193.39  -63.00        1.18343        0.16568
  209.60   31.89        5.55731        0.00936
  349.13   23.66      -27.95898        8.22246
  133.31   33.98        6.08623       -0.10145
  261.89   54.75       12.32141        1.19332
   28.06   54.54       41.24182      -35.97644
  210.94  -15.23        2.12433        0.28581
  215.31  -30.05        1.72767        0.35389
  290.55  -65.55        0.28877        0.66408
  338.38   52.17       44.59732       37.19154
  259.23    6.74        3.08458        1.24384
   26.94   29.16      -13.79423      -21.17210
  273.82  -10.54        1.77178        1.25982
   45.96  -30.42        0.34932       -0.82785
  173.94  -47.61        1.44568       -0.04719
  114.06   -3.47        2.58847       -0.69636
  312.81   27.84       -2.68956       14.69983
  351.14  -24.21       -1.07228        0.20044
  209.67   33.78        5.83096       -0.01997
  331.39  -26.17       -0.44007        0.63268
    1.51  -77.43       -0.40771       -0.03740
  258.28  -10.29        2.12696        0.94655
  153.46   66.61       12.23842        1.24795
  287.25  -23.46        1.06021        1.08084
  157.23    9.44        3.24639       -0.12251
  320.53  -25.28       -0.13017        0.85481
  159.93   43.24        7.24047        0.16794
  339.08  -21.50       -1.15915        0.59236
   43.65   11.53       -3.48397       -6.23050
   11.34   39.65       -8.09246      -26.20560
  280.88   73.22       14.62350       -1.37073
  130.88    7.65        3.25058       -0.40258
  264.20   52.93       12.03363        1.76455
  240.66  -53.86        1.09524        0.60189
   78.17  -31.37        1.13444       -0.90271
   64.01   -7.84        0.89487       -1.81124
  256.30  -19.31        1.81816        0.82906
  179.33  -55.17        1.32799        0.00960
   18.56   -3.44       -5.55538       -1.97855
   38.46  -78.27       -0.26555       -0.44998
  147.87   43.48        7.45400        0.23223
  132.21   14.08        3.73966       -0.35351
  327.62   19.31      -11.86237       11.59573
  150.37   55.71        9.97553        0.67550
  157.58   -9.59        2.30229       -0.16761
   88.35  -28.27        1.38532       -0.88019
   85.87  -15.85        1.67698       -1.08552
   86.43    9.44        2.99084       -1.87789
  337.99  -28.77       -0.40992        0.43933
   94.32   42.60        8.94589       -2.13533
   83.99  -18.72        1.54898       -1.05711
  304.23  -35.65        0.54895        0.78461
  284.51  -82.78       -0.02744        0.66612
  231.40  -57.23        1.10034        0.53239
  225.64  -15.38        2.11890        0.44287
  267.10  -17.67        1.70515        0.99629
  103.11   25.37        5.20083       -1.27434
  322.05  -54.02        0.18763        0.44702
  349.73  -39.49       -0.02118        0.13435
  335.09   -8.44       -3.49319        1.55057
  104.42    4.51        3.01018       -0.97747
   21.41   44.88       13.93765      -38.97352
   73.21    3.30        1.81779       -2.27456
  186.28   12.88        3.44804        0.03608
  209.98   16.20        3.81422        0.16817
  347.68   42.98        5.26183       25.27109
  124.40    9.06        3.37877       -0.50663
  117.53   15.23        3.93177       -0.64921
   50.45   21.66       -1.24096       -9.16659
  120.39  -54.37        1.11882       -0.57141
  280.36  -10.64        1.53488        1.39426
   43.80  -26.20        0.18130       -0.92176
  173.80  -24.93        1.86086       -0.04195
  216.62   43.04        7.51826       -0.21155
  180.91  -69.50        1.09012        0.02819
   18.85  -32.80       -0.17136       -0.37643
  248.02   12.67        3.69787        0.90644
  191.87  -20.64        1.96336        0.11768
  226.21   20.83        4.39953        0.33082
  144.64    1.53        2.82105       -0.25749
  323.00  -39.74        0.23170        0.52448
   83.88    2.99        2.41694       -1.71648
   60.58  -12.72        0.69222       -1.56578
  115.73  -63.61        0.88735       -0.60617
  337.17  -39.50        0.06129        0.32564
  160.19  -72.76        1.00205       -0.20828
  122.26  -62.83        0.96208       -0.56078
   51.90  -26.11        0.46758       -0.99436
  307.14   46.68       14.20740       21.48183
  319.14   -7.42       -1.77424        2.12050
  272.74   57.04       14.19412        2.85696
  245.20    8.41        3.34257        0.79666
    7.61   -6.24       -5.53816       -0.81522
  336.51    6.08       -9.70035        4.20130
   47.46   24.77       -1.92292      -11.57506
   32.92    3.47       -5.01360       -4.09437
  208.98  -13.77        2.17018        0.26386
  117.63   50.56        9.83963        0.22006
   12.75   -3.07       -6.48223       -1.55144
  275.34  -42.58        0.96096        0.79034
   70.69   44.89       10.89345       -8.24495
  183.95   26.97        4.75093        0.00227
  242.61   34.50        6.56849        0.61932
    4.95   -8.51       -4.76884       -0.49531
   94.63  -62.02        0.69966       -0.70130
  348.88  -25.55       -0.88638        0.24416
    4.01  -43.35        0.04333       -0.07936
  263.12   43.01        9.07909        2.20346
   91.78    4.66        2.80054       -1.43166
  172.53   13.86        3.51775       -0.02585
  279.56   31.92        6.03423        4.80160
