 -1.036477853578466E-007
  1.415691367344118E-007
 -3.828275603195821E-009
 -2.080127605206722E-007
  2.639788626223509E-007
 -7.138447424684197E-009
  1.582585857807542E-007
 -8.565438171524484E-009
 -3.751473341392763E-007
  1.733290854705878E-007
 -4.687119837963961E-009
  3.107033075132215E-007
 -1.681621225833232E-008
  1.048211342296626E-007
 -8.520255843113021E-009
 -3.968335120808761E-007
 -8.465270695497519E-008
  2.289156381508415E-009
  3.024151007440429E-007
 -1.636762918598921E-008
  2.114026066716199E-007
 -1.718359859374123E-008
  5.616948876505773E-008
 -6.097991557941131E-009
 -2.659221101529430E-007
 -2.760034404711040E-007
  7.463612916817335E-009
  1.507031369838246E-007
 -8.156514199349794E-009
  2.386410304473886E-007
 -1.939764007533981E-008
  1.168757797100011E-007
 -1.268851708763885E-008
  2.680962017596740E-008
 -3.646246289127368E-009
 -9.208580484960770E-008
 -3.043796003382532E-007
  8.230953617181901E-009
 -1.973768416179584E-008
  1.068263769089591E-009
  1.767980452010014E-007
 -1.437080974886574E-008
  1.454203286212158E-007
 -1.578743114423446E-008
  5.768240296729124E-008
 -7.845103600384904E-009
  1.189280898316004E-008
 -1.946243371654124E-009
  3.201855584292534E-008
 -2.144559485878195E-007
  5.799261723825986E-009
 -1.192500343608902E-007
  6.454176190386418E-009
  7.706545869603877E-008
 -6.264170194137306E-009
  1.283349589154407E-007
 -1.393257288362431E-008
  7.731514605747971E-008
 -1.051525767821711E-008
  2.646766536351374E-008
 -4.331400458027732E-009
  5.015165650994706E-009
 -9.605953766659498E-010
  7.952153517503627E-008
 -9.463132907954975E-008
  2.558995673561759E-009
 -1.336302714924145E-007
  7.232478558212264E-009
 -6.468595824259915E-009
  5.257917859161985E-010
  8.194156520264063E-008
 -8.895914558528646E-009
  7.636670593575764E-008
 -1.038626494159530E-008
  3.771372387751394E-008
 -6.171803921255321E-009
  1.153767840380934E-008
 -2.209905176304409E-009
  2.037629879206220E-009
 -4.477037335625282E-010
  7.127255825021257E-008
 -6.056308062986548E-009
  1.637731001105467E-010
 -9.584227180904133E-008
  5.187276566063019E-009
 -4.889219680967116E-008
  3.974141556582563E-009
  3.203897823132314E-008
 -3.478283727966065E-009
  5.830291394021161E-008
 -7.929496285455571E-009
  4.051805761218776E-008
 -6.630729642734858E-009
  1.732468301214028E-008
 -3.318337132167162E-009
  4.840424300511379E-009
 -1.063527804278820E-009
  8.045559357741967E-010
 -1.997185609170108E-010
  4.101723462688408E-008
  3.426586857063938E-008
 -9.266086641284821E-010
 -4.591789811438574E-008
  2.485216933569745E-009
 -5.394756899050467E-008
  4.385061212045173E-009
 -3.417572013917049E-009
  3.710257249569684E-010
  3.352636112523444E-008
 -4.559757618289958E-009
  3.473187506577115E-008
 -5.683828078597315E-009
  1.991685160880620E-008
 -3.814836219690113E-009
  7.611543116305228E-009
 -1.672392177852339E-009
  1.970969188442592E-009
 -4.892626011746909E-010
  3.105515368685993E-010
 -8.606519614983356E-011
  1.306394809329551E-008
  3.813951474470454E-008
 -1.031358791773940E-009
 -8.545503344728762E-009
  4.625087491001905E-010
 -3.862391849358409E-008
  3.139497293626337E-009
 -1.954764176649215E-008
  2.122172679340378E-009
  1.177070530531613E-008
 -1.600876486060481E-009
  2.395103032743910E-008
 -3.919556270101620E-009
  1.860998036128417E-008
 -3.564520564011243E-009
  9.264402741349616E-009
 -2.035555003809533E-009
  3.230358943256590E-009
 -8.018866193216220E-010
  7.835038674014614E-010
 -2.171375956209233E-010
  1.176728194564103E-010
 -3.606379367135855E-011
 -3.056146569702911E-009
  2.530979245334450E-008
 -6.844207940100990E-010
  9.718994574848238E-009
 -5.260216797057395E-010
 -1.913856887234325E-008
  1.555654825353343E-009
 -2.079863706498055E-008
  2.257985892829209E-009
 -2.006979911914571E-009
  2.729595946582673E-010
  1.264480959888855E-008
 -2.069307335425261E-009
  1.442912852967118E-008
 -2.763728083871125E-009
  9.276618186157774E-009
 -2.038238955543919E-009
  4.131701017887701E-009
 -1.025630841488686E-009
  1.333423027687170E-009
 -3.695403203792966E-010
  3.053476042367893E-010
 -9.358144937878561E-011
  4.390592011250510E-011
 -1.476573821394650E-011
 -8.145758083746091E-009
  1.068327839493615E-008
 -2.888944227880250E-010
  1.332421627674428E-008
 -7.211472928273892E-010
 -4.623425395558418E-009
  3.758093969426001E-010
 -1.468985420377740E-008
  1.594791209453541E-009
 -7.666680928903664E-009
  1.042708054178260E-009
  3.938273101116803E-009
 -6.444934859092338E-010
  9.187173800516754E-009
 -1.759693954605797E-009
  7.845133160001906E-009
 -1.723716088908710E-009
  4.384693867030153E-009
 -1.088432401338733E-009
  1.782172192330642E-009
 -4.939051368172229E-010
  5.379656458271044E-010
 -1.648730959549405E-010
  1.170315628570674E-010
 -3.935818713012553E-011
  1.616920793635434E-011
 -5.928932582176441E-012
 -6.936179916964263E-009
  1.012124122917491E-009
 -2.736959606132586E-011
  9.730600953633334E-009
 -5.266498523852175E-010
  2.693155868368774E-009
 -2.189098333320681E-010
 -7.356884650966775E-009
  7.986937656132456E-010
 -7.775649764650215E-009
  1.057528376523948E-009
 -1.092486088336727E-009
  1.787839871188961E-010
  4.490580483845779E-009
 -8.601173224400995E-010
  5.627148383832422E-009
 -1.236385158296815E-009
  3.974662010218121E-009
 -9.866483379425484E-010
  1.988901085197432E-009
 -5.511972787074632E-010
  7.480835299004927E-010
 -2.292690036336018E-010
  2.129091639595064E-010
 -7.160221150985316E-011
  4.421923708988838E-011
 -1.621433013677986E-011
  5.887879768699663E-012
 -2.341405581225170E-012
 -3.791984015817231E-009
 -2.999104056074822E-009
  8.110098821082090E-011
  4.703169070950870E-009
 -2.545498791658934E-010
  4.502461907051566E-009
 -3.659770298603517E-010
 -1.982401438386348E-009
  2.152176831497752E-010
 -5.378635406422236E-009
  7.315220902986800E-010
 -2.952458681938661E-009
  4.831661845359251E-010
  1.208809720561903E-009
 -2.315331356222005E-010
  3.348603925318522E-009
 -7.357481821827066E-010
  3.111643676681132E-009
 -7.724173914597079E-010
  1.910855162187205E-009
 -5.295678971873229E-010
  8.728645747879280E-010
 -2.675112916812058E-010
  3.069637279218550E-010
 -1.032331411380655E-010
  8.288929596067654E-011
 -3.039388506185711E-011
  1.650203943596629E-011
 -6.562288760916282E-012
  2.123019661960080E-012
 -9.114629038383934E-013
 -1.156678494923297E-009
 -3.315006869453749E-009
  8.964354954404987E-011
  1.050481508000452E-009
 -5.685526862714464E-011
  3.517934053711746E-009
 -2.859509048162860E-010
  7.537024340605501E-010
 -8.182504739060237E-011
 -2.686691137088512E-009
  3.654038186421380E-010
 -2.839853964341910E-009
  4.647385628066518E-010
 -5.416027712110895E-010
  1.037375740348081E-010
  1.518603994827777E-009
 -3.336644624351434E-010
  2.092698767138376E-009
 -5.194800853767081E-010
  1.603674809003559E-009
 -4.444369794119922E-010
  8.818250857600311E-010
 -2.702574655249551E-010
  3.727883695398918E-010
 -1.253702338972798E-010
  1.235494192941157E-010
 -4.530315773539443E-011
  3.181370808905790E-011
 -1.265120835008631E-011
  6.091650727915152E-012
 -2.615290738719126E-012
  7.588773329852101E-013
 -3.503934237091838E-013
  2.528396036091139E-010
 -2.138937688679914E-009
  5.784059406743781E-011
 -6.855938904468045E-010
  3.710643596638326E-011
  1.843100336096459E-009
 -1.498141240646914E-010
  1.501805668984420E-009
 -1.630422226103945E-010
 -7.591976013069735E-010
  1.032547801242004E-010
 -1.915396121763604E-009
  3.134521887432057E-010
 -1.116554424033845E-009
  2.138627300000733E-010
  3.365413213046399E-010
 -7.394414833782909E-011
  1.171863333536210E-009
 -2.908969384959578E-010
  1.178558044899201E-009
 -3.266215660405910E-010
  7.842688464501025E-010
 -2.403589035450266E-010
  3.937064612254937E-010
 -1.324050725930764E-010
  1.556072297787845E-010
 -5.705813038951978E-011
  4.890568419325830E-011
 -1.944809446632231E-011
  1.205860920429238E-011
 -5.177048128685240E-012
  2.227061074005445E-012
 -1.028292083928836E-012
  2.691634289373031E-013
 -1.332217998143036E-013
  6.593155357524392E-010
 -8.801170625647123E-010
  2.379989562905860E-011
 -1.046816263272045E-009
  5.665689438440031E-011
  5.413636138356521E-010
 -4.400406967492420E-011
  1.229346968936853E-009
 -1.334629814723951E-010
  2.193496133010140E-010
 -2.983267604202365E-011
 -9.461435598952297E-010
  1.548352146819918E-010
 -1.017412843872884E-009
  1.948733385890866E-010
 -2.483958337652866E-010
  5.457700798038970E-011
  4.918178599821090E-010
 -1.220861730820695E-010
  7.494682718406310E-010
 -2.077050864874301E-010
  6.180960812626143E-010
 -1.894310822751341E-010
  3.680997186748011E-010
 -1.237934216801127E-010
  1.710192482477008E-010
 -6.270941639043926E-011
  6.369103234757521E-011
 -2.532771464706818E-011
  1.907886177170925E-011
 -8.191009756298975E-012
  4.520213661908993E-012
 -2.087100345751564E-012
  8.071657501364709E-013
 -3.995047697291697E-013
  9.480250180651134E-014
 -5.015721210576668E-014
  5.439099206415212E-010
 -8.729882039756728E-011
  2.360711889790935E-012
 -7.696138519378699E-010
  4.165385297860805E-011
 -1.305636528418490E-010
  1.061270452933391E-011
  6.780680614191718E-010
 -7.361386769153732E-011
  4.992543413716949E-010
 -6.790115927067139E-011
 -2.710366818074069E-010
  4.435481526604329E-011
 -6.672987378166602E-010
  1.278131425780604E-010
 -4.148022556524919E-010
  9.113947554526307E-011
  8.137160600867136E-011
 -2.019924200284742E-011
  3.962799935442641E-010
 -1.098236889069276E-010
  4.303406234971897E-010
 -1.318887023023720E-010
  3.074281630090073E-010
 -1.033893325339896E-010
  1.671009392516112E-010
 -6.127264905124934E-011
  7.258145172523837E-011
 -2.886312609768782E-011
  2.562870944454825E-011
 -1.100301536135598E-011
  7.347725517312925E-012
 -3.392636194035591E-012
  1.677650596600518E-012
 -8.303491838517942E-013
  2.902594218128659E-013
 -1.535677121804898E-013
  3.317863219616829E-014
 -1.871885302376791E-014
  2.884198113307481E-010
  2.262244197394103E-010
 -6.117501645579967E-012
 -3.719610876515478E-010
  2.013167047318807E-011
 -3.187450703556080E-010
  2.590879757310641E-011
  2.289329582880764E-010
 -2.485390694625380E-011
  4.208897619587815E-010
 -5.724317325647200E-011
  6.788455974809637E-011
 -1.110922361868542E-011
 -3.240021128332651E-010
  6.205875404286630E-011
 -3.584650024992170E-010
  7.876117326715757E-011
 -1.071469567327582E-010
  2.659757395800024E-011
  1.528100981736538E-010
 -4.234927060917506E-011
  2.601450738895660E-010
 -7.972799761919836E-011
  2.297138699974090E-010
 -7.725370200401301E-011
  1.466834758275431E-010
 -5.378596419700882E-011
  7.377717104553723E-011
 -2.933862220290195E-011
  3.019382827813910E-011
 -1.296292960361795E-011
  1.015940768675391E-011
 -4.690863066080920E-012
  2.797433493165189E-012
 -1.384583074140980E-012
  6.170799263402367E-013
 -3.264788265502911E-013
  1.036343227088390E-013
 -5.846882239568498E-014
  1.154416186719535E-014
 -6.930945054040279E-015
  8.503683352124740E-011
  2.463638869155530E-010
 -6.662107854499479E-012
 -8.735515152723979E-011
  4.727927686711341E-012
 -2.621406256962403E-010
  2.130777551879591E-011
 -1.562582945450382E-011
  1.696404546132397E-012
  2.399192530500672E-010
 -3.263025288615606E-011
  1.661427961041449E-010
 -2.718906156865455E-011
 -9.198237034802677E-011
  1.761812985678689E-011
 -2.282610616342224E-010
  5.015303837228341E-011
 -1.514773629036833E-010
  3.760191129704656E-011
  1.465705430317672E-011
 -4.062006152847828E-012
  1.299982633157748E-010
 -3.984123578851138E-011
  1.524605929473092E-010
 -5.127311300370637E-011
  1.161739496420740E-010
 -4.259871714135474E-011
  6.766130401110758E-011
 -2.690655399131665E-011
  3.181284804560337E-011
 -1.365801335114273E-011
  1.234319497884401E-011
 -5.699174522501607E-012
  3.974002308176774E-012
 -1.966923024143007E-012
  1.054067958987197E-012
 -5.576763354775452E-013
  2.251269721323197E-013
 -1.270130450806652E-013
  3.675935370748701E-014
 -2.206977306751498E-014
  3.995075271409098E-015
 -2.547984309571528E-015
 -1.915593744628554E-011
  1.558097152552070E-010
 -4.213365606493987E-012
  4.572119103662255E-011
 -2.474570545612440E-012
 -1.410179698597892E-010
  1.146247071731443E-011
 -9.523391818092326E-011
  1.033898726624990E-011
  8.793617172863917E-011
 -1.195977181835904E-011
  1.421959548229087E-010
 -2.327019083070894E-011
  2.251058359056549E-011
 -4.311634754593871E-012
 -1.084367081131259E-010
  2.382548448697745E-011
 -1.244219794550488E-010
  3.088583102539069E-011
 -4.402826539187284E-011
  1.220184364679839E-011
  4.546573905566840E-011
 -1.393411868601352E-011
  8.789563937287846E-011
 -2.955965842010929E-011
  8.285210337117350E-011
 -3.038024726557941E-011
  5.632119319851650E-011
 -2.239698521647161E-011
  3.034176477078838E-011
 -1.302644226386242E-011
  1.344046442822227E-011
 -6.205812399815549E-012
  4.968675901074763E-012
 -2.459234362227837E-012
  1.536038779285225E-012
 -8.126729178218823E-013
  3.934537324155018E-013
 -2.219803187609622E-013
  8.151814089193640E-014
 -4.894230750781770E-014
  1.295965260191636E-014
 -8.265424526146395E-015
  1.375655112683651E-015
 -9.306149712182360E-016
 -4.737337122600568E-011
  6.281798190822124E-011
 -1.698707452278506E-012
  7.357950073996550E-011
 -3.982347379069170E-012
 -4.435753673876598E-011
  3.605547338812154E-012
 -8.653112561325357E-011
  9.394176181406812E-012
  2.249295292566657E-012
 -3.059157331342993E-013
  8.268909319863957E-011
 -1.353196707151806E-011
  5.543097860390732E-011
 -1.061714517036735E-011
 -2.996549149571409E-011
  6.583954503801318E-012
 -7.684656535882521E-011
  1.907597068397208E-011
 -5.442124405623910E-011
  1.508211838734141E-011
  2.321024562833296E-013
 -7.113363225555251E-014
  4.145858840189679E-011
 -1.394269067820057E-011
  5.264145081385321E-011
 -1.930259132895624E-011
  4.259656258580932E-011
 -1.693917561486730E-011
  2.638198068069804E-011
 -1.132641264421477E-011
  1.328286039931469E-011
 -6.133042515765093E-012
  5.577732668380972E-012
 -2.760685568236690E-012
  1.972788182917884E-012
 -1.043744177110443E-012
  5.873360643298427E-013
 -3.313656494194575E-013
  1.456076112674702E-013
 -8.742069751235189E-014
  2.931376300665731E-014
 -1.869578198126230E-014
  4.543212051642599E-015
 -3.073427420409792E-015
  4.714691365451184E-016
 -3.378710776144047E-016
 -3.813610542872111E-011
  6.034966286432754E-012
 -1.631959812840192E-013
  5.406056027685007E-011
 -2.925922687079096E-012
  6.126176448640182E-012
 -4.979586520132987E-013
 -5.034055924824794E-011
  5.465178908635714E-012
 -2.823697985628709E-011
  3.840374550027912E-012
  3.189597885533994E-011
 -5.219737197311338E-012
  4.759360799786124E-011
 -9.115989975360954E-012
  7.921274106893118E-012
 -1.740445617165064E-012
 -3.558000286000309E-011
  8.832185124640899E-012
 -4.259882089354042E-011
  1.180569226267503E-011
 -1.739691126432634E-011
  5.331720793529926E-012
  1.287050875334538E-011
 -4.328404061007271E-012
  2.899133800080744E-011
 -1.063055711410844E-011
  2.913346631550104E-011
 -1.158536915216218E-011
  2.097386185115602E-011
 -9.004578424690068E-012
  1.200785845347210E-011
 -5.544340918007872E-012
  5.694925118109630E-012
 -2.818689693093588E-012
  2.278340953923701E-012
 -1.205403159854104E-012
  7.736495681737796E-013
 -4.364807599689410E-013
  2.223813020836006E-013
 -1.335145202974751E-013
  5.346087677211600E-014
 -3.409637488251328E-014
  1.047352409791352E-014
 -7.085233853652743E-015
  1.584276484379382E-015
 -1.135345328303548E-015
  1.608691039064270E-016
 -1.219960030288925E-016
 -1.976833906648208E-011
 -1.567763852112874E-011
  4.239506042617094E-013
  2.601110257275387E-011
 -1.407800339932620E-012
  2.094557334711385E-011
 -1.702534942272310E-012
 -1.854869026385256E-011
  2.013722380527813E-012
 -2.804443619807673E-011
  3.814187621815436E-012
  2.632280778041763E-012
 -4.307694695387614E-013
  2.796347212501909E-011
 -5.356070747545538E-012
  1.853966195530515E-011
 -4.073495369152403E-012
 -9.413424212814057E-012
  2.336736891671141E-012
 -2.550352017662212E-011
  7.067958795546392E-012
 -1.925347912228489E-011
  5.900712685585133E-012
 -1.564981029867019E-012
  5.263094392948347E-013
  1.286278478856586E-011
 -4.716531824710158E-012
  1.777064826454074E-011
 -7.066770494784119E-012
  1.522541736896825E-011
 -6.536634298065345E-012
  9.971261114932915E-012
 -4.603990895630512E-012
  5.333016378725498E-012
 -2.639563820860409E-012
  2.397358719571295E-012
 -1.268371958272682E-012
  9.175332556497075E-013
 -5.176576510695727E-013
  3.000067930064437E-013
 -1.801197452746370E-013
  8.344296438187284E-014
 -5.321841162524537E-014
  1.948510263523351E-014
 -1.318147775281378E-014
  3.719634476984216E-015
 -2.665635713603670E-015
  5.497023447857039E-016
 -4.168696880118319E-016
  5.466079067965726E-017
 -4.382442878696428E-017
