 -174.00  -84.19       -0.74966       -0.18108
 -162.00  -84.19       -0.59297       -0.32811
 -150.00  -84.19       -0.40211       -0.40275
 -138.00  -84.19       -0.19817       -0.39725
 -126.00  -84.19       -0.00135       -0.30581
 -114.00  -84.19        0.16367       -0.12607
 -102.00  -84.19        0.26666        0.13456
  -90.00  -84.19        0.27688        0.45296
  -78.00  -84.19        0.17218        0.78956
  -66.00  -84.19       -0.05240        1.09405
  -54.00  -84.19       -0.38051        1.31553
  -42.00  -84.19       -0.77611        1.41316
  -30.00  -84.19       -1.18945        1.36402
  -18.00  -84.19       -1.56517        1.16709
   -6.00  -84.19       -1.85047        0.84350
    6.00  -84.19       -2.00242        0.43431
   18.00  -84.19       -1.99454       -0.00369
   30.00  -84.19       -1.82262       -0.40437
   42.00  -84.19       -1.50925       -0.70148
   54.00  -84.19       -1.10488       -0.84134
   66.00  -84.19       -0.68262       -0.79742
   78.00  -84.19       -0.32440       -0.58233
   90.00  -84.19       -0.09988       -0.25085
  102.00  -84.19       -0.04458        0.11113
  114.00  -84.19       -0.14688        0.41116
  126.00  -84.19       -0.35191        0.57950
  138.00  -84.19       -0.58214        0.59024
  150.00  -84.19       -0.76541        0.46448
  162.00  -84.19       -0.85703        0.25518
  174.00  -84.19       -0.84656        0.02347
 -174.00  -78.39       -0.42421       -0.39327
 -162.00  -78.39       -0.22798       -0.44397
 -150.00  -78.39       -0.11084       -0.44353
 -138.00  -78.39       -0.02150       -0.42950
 -126.00  -78.39        0.09445       -0.37175
 -114.00  -78.39        0.24601       -0.20062
 -102.00  -78.39        0.38350        0.13696
  -90.00  -78.39        0.42470        0.63292
  -78.00  -78.39        0.29924        1.21223
  -66.00  -78.39       -0.01865        1.76326
  -54.00  -78.39       -0.50413        2.17939
  -42.00  -78.39       -1.09698        2.38777
  -30.00  -78.39       -1.72260        2.35726
  -18.00  -78.39       -2.30735        2.09223
   -6.00  -78.39       -2.78575        1.62277
    6.00  -78.39       -3.10243        0.99760
   18.00  -78.39       -3.21197        0.28220
   30.00  -78.39       -3.08080       -0.43810
   42.00  -78.39       -2.69635       -1.05393
   54.00  -78.39       -2.08684       -1.43723
   66.00  -78.39       -1.34457       -1.47055
   78.00  -78.39       -0.63025       -1.10357
   90.00  -78.39       -0.13282       -0.41233
  102.00  -78.39        0.01472        0.38879
  114.00  -78.39       -0.18264        1.01928
  126.00  -78.39       -0.56809        1.26585
  138.00  -78.39       -0.91451        1.09239
  150.00  -78.39       -1.05121        0.64553
  162.00  -78.39       -0.94633        0.15233
  174.00  -78.39       -0.69288       -0.21152
 -174.00  -72.58        0.73070       -0.47313
 -162.00  -72.58        0.75753       -0.20364
 -150.00  -72.58        0.58812       -0.05093
 -138.00  -72.58        0.39078       -0.08917
 -126.00  -72.58        0.31113       -0.19966
 -114.00  -72.58        0.38712       -0.16710
 -102.00  -72.58        0.53074        0.16531
  -90.00  -72.58        0.59381        0.79117
  -78.00  -72.58        0.46432        1.55740
  -66.00  -72.58        0.11690        2.26716
  -54.00  -72.58       -0.40349        2.77470
  -42.00  -72.58       -1.02483        3.01458
  -30.00  -72.58       -1.67538        2.98011
  -18.00  -72.58       -2.28906        2.69440
   -6.00  -72.58       -2.80639        2.19588
    6.00  -72.58       -3.18128        1.53257
   18.00  -72.58       -3.38538        0.75534
   30.00  -72.58       -3.39786       -0.08350
   42.00  -72.58       -3.18594       -0.91023
   54.00  -72.58       -2.70655       -1.58923
   66.00  -72.58       -1.95943       -1.90671
   78.00  -72.58       -1.07032       -1.64811
   90.00  -72.58       -0.31020       -0.77773
  102.00  -72.58        0.03651        0.41106
  114.00  -72.58       -0.10383        1.37114
  126.00  -72.58       -0.48918        1.63460
  138.00  -72.58       -0.72468        1.15018
  150.00  -72.58       -0.56900        0.30783
  162.00  -72.58       -0.09523       -0.37646
  174.00  -72.58        0.42048       -0.61739
 -174.00  -66.77        1.35587       -0.27729
 -162.00  -66.77        1.16296        0.26944
 -150.00  -66.77        0.86647        0.47524
 -138.00  -66.77        0.59814        0.29268
 -126.00  -66.77        0.47557       -0.04070
 -114.00  -66.77        0.53513       -0.15321
 -102.00  -66.77        0.67572        0.19292
  -90.00  -66.77        0.73167        0.93661
  -78.00  -66.77        0.60011        1.80805
  -66.00  -66.77        0.27798        2.54956
  -54.00  -66.77       -0.19558        3.04109
  -42.00  -66.77       -0.78723        3.26788
  -30.00  -66.77       -1.45537        3.23874
  -18.00  -66.77       -2.11841        2.95857
   -6.00  -66.77       -2.66375        2.45441
    6.00  -66.77       -3.00061        1.79487
   18.00  -66.77       -3.11207        1.06507
   30.00  -66.77       -3.05752        0.31446
   42.00  -66.77       -2.90683       -0.46219
   54.00  -66.77       -2.64775       -1.25049
   66.00  -66.77       -2.17344       -1.87509
   78.00  -66.77       -1.42792       -1.96616
   90.00  -66.77       -0.59456       -1.22155
  102.00  -66.77       -0.04882        0.16286
  114.00  -66.77        0.00038        1.40116
  126.00  -66.77       -0.20410        1.67779
  138.00  -66.77       -0.18153        0.89157
  150.00  -66.77        0.26930       -0.25304
  162.00  -66.77        0.88893       -0.92441
  174.00  -66.77        1.29708       -0.83481
 -174.00  -60.97        0.64239        0.06043
 -162.00  -60.97        0.48808        0.60689
 -150.00  -60.97        0.53418        0.71766
 -138.00  -60.97        0.58386        0.40647
 -126.00  -60.97        0.60342       -0.04183
 -114.00  -60.97        0.66842       -0.17480
 -102.00  -60.97        0.75769        0.25494
  -90.00  -60.97        0.77145        1.07653
  -78.00  -60.97        0.65800        1.92432
  -66.00  -60.97        0.41045        2.57855
  -54.00  -60.97       -0.01321        3.03116
  -42.00  -60.97       -0.67636        3.31453
  -30.00  -60.97       -1.55886        3.37634
  -18.00  -60.97       -2.49809        3.12623
   -6.00  -60.97       -3.24721        2.55291
    6.00  -60.97       -3.59891        1.77505
   18.00  -60.97       -3.49165        0.98749
   30.00  -60.97       -3.05178        0.33977
   42.00  -60.97       -2.53679       -0.18142
   54.00  -60.97       -2.15696       -0.74176
   66.00  -60.97       -1.87960       -1.41548
   78.00  -60.97       -1.46932       -1.87945
   90.00  -60.97       -0.83313       -1.53958
  102.00  -60.97       -0.24282       -0.25738
  114.00  -60.97        0.00042        1.12957
  126.00  -60.97        0.05401        1.45511
  138.00  -60.97        0.34424        0.50965
  150.00  -60.97        0.88200       -0.70821
  162.00  -60.97        1.18911       -1.14682
  174.00  -60.97        1.00497       -0.69819
 -174.00  -55.16       -0.82145        0.24828
 -162.00  -55.16       -0.55078        0.50001
 -150.00  -55.16        0.15575        0.48220
 -138.00  -55.16        0.62615        0.20152
 -126.00  -55.16        0.73975       -0.15618
 -114.00  -55.16        0.72751       -0.15890
 -102.00  -55.16        0.71661        0.37921
  -90.00  -55.16        0.70141        1.16765
  -78.00  -55.16        0.66235        1.84645
  -66.00  -55.16        0.51682        2.37003
  -54.00  -55.16        0.07587        2.87868
  -42.00  -55.16       -0.81433        3.36797
  -30.00  -55.16       -2.08886        3.61888
  -18.00  -55.16       -3.45048        3.40408
   -6.00  -55.16       -4.52486        2.68872
    6.00  -55.16       -5.02390        1.65772
   18.00  -55.16       -4.82079        0.62139
   30.00  -55.16       -3.98954       -0.11513
   42.00  -55.16       -2.84912       -0.42741
   54.00  -55.16       -1.87548       -0.53371
   66.00  -55.16       -1.36415       -0.85049
   78.00  -55.16       -1.14693       -1.41565
   90.00  -55.16       -0.84883       -1.55960
  102.00  -55.16       -0.43197       -0.67250
  114.00  -55.16       -0.13811        0.66156
  126.00  -55.16        0.09471        1.06237
  138.00  -55.16        0.54745        0.15410
  150.00  -55.16        0.96539       -0.89005
  162.00  -55.16        0.69159       -0.97570
  174.00  -55.16       -0.21539       -0.33528
 -174.00  -49.35       -1.58957        0.09164
 -162.00  -49.35       -0.76367       -0.03589
 -150.00  -49.35        0.35001       -0.05216
 -138.00  -49.35        0.85545       -0.10938
 -126.00  -49.35        0.80942       -0.22823
 -114.00  -49.35        0.64579       -0.04554
 -102.00  -49.35        0.56556        0.52523
  -90.00  -49.35        0.59250        1.12412
  -78.00  -49.35        0.67793        1.54561
  -66.00  -49.35        0.61028        2.00551
  -54.00  -49.35        0.07368        2.71870
  -42.00  -49.35       -1.07953        3.50830
  -30.00  -49.35       -2.65486        3.93840
  -18.00  -49.35       -4.23269        3.70664
   -6.00  -49.35       -5.43530        2.84026
    6.00  -49.35       -6.06923        1.59466
   18.00  -49.35       -6.04619        0.29061
   30.00  -49.35       -5.28732       -0.72057
   42.00  -49.35       -3.86690       -1.11026
   54.00  -49.35       -2.24955       -0.87670
   66.00  -49.35       -1.10638       -0.58291
   78.00  -49.35       -0.68317       -0.81895
   90.00  -49.35       -0.59527       -1.24855
  102.00  -49.35       -0.46178       -0.90883
  114.00  -49.35       -0.30251        0.15031
  126.00  -49.35       -0.07612        0.60021
  138.00  -49.35        0.38365       -0.12068
  150.00  -49.35        0.65007       -0.84733
  162.00  -49.35        0.00398       -0.61541
  174.00  -49.35       -1.18375       -0.03370
 -174.00  -43.55       -0.78374       -0.33802
 -162.00  -43.55        0.25486       -0.65990
 -150.00  -43.55        1.04408       -0.48975
 -138.00  -43.55        1.03628       -0.25956
 -126.00  -43.55        0.68501       -0.15919
 -114.00  -43.55        0.45134        0.13178
 -102.00  -43.55        0.40876        0.59254
  -90.00  -43.55        0.53256        0.88517
  -78.00  -43.55        0.71817        1.07866
  -66.00  -43.55        0.65466        1.60974
  -54.00  -43.55        0.01318        2.60063
  -42.00  -43.55       -1.23362        3.60909
  -30.00  -43.55       -2.74202        4.04840
  -18.00  -43.55       -4.04418        3.68659
   -6.00  -43.55       -4.89096        2.72965
    6.00  -43.55       -5.36827        1.51640
   18.00  -43.55       -5.63021        0.23766
   30.00  -43.55       -5.52572       -0.96279
   42.00  -43.55       -4.66670       -1.70367
   54.00  -43.55       -3.03883       -1.56181
   66.00  -43.55       -1.35762       -0.80268
   78.00  -43.55       -0.41791       -0.40789
   90.00  -43.55       -0.22767       -0.74110
  102.00  -43.55       -0.27969       -0.88009
  114.00  -43.55       -0.32876       -0.25839
  126.00  -43.55       -0.27041        0.15512
  138.00  -43.55        0.05622       -0.33455
  150.00  -43.55        0.28568       -0.75137
  162.00  -43.55       -0.19461       -0.35501
  174.00  -43.55       -0.93359       -0.00528
 -174.00  -37.74        0.99628       -0.75943
 -162.00  -37.74        1.63856       -0.96690
 -150.00  -37.74        1.49559       -0.54095
 -138.00  -37.74        0.83752       -0.16086
 -126.00  -37.74        0.39293       -0.00127
 -114.00  -37.74        0.29489        0.26122
 -102.00  -37.74        0.35215        0.49818
  -90.00  -37.74        0.52265        0.48701
  -78.00  -37.74        0.69885        0.58661
  -66.00  -37.74        0.57593        1.28276
  -54.00  -37.74       -0.06588        2.45373
  -42.00  -37.74       -1.12317        3.43863
  -30.00  -37.74       -2.19459        3.65357
  -18.00  -37.74       -2.82519        3.04873
   -6.00  -37.74       -2.88466        2.06859
    6.00  -37.74       -2.76444        1.17593
   18.00  -37.74       -3.02856        0.39037
   30.00  -37.74       -3.71835       -0.57626
   42.00  -37.74       -4.10515       -1.62866
   54.00  -37.74       -3.41668       -2.02182
   66.00  -37.74       -1.86592       -1.31622
   78.00  -37.74       -0.51726       -0.36189
   90.00  -37.74        0.00559       -0.26069
  102.00  -37.74       -0.00611       -0.62341
  114.00  -37.74       -0.16261       -0.47495
  126.00  -37.74       -0.28930       -0.20637
  138.00  -37.74       -0.16820       -0.52036
  150.00  -37.74        0.10839       -0.74424
  162.00  -37.74        0.19410       -0.35719
  174.00  -37.74        0.34248       -0.24121
 -174.00  -31.94        2.19597       -0.90434
 -162.00  -31.94        2.05877       -0.79447
 -150.00  -31.94        1.08335       -0.24226
 -138.00  -31.94        0.28564        0.03728
 -126.00  -31.94        0.18069        0.09689
 -114.00  -31.94        0.32246        0.24951
 -102.00  -31.94        0.38156        0.25731
  -90.00  -31.94        0.45171        0.06869
  -78.00  -31.94        0.50544        0.21732
  -66.00  -31.94        0.34668        1.02970
  -54.00  -31.94       -0.11436        2.14067
  -42.00  -31.94       -0.78741        2.86701
  -30.00  -31.94       -1.35549        2.74675
  -18.00  -31.94       -1.33302        1.86687
   -6.00  -31.94       -0.52866        0.86452
    6.00  -31.94        0.49338        0.39769
   18.00  -31.94        0.73325        0.43014
   30.00  -31.94       -0.27385        0.22466
   42.00  -31.94       -1.84291       -0.71047
   54.00  -31.94       -2.63506       -1.72343
   66.00  -31.94       -2.02651       -1.64164
   78.00  -31.94       -0.79741       -0.58187
   90.00  -31.94       -0.02041        0.02434
  102.00  -31.94        0.15570       -0.26442
  114.00  -31.94        0.07208       -0.48757
  126.00  -31.94       -0.10078       -0.43944
  138.00  -31.94       -0.15585       -0.67475
  150.00  -31.94        0.10298       -0.84053
  162.00  -31.94        0.66187       -0.57026
  174.00  -31.94        1.48021       -0.55061
 -174.00  -26.13        1.77377       -0.71288
 -162.00  -26.13        1.04459       -0.32657
 -150.00  -26.13        0.03557        0.10053
 -138.00  -26.13       -0.14458        0.10101
 -126.00  -26.13        0.30128        0.03730
 -114.00  -26.13        0.49942        0.11175
 -102.00  -26.13        0.34873       -0.00919
  -90.00  -26.13        0.19972       -0.20960
  -78.00  -26.13        0.11953        0.02297
  -66.00  -26.13        0.04899        0.75254
  -54.00  -26.13       -0.08143        1.57542
  -42.00  -26.13       -0.40478        2.01652
  -30.00  -26.13       -0.74368        1.68665
  -18.00  -26.13       -0.40654        0.59450
   -6.00  -26.13        1.06761       -0.51881
    6.00  -26.13        3.02062       -0.70227
   18.00  -26.13        4.06074        0.12108
   30.00  -26.13        3.35036        0.94370
   42.00  -26.13        1.30755        0.67780
   54.00  -26.13       -0.68098       -0.56002
   66.00  -26.13       -1.36691       -1.32208
   78.00  -26.13       -0.84478       -0.73319
   90.00  -26.13       -0.17586        0.11617
  102.00  -26.13        0.10650        0.06879
  114.00  -26.13        0.17713       -0.34809
  126.00  -26.13        0.13459       -0.52579
  138.00  -26.13        0.02976       -0.75560
  150.00  -26.13        0.13133       -0.93793
  162.00  -26.13        0.67279       -0.79758
  174.00  -26.13        1.47211       -0.71973
 -174.00  -20.32        0.18365       -0.34666
 -162.00  -20.32       -0.51386        0.07921
 -150.00  -20.32       -0.70961        0.18547
 -138.00  -20.32        0.02260       -0.06519
 -126.00  -20.32        0.70562       -0.12580
 -114.00  -20.32        0.59222       -0.03246
 -102.00  -20.32        0.11455       -0.15867
  -90.00  -20.32       -0.21999       -0.27965
  -78.00  -20.32       -0.33049       -0.08076
  -66.00  -20.32       -0.17444        0.32989
  -54.00  -20.32        0.04220        0.82452
  -42.00  -20.32       -0.15148        1.22690
  -30.00  -20.32       -0.60144        0.97269
  -18.00  -20.32       -0.18033       -0.26339
   -6.00  -20.32        1.91198       -1.62955
    6.00  -20.32        4.73703       -1.74929
   18.00  -20.32        6.40607       -0.39514
   30.00  -20.32        6.02851        1.28433
   42.00  -20.32        4.08491        1.93063
   54.00  -20.32        1.68500        1.06901
   66.00  -20.32        0.04697       -0.23776
   78.00  -20.32       -0.35543       -0.45523
   90.00  -20.32       -0.16910        0.19182
  102.00  -20.32       -0.03978        0.32867
  114.00  -20.32        0.06901       -0.13032
  126.00  -20.32        0.21175       -0.47856
  138.00  -20.32        0.21479       -0.72132
  150.00  -20.32        0.12962       -0.91112
  162.00  -20.32        0.22359       -0.84803
  174.00  -20.32        0.42127       -0.65202
 -174.00  -14.52       -1.09136       -0.03058
 -162.00  -14.52       -1.21472        0.18518
 -150.00  -14.52       -0.43189       -0.03179
 -138.00  -14.52        0.71046       -0.32500
 -126.00  -14.52        0.99935       -0.22782
 -114.00  -14.52        0.38327       -0.06213
 -102.00  -14.52       -0.27382       -0.13872
  -90.00  -14.52       -0.63395       -0.21580
  -78.00  -14.52       -0.66989       -0.24638
  -66.00  -14.52       -0.25599       -0.26554
  -54.00  -14.52        0.18255        0.10610
  -42.00  -14.52       -0.09672        0.85162
  -30.00  -14.52       -0.76083        0.91150
  -18.00  -14.52       -0.10464       -0.50604
   -6.00  -14.52        2.95337       -2.26968
    6.00  -14.52        6.83320       -2.38748
   18.00  -14.52        8.75621       -0.63881
   30.00  -14.52        8.00027        1.48512
   42.00  -14.52        5.88750        2.73775
   54.00  -14.52        3.56609        2.57025
   66.00  -14.52        1.65342        1.31698
   78.00  -14.52        0.59756        0.40252
   90.00  -14.52        0.19808        0.48578
  102.00  -14.52       -0.04409        0.57214
  114.00  -14.52       -0.12749        0.11591
  126.00  -14.52        0.06808       -0.33653
  138.00  -14.52        0.25856       -0.57431
  150.00  -14.52        0.14808       -0.71212
  162.00  -14.52       -0.18904       -0.65666
  174.00  -14.52       -0.61218       -0.39694
 -174.00   -8.71       -0.99287        0.12500
 -162.00   -8.71       -0.52460        0.04171
 -150.00   -8.71        0.58567       -0.31604
 -138.00   -8.71        1.25202       -0.43142
 -126.00   -8.71        0.79310       -0.14981
 -114.00   -8.71       -0.06081        0.02966
 -102.00   -8.71       -0.56814       -0.02951
  -90.00   -8.71       -0.85584       -0.17095
  -78.00   -8.71       -0.84999       -0.56161
  -66.00   -8.71       -0.29189       -0.91163
  -54.00   -8.71        0.21057       -0.33490
  -42.00   -8.71       -0.19410        1.04054
  -30.00   -8.71       -0.93936        1.48696
  -18.00   -8.71        0.19572       -0.23567
   -6.00   -8.71        4.62353       -2.53308
    6.00   -8.71       10.03797       -2.54561
   18.00   -8.71       12.26117       -0.19300
   30.00   -8.71       10.40755        2.15277
   42.00   -8.71        7.19539        3.36186
   54.00   -8.71        4.65894        3.61645
   66.00   -8.71        2.85878        2.85410
   78.00   -8.71        1.61416        1.68566
   90.00   -8.71        0.83783        1.12798
  102.00   -8.71        0.23529        0.90631
  114.00   -8.71       -0.18242        0.38581
  126.00   -8.71       -0.15989       -0.14426
  138.00   -8.71        0.14098       -0.36915
  150.00   -8.71        0.22067       -0.40618
  162.00   -8.71       -0.13604       -0.30758
  174.00   -8.71       -0.69700       -0.08035
 -174.00   -2.90        0.11231        0.17274
 -162.00   -2.90        0.69403       -0.09890
 -150.00   -2.90        1.26616       -0.37504
 -138.00   -2.90        1.00812       -0.26064
 -126.00   -2.90        0.15006        0.04918
 -114.00   -2.90       -0.35958        0.11717
 -102.00   -2.90       -0.53032        0.02986
  -90.00   -2.90       -0.88656       -0.24335
  -78.00   -2.90       -1.01915       -0.96373
  -66.00   -2.90       -0.47470       -1.41090
  -54.00   -2.90        0.05013       -0.40322
  -42.00   -2.90       -0.33121        1.67547
  -30.00   -2.90       -1.11678        2.56543
  -18.00   -2.90        0.14494        0.56369
   -6.00   -2.90        5.59449       -2.42409
    6.00   -2.90       12.87125       -2.41702
   18.00   -2.90       16.23314        0.84178
   30.00   -2.90       13.65912        3.64927
   42.00   -2.90        8.84022        4.37642
   54.00   -2.90        5.38241        4.37150
   66.00   -2.90        3.50116        4.04026
   78.00   -2.90        2.29899        3.04994
   90.00   -2.90        1.43182        2.05156
  102.00   -2.90        0.68878        1.39285
  114.00   -2.90        0.02318        0.69959
  126.00   -2.90       -0.25964        0.06901
  138.00   -2.90       -0.04881       -0.17706
  150.00   -2.90        0.25897       -0.12276
  162.00   -2.90        0.26097        0.03655
  174.00   -2.90        0.05367        0.18492
 -174.00    2.90        0.87583        0.22698
 -162.00    2.90        1.06595       -0.03418
 -150.00    2.90        0.81248       -0.13322
 -138.00    2.90        0.07785        0.04697
 -126.00    2.90       -0.34555        0.15360
 -114.00    2.90       -0.13032        0.05273
 -102.00    2.90       -0.20010       -0.02471
  -90.00    2.90       -0.96165       -0.38822
  -78.00    2.90       -1.39994       -1.28644
  -66.00    2.90       -0.91662       -1.65701
  -54.00    2.90       -0.22909       -0.25955
  -42.00    2.90       -0.37479        2.48739
  -30.00    2.90       -1.54313        4.22190
  -18.00    2.90       -1.48118        2.46016
   -6.00    2.90        3.36072       -1.39540
    6.00    2.90       11.99761       -2.13603
   18.00    2.90       17.72213        1.75142
   30.00    2.90       16.28272        5.51960
   42.00    2.90       10.81789        6.02927
   54.00    2.90        6.27858        5.27324
   66.00    2.90        3.88430        4.89641
   78.00    2.90        2.57349        4.19625
   90.00    2.90        1.69759        3.03694
  102.00    2.90        1.02586        1.98165
  114.00    2.90        0.36871        1.05392
  126.00    2.90       -0.13270        0.29003
  138.00    2.90       -0.18601       -0.03900
  150.00    2.90        0.13143        0.03616
  162.00    2.90        0.45974        0.23990
  174.00    2.90        0.65933        0.34330
 -174.00    8.71        0.39974        0.32231
 -162.00    8.71        0.13473        0.19419
 -150.00    8.71       -0.40744        0.18047
 -138.00    8.71       -0.65230        0.17544
 -126.00    8.71       -0.06617       -0.02946
 -114.00    8.71        0.60207       -0.17909
 -102.00    8.71        0.05301       -0.10849
  -90.00    8.71       -1.36365       -0.46034
  -78.00    8.71       -2.07622       -1.41218
  -66.00    8.71       -1.54788       -1.76339
  -54.00    8.71       -0.46269       -0.27524
  -42.00    8.71       -0.20824        3.21237
  -30.00    8.71       -2.32134        6.77585
  -18.00    8.71       -5.19819        6.44022
   -6.00    8.71       -3.37912        1.62903
    6.00    8.71        5.02293       -1.45181
   18.00    8.71       13.66855        1.63954
   30.00    8.71       15.70889        6.51830
   42.00    8.71       11.90421        7.77335
   54.00    8.71        7.28591        6.54146
   66.00    8.71        4.35745        5.68833
   78.00    8.71        2.67770        5.04156
   90.00    8.71        1.62477        3.85632
  102.00    8.71        1.02172        2.52652
  114.00    8.71        0.58289        1.38369
  126.00    8.71        0.11937        0.49489
  138.00    8.71       -0.18527        0.04620
  150.00    8.71       -0.14420        0.05608
  162.00    8.71        0.11525        0.26262
  174.00    8.71        0.34877        0.38593
 -174.00   14.52       -0.80355        0.36270
 -162.00   14.52       -1.11180        0.32804
 -150.00   14.52       -1.11181        0.21218
 -138.00   14.52       -0.28514       -0.10491
 -126.00   14.52        1.01759       -0.47539
 -114.00   14.52        1.30200       -0.40654
 -102.00   14.52       -0.19953       -0.05473
  -90.00   14.52       -2.15067       -0.35872
  -78.00   14.52       -2.91207       -1.39603
  -66.00   14.52       -2.23194       -2.02868
  -54.00   14.52       -0.60494       -0.86353
  -42.00   14.52        0.18870        3.59630
  -30.00   14.52       -3.02284       10.30940
  -18.00   14.52       -9.64329       13.00003
   -6.00   14.52      -12.55632        7.46745
    6.00   14.52       -6.46923        0.21831
   18.00   14.52        4.11323        0.12972
   30.00   14.52       10.65230        5.38676
   42.00   14.52       10.65586        8.45981
   54.00   14.52        7.65622        7.84710
   66.00   14.52        4.86506        6.60769
   78.00   14.52        2.86284        5.69587
   90.00   14.52        1.45698        4.40444
  102.00   14.52        0.71823        2.87371
  114.00   14.52        0.47954        1.57197
  126.00   14.52        0.28593        0.61753
  138.00   14.52       -0.04231        0.08183
  150.00   14.52       -0.33465       -0.01242
  162.00   14.52       -0.47899        0.15023
  174.00   14.52       -0.58360        0.31536
 -174.00   20.32       -1.32181        0.19780
 -162.00   20.32       -1.20424        0.11315
 -150.00   20.32       -0.34091       -0.21549
 -138.00   20.32        1.16477       -0.71718
 -126.00   20.32        2.16072       -0.91112
 -114.00   20.32        1.30304       -0.38938
 -102.00   20.32       -1.05534        0.22214
  -90.00   20.32       -3.07054       -0.13829
  -78.00   20.32       -3.71923       -1.42857
  -66.00   20.32       -3.02013       -2.73370
  -54.00   20.32       -0.93892       -2.30834
  -42.00   20.32        0.60938        3.20327
  -30.00   20.32       -2.88387       13.91994
  -18.00   20.32      -12.00146       20.96357
   -6.00   20.32      -19.16350       15.51006
    6.00   20.32      -16.71289        3.24971
   18.00   20.32       -6.55678       -2.19022
   30.00   20.32        2.98367        1.92108
   42.00   20.32        6.99259        7.19788
   54.00   20.32        6.68163        8.49525
   66.00   20.32        4.93787        7.53711
   78.00   20.32        3.08083        6.28137
   90.00   20.32        1.43138        4.71571
  102.00   20.32        0.38737        2.95470
  114.00   20.32        0.12746        1.51155
  126.00   20.32        0.22946        0.55175
  138.00   20.32        0.16367        0.01797
  150.00   20.32       -0.18331       -0.14060
  162.00   20.32       -0.63677       -0.04439
  174.00   20.32       -1.05100        0.11733
 -174.00   26.13       -0.32733       -0.25016
 -162.00   26.13        0.28355       -0.47999
 -150.00   26.13        1.50935       -0.93617
 -138.00   26.13        2.63000       -1.30077
 -126.00   26.13        2.39921       -1.00730
 -114.00   26.13        0.39284       -0.03246
 -102.00   26.13       -2.13705        0.61802
  -90.00   26.13       -3.78466        0.04036
  -78.00   26.13       -4.52991       -1.63541
  -66.00   26.13       -4.26881       -3.91235
  -54.00   26.13       -2.03491       -4.70944
  -42.00   26.13        0.54541        1.21252
  -30.00   26.13       -1.61495       15.35379
  -18.00   26.13      -10.17062       27.00169
   -6.00   26.13      -18.71266       23.05779
    6.00   26.13      -19.46066        7.11929
   18.00   26.13      -12.14876       -3.99067
   30.00   26.13       -2.99584       -2.47313
   42.00   26.13        2.77190        4.30043
   54.00   26.13        4.54772        8.06520
   66.00   26.13        4.16702        8.14367
   78.00   26.13        2.99290        6.77476
   90.00   26.13        1.52639        4.86990
  102.00   26.13        0.28355        2.81163
  114.00   26.13       -0.20287        1.17788
  126.00   26.13       -0.00106        0.20617
  138.00   26.13        0.30865       -0.25385
  150.00   26.13        0.30044       -0.39049
  162.00   26.13       -0.00346       -0.34002
  174.00   26.13       -0.32413       -0.24396
 -174.00   31.94        1.49238       -0.91862
 -162.00   31.94        2.20437       -1.22363
 -150.00   31.94        2.94081       -1.55841
 -138.00   31.94        2.87985       -1.48564
 -126.00   31.94        1.40846       -0.65630
 -114.00   31.94       -0.92973        0.49606
 -102.00   31.94       -2.87829        0.91791
  -90.00   31.94       -4.21801        0.11581
  -78.00   31.94       -5.66226       -1.87285
  -66.00   31.94       -6.38642       -5.29001
  -54.00   31.94       -4.35432       -8.05997
  -42.00   31.94       -0.66954       -3.50120
  -30.00   31.94       -0.15968       11.59044
  -18.00   31.94       -5.09176       26.58520
   -6.00   31.94      -11.34356       25.94200
    6.00   31.94      -13.20890       10.13615
   18.00   31.94       -9.59959       -4.04033
   30.00   31.94       -3.86875       -5.29853
   42.00   31.94        0.46813        1.53047
   54.00   31.94        2.37228        7.02192
   66.00   31.94        2.68729        8.26881
   78.00   31.94        2.30774        7.04441
   90.00   31.94        1.47122        4.89423
  102.00   31.94        0.41484        2.54464
  114.00   31.94       -0.26724        0.65861
  126.00   31.94       -0.21321       -0.41461
  138.00   31.94        0.30337       -0.82294
  150.00   31.94        0.77683       -0.88345
  162.00   31.94        0.99881       -0.82749
  174.00   31.94        1.13593       -0.80159
 -174.00   37.74        2.56827       -1.64200
 -162.00   37.74        2.91346       -1.81176
 -150.00   37.74        2.74716       -1.77979
 -138.00   37.74        1.67243       -1.20071
 -126.00   37.74       -0.13152       -0.08985
 -114.00   37.74       -1.82295        0.88835
 -102.00   37.74       -3.02270        1.04008
  -90.00   37.74       -4.67023        0.31388
  -78.00   37.74       -7.39287       -1.72934
  -66.00   37.74       -9.28992       -6.47459
  -54.00   37.74       -7.70008      -12.35097
  -42.00   37.74       -3.44828      -11.85588
  -30.00   37.74       -0.54933        0.34891
  -18.00   37.74       -1.08866       16.19024
   -6.00   37.74       -3.05265       20.40944
    6.00   37.74       -3.65563        9.97007
   18.00   37.74       -2.39512       -2.14247
   30.00   37.74       -0.50526       -4.39910
   42.00   37.74        0.79265        1.26567
   54.00   37.74        1.16862        6.72870
   66.00   37.74        1.11092        8.28972
   78.00   37.74        1.10603        7.08049
   90.00   37.74        1.01534        4.78060
  102.00   37.74        0.54945        2.24593
  114.00   37.74       -0.04147        0.11900
  126.00   37.74       -0.21819       -1.16303
  138.00   37.74        0.18272       -1.64184
  150.00   37.74        0.87334       -1.66608
  162.00   37.74        1.53368       -1.56700
  174.00   37.74        2.08078       -1.53637
 -174.00   43.55        2.05413       -2.24486
 -162.00   43.55        1.92101       -2.08704
 -150.00   43.55        1.21322       -1.62241
 -138.00   43.55        0.04555       -0.73240
 -126.00   43.55       -1.08165        0.31562
 -114.00   43.55       -1.82331        1.01372
 -102.00   43.55       -2.86178        1.24730
  -90.00   43.55       -5.48077        1.10564
  -78.00   43.55       -9.41696       -0.80980
  -66.00   43.55      -11.98923       -7.28585
  -54.00   43.55      -10.93671      -17.56431
  -42.00   43.55       -7.46566      -23.80913
  -30.00   43.55       -4.62235      -18.24969
  -18.00   43.55       -3.36979       -4.40705
   -6.00   43.55       -2.34477        5.31707
    6.00   43.55       -0.72193        4.81828
   18.00   43.55        0.82767        0.48911
   30.00   43.55        1.53815        0.54743
   42.00   43.55        1.32493        4.97019
   54.00   43.55        0.54669        8.67283
   66.00   43.55       -0.15402        9.07460
   78.00   43.55       -0.22948        7.21189
   90.00   43.55        0.17852        4.62672
  102.00   43.55        0.44093        2.00243
  114.00   43.55        0.28459       -0.26075
  126.00   43.55        0.04319       -1.78005
  138.00   43.55        0.12763       -2.46705
  150.00   43.55        0.59180       -2.57575
  162.00   43.55        1.21521       -2.45249
  174.00   43.55        1.76050       -2.32571
 -174.00   49.35        0.72980       -2.59883
 -162.00   49.35        0.41143       -2.10101
 -150.00   49.35       -0.13348       -1.35474
 -138.00   49.35       -0.62951       -0.42763
 -126.00   49.35       -0.86634        0.44132
 -114.00   49.35       -1.25304        1.17704
 -102.00   49.35       -2.90578        2.08922
  -90.00   49.35       -6.45438        2.87076
  -78.00   49.35      -10.57440        0.85476
  -66.00   49.35      -12.76085       -7.97223
  -54.00   49.35      -12.31647      -23.51046
  -42.00   49.35      -11.47013      -37.83471
  -30.00   49.35      -12.38384      -40.94387
  -18.00   49.35      -14.15894      -31.21043
   -6.00   49.35      -14.21841      -16.70972
    6.00   49.35      -11.65921       -5.44134
   18.00   49.35       -7.81994        1.74629
   30.00   49.35       -4.39963        7.49099
   42.00   49.35       -2.28674       11.95193
   54.00   49.35       -1.56502       13.32149
   66.00   49.35       -1.61288       11.42571
   78.00   49.35       -1.49692        8.05255
   90.00   49.35       -0.81520        4.76437
  102.00   49.35        0.02433        1.97902
  114.00   49.35        0.47123       -0.31334
  126.00   49.35        0.46802       -1.98816
  138.00   49.35        0.34651       -2.92853
  150.00   49.35        0.37808       -3.23772
  162.00   49.35        0.56791       -3.16792
  174.00   49.35        0.74776       -2.93243
 -174.00   55.16        0.16078       -2.58742
 -162.00   55.16       -0.00719       -1.92821
 -150.00   55.16       -0.07331       -1.12052
 -138.00   55.16        0.01895       -0.24653
 -126.00   55.16        0.00224        0.70500
 -114.00   55.16       -0.84821        2.03875
 -102.00   55.16       -3.18980        4.01106
  -90.00   55.16       -6.56724        5.45217
  -78.00   55.16       -9.23874        2.58388
  -66.00   55.16      -10.00147       -9.11338
  -54.00   55.16      -10.35640      -29.62258
  -42.00   55.16      -13.66868      -51.08011
  -30.00   55.16      -21.30564      -62.18173
  -18.00   55.16      -30.33133      -57.23012
   -6.00   55.16      -35.85824      -39.99385
    6.00   55.16      -35.18209      -18.83783
   18.00   55.16      -29.20055       -0.20782
   30.00   55.16      -20.83553       12.89383
   42.00   55.16      -13.03327       19.32239
   54.00   55.16       -7.58519       19.40071
   66.00   55.16       -4.64625       15.32471
   78.00   55.16       -3.13656       10.09910
   90.00   55.16       -1.91598        5.69164
  102.00   55.16       -0.65310        2.48919
  114.00   55.16        0.34747        0.14812
  126.00   55.16        0.81812       -1.57225
  138.00   55.16        0.84041       -2.69138
  150.00   55.16        0.67214       -3.22831
  162.00   55.16        0.49237       -3.30085
  174.00   55.16        0.33245       -3.05637
 -174.00   60.97        0.90087       -1.99987
 -162.00   60.97        0.90793       -1.37546
 -150.00   60.97        1.00847       -0.58001
 -138.00   60.97        1.01291        0.43275
 -126.00   60.97        0.52164        1.89759
 -114.00   60.97       -0.83389        4.13289
 -102.00   60.97       -2.83246        6.84350
  -90.00   60.97       -4.36470        7.94438
  -78.00   60.97       -4.29287        3.24978
  -66.00   60.97       -3.30997      -11.22433
  -54.00   60.97       -4.77856      -34.90465
  -42.00   60.97      -12.60237      -60.29191
  -30.00   60.97      -27.35709      -76.28737
  -18.00   60.97      -44.61328      -75.34801
   -6.00   60.97      -57.52090      -58.12509
    6.00   60.97      -61.24049      -31.94703
   18.00   60.97      -55.37341       -5.80610
   30.00   60.97      -43.24634       13.60089
   42.00   60.97      -29.56424       23.34900
   54.00   60.97      -18.12287       24.21393
   66.00   60.97      -10.49643       19.53854
   78.00   60.97       -6.13361       13.20010
   90.00   60.97       -3.57690        7.75115
  102.00   60.97       -1.72853        3.92191
  114.00   60.97       -0.26136        1.37241
  126.00   60.97        0.73743       -0.37965
  138.00   60.97        1.21638       -1.57322
  150.00   60.97        1.29669       -2.27430
  162.00   60.97        1.17357       -2.52786
  174.00   60.97        1.00781       -2.40836
 -174.00   66.77        1.72996       -0.43644
 -162.00   66.77        1.71527        0.14087
 -150.00   66.77        1.59070        1.06043
 -138.00   66.77        1.21394        2.46727
 -126.00   66.77        0.50896        4.55640
 -114.00   66.77       -0.27060        7.25358
 -102.00   66.77       -0.37645        9.56082
  -90.00   66.77        1.05776        8.96598
  -78.00   66.77        3.90815        1.86574
  -66.00   66.77        5.93836      -14.30993
  -54.00   66.77        3.10542      -38.16197
  -42.00   66.77       -8.03800      -63.10747
  -30.00   66.77      -27.29852      -79.83326
  -18.00   66.77      -49.82730      -81.29665
   -6.00   66.77      -68.34176      -66.63652
    6.00   66.77      -76.98220      -41.26817
   18.00   66.77      -74.03359      -13.66635
   30.00   66.77      -62.06605        8.59918
   42.00   66.77      -46.02074       21.46910
   54.00   66.77      -30.69315       24.96061
   66.00   66.77      -18.93255       21.98747
   78.00   66.77      -11.24250       16.30094
   90.00   66.77       -6.61041       10.72122
  102.00   66.77       -3.71852        6.48290
  114.00   66.77       -1.70228        3.62851
  126.00   66.77       -0.23143        1.75454
  138.00   66.77        0.76444        0.51037
  150.00   66.77        1.33997       -0.27712
  162.00   66.77        1.60794       -0.67285
  174.00   66.77        1.70373       -0.71386
 -174.00   72.58        1.11470        2.67789
 -162.00   72.58        1.15813        3.35278
 -150.00   72.58        1.10469        4.49852
 -138.00   72.58        1.08523        6.16946
 -126.00   72.58        1.40616        8.25235
 -114.00   72.58        2.58580       10.17563
 -102.00   72.58        5.15879       10.59044
  -90.00   72.58        9.13681        7.35464
  -78.00   72.58       13.31492       -1.77285
  -66.00   72.58       15.01283      -17.68573
  -54.00   72.58       10.87772      -38.45223
  -42.00   72.58       -1.29125      -59.03508
  -30.00   72.58      -20.73328      -72.94353
  -18.00   72.58      -43.31605      -75.16460
   -6.00   72.58      -63.06593      -64.61531
    6.00   72.58      -74.78566      -44.60426
   18.00   72.58      -76.19047      -21.16355
   30.00   72.58      -68.46078       -0.39013
   42.00   72.58      -55.19130       13.75764
   54.00   72.58      -40.55494       20.31821
   66.00   72.58      -27.69983       20.78471
   78.00   72.58      -18.04252       17.75955
   90.00   72.58      -11.50927       13.63423
  102.00   72.58       -7.28060        9.88035
  114.00   72.58       -4.48396        7.03385
  126.00   72.58       -2.53055        5.06359
  138.00   72.58       -1.12422        3.75622
  150.00   72.58       -0.13247        2.93059
  162.00   72.58        0.52482        2.49049
  174.00   72.58        0.91956        2.40386
 -174.00   78.39       -0.20041        7.90749
 -162.00   78.39        0.62149        8.59170
 -150.00   78.39        1.68036        9.55580
 -138.00   78.39        3.23917       10.61604
 -126.00   78.39        5.59516       11.35818
 -114.00   78.39        8.96030       11.04137
 -102.00   78.39       13.23311        8.60512
  -90.00   78.39       17.72244        2.89877
  -78.00   78.39       20.99665       -6.81557
  -66.00   78.39       21.08363      -20.22225
  -54.00   78.39       16.12573      -35.52012
  -42.00   78.39        5.30056      -49.58884
  -30.00   78.39      -10.46268      -58.88613
  -18.00   78.39      -28.45487      -60.75846
   -6.00   78.39      -44.98857      -54.52459
    6.00   78.39      -56.68595      -41.76238
   18.00   78.39      -61.62553      -25.66498
   30.00   78.39      -59.82526       -9.82571
   42.00   78.39      -52.92825        2.94914
   54.00   78.39      -43.35885       11.31068
   66.00   78.39      -33.40729       15.36310
   78.00   78.39      -24.62647       16.16147
   90.00   78.39      -17.68339       15.05801
  102.00   78.39      -12.56361       13.20235
  114.00   78.39       -8.90880       11.32746
  126.00   78.39       -6.29798        9.77697
  138.00   78.39       -4.39269        8.64556
  150.00   78.39       -2.96491        7.91948
  162.00   78.39       -1.86573        7.56469
  174.00   78.39       -0.98200        7.56199
 -174.00   84.19        1.83324       15.45751
 -162.00   84.19        4.47699       15.25556
 -150.00   84.19        7.44492       14.74608
 -138.00   84.19       10.78894       13.65819
 -126.00   84.19       14.45171       11.64387
 -114.00   84.19       18.20635        8.32054
 -102.00   84.19       21.60855        3.36144
  -90.00   84.19       23.99592       -3.36935
  -78.00   84.19       24.56986      -11.66816
  -66.00   84.19       22.57350      -20.88883
  -54.00   84.19       17.53549      -29.95482
  -42.00   84.19        9.50095      -37.52794
  -30.00   84.19       -0.85154      -42.31358
  -18.00   84.19      -12.28205      -43.41152
   -6.00   84.19      -23.25271      -40.58314
    6.00   84.19      -32.30079      -34.32802
   18.00   84.19      -38.38878      -25.73829
   30.00   84.19      -41.10996      -16.18995
   42.00   84.19      -40.69305       -6.99054
   54.00   84.19      -37.83263        0.89573
   66.00   84.19      -33.43203        6.97289
   78.00   84.19      -28.35830       11.18477
   90.00   84.19      -23.27965       13.78443
  102.00   84.19      -18.60635       15.17266
  114.00   84.19      -14.51444       15.76290
  126.00   84.19      -11.01171       15.90001
  138.00   84.19       -8.00832       15.83071
  150.00   84.19       -5.37018       15.70754
  162.00   84.19       -2.94936       15.60575
  174.00   84.19       -0.59680       15.53767
