  360.00   71.63       79.16275       37.49891
  233.09  -19.50       -0.67199        0.01145
   13.30  -42.58        5.58564       -0.04876
  239.27  -56.17       -0.54786        0.01630
   73.49  -41.71        0.51493        0.65832
  235.78  -47.93       -0.62464       -0.00106
  327.63  -50.95        3.44565       -3.61885
  107.65  -27.98       -0.12664        0.29712
  251.94   64.23        3.61543       -3.26688
   33.05   53.58       14.05017      -15.74515
  345.49   56.09       45.54111       48.11187
  158.82  -58.53       -1.11961        1.04100
  332.77  -55.44        3.40391       -3.21441
  326.94  -15.99        1.19160       -1.05633
   53.17   49.27        2.53268      -12.85407
    1.95  -33.81        0.77493       -0.57940
  352.92   41.32        1.00779       -9.22262
    1.89  -30.49       -0.97048       -0.12743
  281.53  -18.58        0.23246        0.23883
  165.95    2.29       -0.69181       -0.20094
   57.88   71.65       30.51773      -21.12428
    3.82   -9.88       -9.29918        1.45545
   83.86    6.34       -1.37827       -3.95726
  104.58  -36.09       -0.03364        0.57148
  202.07   35.63       -3.20066        1.20186
   96.80  -19.36        0.05952       -0.41510
  100.05   35.24       -0.02611       -2.34341
  249.03   28.30        0.72919       -0.39010
   89.17   -5.72       -0.80470       -1.55236
  130.78  -15.19       -0.19952        0.42006
  181.88    3.36       -0.90414       -0.13176
  315.89   -4.00        0.59724       -1.42404
  290.10  -69.36        0.21475       -2.54058
  147.88   74.74        1.16359       -3.42024
  246.84   -6.12        0.21528       -0.10931
  116.54   75.07        5.26016       -6.08846
  264.36    4.49        0.47511        0.47936
   58.52   32.83       -1.45758       -7.70639
  135.53   65.38       -1.25813       -0.29941
  171.64  -38.27       -0.24239        0.07447
  240.56  -51.61       -0.58068       -0.02497
  106.99  -29.48       -0.12777        0.34515
  266.73  -20.04        0.11759        0.29017
  124.21  -60.56        0.00209       -1.30261
   10.35   -0.11      -16.20311       -0.66109
  205.27   21.45        0.45946        0.03739
  142.67   41.50       -0.81523        1.70844
   26.48   -4.08      -13.69431       -4.51197
  166.40   -7.45        0.39286        0.11846
  226.90    1.36        0.01438       -0.21380
  290.65  -11.86        0.15928        0.82010
  129.94    2.55        0.16728       -0.11366
   91.23  -18.76        0.07038       -0.36630
    9.05  -51.13        6.44510       -0.44728
   77.80  -72.85        0.93321        1.70624
  128.14   22.65       -0.16529       -0.27105
  274.43   25.66        3.17538        2.24005
   21.82   34.04        5.01990        8.47606
  116.52   -5.52        0.16372       -0.38642
  267.65   40.97        4.37208        2.11065
   56.22  -47.19        1.90697        1.33147
  195.84  -12.46        1.18237       -0.20390
  133.19   38.31       -0.36570        1.23931
  327.40  -24.42        1.03370       -1.43175
  267.60   24.24        2.67545        0.96138
  223.59   43.66        0.06201       -0.03865
   47.38  -67.65        2.74117        1.40236
  291.94  -20.14        0.09076       -0.16364
  287.46  -66.98        0.04582       -2.47530
  143.41  -28.25       -0.25195        0.72486
   27.60   17.09       -5.89104       -4.05996
    7.95  -33.16        0.04902       -0.38070
  155.06   39.49       -1.74660        1.36607
  132.24  -38.21        0.05921        0.24844
  304.30  -11.41       -0.09325        0.29583
  122.87   14.25       -0.04023       -0.67646
   65.70   -5.14       -2.71914       -3.70990
    6.40  -59.10        4.36748       -0.91500
   67.63   63.11       12.09432      -17.61235
  287.55  -15.23        0.22285        0.44582
  322.20   42.26        5.00608       22.56957
  173.32   35.57       -2.26861        0.90572
  263.75   59.44        6.63751       -1.71012
  352.67  -37.64        3.30844       -1.69289
  165.09  -61.90       -1.39263        0.94949
  101.04   -4.64       -0.31791       -1.22991
   80.96   66.04        8.89755      -11.95388
  269.47  -13.28        0.43774        0.37802
  231.30   33.80       -1.28874        0.16236
   32.03   36.36        0.68758        4.99416
   16.11  -47.03        6.50493        0.35669
  110.37   31.53        0.34290       -1.01113
  223.67  -54.30       -0.61112       -0.19705
  219.80   -4.95       -1.13753        0.28058
   98.63  -53.68        0.45008        0.91738
  241.02   43.82        1.39344       -0.47884
   61.09  -13.67       -2.15165       -2.10814
   73.98   63.94        9.96534      -14.55609
   93.93  -11.75       -0.20148       -0.82196
   19.37   35.72        3.78313        7.51702
   39.59    2.46      -10.67015       -7.14446
  237.91  -49.60       -0.60457       -0.00661
  127.76   -0.43        0.15186       -0.09828
  138.26   -6.87       -0.23360        0.25079
  246.53  -47.83       -0.49390       -0.26887
  284.54   47.40       11.65276        8.23920
  266.61  -21.97        0.02792        0.25384
  273.36  -44.25       -0.39029       -1.09134
  116.90   43.08       -0.02367        0.62282
  234.67  -13.20       -0.80059        0.05372
  209.93  -36.19       -1.33784        0.23605
  215.49   -5.12       -1.20851        0.37002
  236.72  -32.40       -0.26413       -0.26124
  286.98  -31.52       -0.12969       -0.71471
  167.24    5.25       -0.69001       -0.24360
  288.37  -30.34       -0.07566       -0.75362
  254.55   36.53        2.37746       -0.13045
  131.74   19.90       -0.07559       -0.18992
   84.70    8.41       -1.27857       -4.13955
  333.79  -21.55        1.00022       -0.69395
   10.53  -38.62        3.54410       -0.40524
  302.68   36.82        6.18008       15.03321
  200.74  -51.64        0.38094       -0.33202
   74.69  -60.15        1.36277        1.93493
  345.09   32.51        7.77032      -24.95666
  193.28   23.46        0.83319       -0.00437
  211.99   -7.98       -0.87113        0.36285
   43.20  -50.74        3.17741        1.43676
  107.59   23.94        0.24757       -1.82750
  174.45   -8.03        0.80768        0.00749
  192.97  -15.64        1.18137       -0.23919
  147.91  -16.73       -0.11198        0.67328
  233.98   -6.53       -0.44770       -0.07054
   83.73  -19.21        0.14458       -0.01912
  358.64    8.37        0.16743        0.38018
   11.93   59.91       57.39939        4.93771
   95.24   18.93       -0.28029       -3.54603
  336.01  -41.15        4.23234       -3.51654
  210.87   62.94       -1.38180        0.41758
   34.86   23.19       -2.08547       -3.10608
  317.21   11.46        0.79215       -3.32498
   18.61   10.58      -11.40508       -3.22276
  144.67  -28.54       -0.28645        0.73547
    7.96   32.77       11.28528       -1.34344
  228.94   22.61       -2.27566        0.67265
   12.74    3.01      -16.51926       -1.69223
  212.04   35.39       -3.06867        1.11378
   37.72   61.35       34.14666      -24.19678
   56.00   20.69       -4.95691       -8.39028
  234.31   27.40       -2.04284        0.42934
    9.33  -62.59        3.56709       -0.83212
   45.46    2.97       -8.16778       -6.71095
  217.04  -28.61       -0.12578       -0.25820
  169.15   -7.59        0.53677        0.08057
  319.63   53.11       22.26868       53.74206
  195.63  -19.39        0.60505       -0.22466
  133.82   57.58       -1.25647        1.48611
   48.98  -27.94        0.79551        0.64809
   74.43   29.75       -1.70080       -6.90177
   37.70   56.21       18.68731      -20.57012
   82.20   66.02        8.43588      -11.39011
  194.68   15.09        1.22323       -0.33071
   39.95   23.48       -3.48885       -5.49215
  278.29   65.94        5.84924        2.92125
   47.36  -32.94        2.58129        1.67592
  145.15  -57.95       -0.81304        0.60214
  336.80  -29.04        1.29850       -1.44503
  306.13   -5.32       -0.04345        0.29654
  305.98   68.73       12.35677       42.44228
  239.78   50.72        0.83614       -0.03884
  258.22    6.52        0.03438        0.23041
  318.29   10.65        0.99131       -3.70459
  306.99   60.68       19.14948       45.21073
  284.83  -46.97       -0.31527       -1.58741
  335.83    1.49        2.10237       -2.99099
    9.95   11.38       -3.65474        0.22932
  286.61  -56.87       -0.22213       -2.27646
   39.02   -7.06       -7.85589       -4.56915
  211.61  -28.85       -0.40698       -0.19791
  322.79  -70.40        1.83317       -2.98019
  301.19   10.72        0.30944        1.76456
  183.87   14.80        0.92383       -0.29849
   63.26   29.65       -2.24176       -7.97869
   18.67   -1.36      -17.09541       -3.44908
   95.72  -16.15        0.01768       -0.56140
  348.49   45.94        7.67991        7.15357
   21.31   36.49        2.46592        7.64363
   51.46   33.23       -1.18000       -6.21060
  146.66  -43.94       -0.24976        0.68009
  159.80  -22.94       -0.62428        0.69980
  267.71  -16.76        0.28082        0.33128
   40.98  -59.79        2.39495        0.72940
  324.01  -40.19        2.99640       -3.81186
   51.90    0.64       -5.55630       -5.61327
  110.69   -6.66        0.08945       -0.64015
   72.63  -20.10        0.24273        0.44327
  186.88  -38.06       -1.03533        0.69876
   67.39   32.27       -1.50263       -7.71678
  323.51  -24.61        0.94014       -1.62617
  159.77   17.57        0.81405       -0.01237
  232.24   34.81       -0.87817        0.00285
  266.49  -47.00       -0.40546       -1.09281
  280.53   38.83        6.81833        5.55908
  277.96   16.17        2.18480        2.14281
   95.74   20.55       -0.21325       -3.49821
  108.58   11.17       -0.26258       -1.74365
  201.24   18.29        1.31571       -0.25713
   61.98  -31.64        2.02177        1.85969
  120.70  -49.22        0.16170       -0.55059
   55.95  -77.24        2.05925        1.86249
  124.17  -44.48        0.17106       -0.24430
   34.78  -43.84        5.18698        1.91853
  285.62  -16.50        0.24171        0.33594
  310.68   37.92        4.53686       17.49505
   11.99   16.18        4.69418        1.20315
  301.93   75.07        0.95937       31.67703
  180.87  -70.55       -1.05314        0.52988
  130.97  -50.14       -0.11326       -0.28743
   55.19  -14.63       -2.89831       -2.56277
  338.55   20.13       13.48342      -19.30583
  251.37   48.80        2.01408        0.30298
   33.71   29.60        1.91794        2.49449
  300.57   26.43        2.14179        6.91199
    4.82   -8.79      -10.33182        1.28437
  161.03  -10.52        0.33002        0.34742
   84.39  -44.44        0.21007        0.78895
  131.94   -8.65       -0.11762        0.24809
  309.11  -51.17        1.07261       -3.00776
  327.54  -67.80        1.95696       -2.92951
  223.22  -68.40       -0.46544       -0.01918
  291.04  -15.27        0.13024        0.41560
  197.31    4.85       -0.87187        0.05950
   31.47  -11.14       -8.64598       -3.32566
  343.70   55.06       40.63843       47.64949
  181.67  -12.15        1.23678       -0.04213
  332.53    3.06        2.61637       -4.01123
   60.74   49.60        2.62679      -11.99007
  342.67  -23.54        0.30118        0.00376
   34.32   21.66       -3.28432       -4.02425
  338.82   53.31       32.14551       48.23031
   13.55   57.13       42.90042        0.23781
  225.84  -38.46       -0.62448       -0.07359
   35.09    5.35      -13.48608       -8.22592
   62.19   21.00       -4.06179       -7.81499
  259.80   17.73        0.90230        0.21257
  294.04   22.82        2.22649        5.08079
  302.68  -45.15        0.63821       -2.59157
   47.95   -8.30       -5.30554       -4.33890
  226.03   46.08        0.58045       -0.21424
    7.23   -1.93      -14.67178        0.43068
  168.02   46.14       -1.59736        1.91275
  190.91   23.71        0.87479       -0.00548
   40.94  -26.58       -1.15251       -0.60958
   83.37   29.04       -1.14456       -5.52491
  239.96  -23.38       -0.51945       -0.13337
  299.12   19.54        1.12730        3.99951
  122.72   -4.51        0.16271       -0.13817
  206.54  -41.30       -1.15642        0.43291
   28.52  -69.10        3.23753        0.35008
  165.51  -28.04       -1.40726        0.51544
   13.48   -5.23      -14.83014       -1.07759
  284.74  -21.73        0.11008       -0.03293
  154.67  -27.88       -0.69448        0.69038
  315.74   17.87        0.36002       -2.49524
   76.58    0.60       -1.92209       -3.77432
   62.06   54.97        5.98574      -15.42924
   51.41   22.07       -5.01252       -8.49143
  220.02   11.93        0.65044       -0.26228
  221.32    4.97        0.25515       -0.25044
   79.52  -30.36        0.51520        0.47988
   18.07   16.12       -1.13289       -0.17895
  354.20  -54.04        5.62258       -1.97217
  124.35  -20.22       -0.17867        0.41191
  332.77   42.55        3.64002       12.26221
  146.70   13.15        0.40632        0.01766
  154.26   -2.30       -0.44461        0.02772
  154.05  -72.78        0.40190       -0.08371
   83.88  -44.58        0.21937        0.78703
  277.62  -67.41       -0.22035       -1.87832
  248.98   28.20        0.70365       -0.38481
  164.59   32.67       -1.47698        0.65717
  101.62  -68.49        0.02744       -0.32202
  141.00   -8.40       -0.27181        0.31676
  128.55  -35.04        0.05857        0.26182
  281.60   -7.21        0.53472        1.06102
  317.69  -61.06        1.35146       -3.09687
   68.97   26.34       -2.59266       -7.45487
  165.76  -27.10       -1.38178        0.54431
  153.99    0.34       -0.51781       -0.05117
   39.09  -34.35        2.66999        1.25068
  321.70   -6.66        1.11934       -1.82255
  100.72   52.75        0.42208       -2.14512
  338.72  -14.39        0.79003       -0.10968
  174.64  -14.51        0.76417        0.22663
   93.94   34.72       -0.28199       -3.50034
  259.85   13.04        0.39961        0.29832
  358.13  -44.59        6.10476       -1.68639
   57.21   52.45        4.65529      -15.06629
   64.56   10.28       -3.70220       -6.17774
  144.98  -17.20       -0.15949        0.66351
  333.71   19.80        9.32171      -16.95018
   15.96   -6.73      -13.89588       -1.48795
  127.84    8.27        0.16267       -0.31417
   12.97   49.80       11.32030       -0.91753
   79.79  -42.99        0.22075        0.59379
  131.56   -1.41        0.06119        0.02400
  101.47   44.56       -0.03358       -1.72496
  354.75   14.23       13.92400       -5.03792
  230.27  -31.94       -0.22109       -0.21737
  304.33    0.33       -0.03083        0.60785
    9.72  -33.58        0.26877       -0.38017
  222.15  -49.98       -0.72114       -0.08013
   30.88  -76.43        3.38936        0.91872
  199.03  -29.88       -1.69860        0.36442
  289.54  -26.27        0.01886       -0.58642
  315.85    1.94        0.58103       -2.01320
  234.66   -8.94       -0.60317       -0.01547
  110.46  -12.45        0.13052       -0.34306
  169.69  -18.80       -0.15940        0.50363
  173.28  -11.29        0.94244        0.13992
  272.68   -7.32        0.60936        0.60676
    5.43  -20.71       -4.90143        0.98813
   73.72  -71.22        1.33871        2.02852
  186.27   -6.10        0.57486       -0.08916
   54.28   16.72       -5.95666       -8.30040
  176.09   -4.37        0.26404       -0.09265
  247.48  -42.10       -0.36865       -0.41081
  219.18   16.52        0.10294        0.00017
  238.63  -23.48       -0.51748       -0.12805
   59.97  -27.75        1.49358        1.46758
   94.48  -63.89        0.38810        0.83438
  343.17   16.98       15.81164      -15.06677
  105.78  -43.74        0.22399        0.61272
  141.84   32.08       -0.92130        0.64472
  316.35   36.54        1.85619       12.86990
  258.18  -51.16       -0.48216       -0.77428
   75.68   13.03       -2.15639       -5.60986
   20.97    5.48      -17.17820       -5.20564
    2.36  -10.05       -8.64313        1.62877
  118.37   46.18       -0.22164        0.88592
   18.69   15.37       -3.06492       -0.89249
   48.54  -44.51        3.39664        2.00745
  230.08   61.52       -0.35821       -0.26266
  334.38  -57.23        3.24646       -3.04874
  277.95   70.62        0.61360        3.42716
  340.46   69.60       62.75736       65.76905
  332.77    5.50        3.51832       -5.08911
  175.28   -8.49        0.88762        0.00601
  327.91  -14.13        1.31176       -1.12125
  164.65  -28.95       -1.35781        0.48835
  343.94   -9.50       -0.82542        0.51337
  283.92  -40.47       -0.31331       -1.06886
  221.18   -7.94       -1.15266        0.31637
  220.72  -27.47        0.00521       -0.25164
  256.89   75.87       -2.82068       -5.39683
  105.88   46.21       -0.13035       -0.92619
  336.80   72.74       50.62016       62.03498
    2.12  -16.09       -5.57472        1.54354
   84.10   65.01        7.13939      -10.17406
  327.59  -53.95        3.02933       -3.39799
  241.57  -48.59       -0.55462       -0.09255
  183.49  -23.37       -1.25898        0.40583
   59.11   55.80        7.47853      -17.28930
  213.71  -15.44        0.08610        0.03628
  230.13  -10.03       -0.92496        0.12253
  246.76  -15.82       -0.28086       -0.01978
  105.66  -16.52        0.08321       -0.34194
  345.37   48.32       14.86909       19.83950
  145.39    5.15       -0.08491       -0.02174
   47.17   29.49       -1.78817       -5.57653
   76.87  -82.48        0.34011        0.84898
  299.43  -16.81       -0.02948       -0.00847
   82.94   21.62       -1.36057       -5.40995
  142.80   23.77       -0.17504        0.18086
  285.72  -66.42       -0.02724       -2.39431
  148.29   62.45       -1.75308        1.24212
  201.53  -41.24       -1.02462        0.58878
  185.67  -55.67        0.49241       -0.40326
   11.99  -25.23       -4.37264        0.01014
  268.77   51.60        7.36972        1.24425
  250.38  -13.08        0.02326        0.01799
  220.24  -32.02       -0.36527       -0.19419
  322.70   77.83       17.09586       46.78057
    4.39  -21.39       -4.48876        1.00317
  357.88  -67.14        3.14170       -1.59123
  244.03   22.45       -1.18153        0.13085
  183.02   39.40       -2.93204        1.27845
   12.01   40.62       -0.55518        1.03713
  281.34   -4.85        0.59838        1.24495
  171.99   -4.71        0.23680       -0.05571
  174.82  -11.68        1.00382        0.11596
  286.16  -64.86       -0.05809       -2.43442
  256.02   55.58        3.83063       -0.49046
  275.55  -23.33        0.02993        0.17819
   76.51   37.23       -0.34571       -6.63238
  257.38  -78.41       -0.20139       -0.30207
  122.37    0.12        0.16842       -0.33229
  175.45  -22.24       -1.03521        0.49455
  142.64   59.20       -1.43022        1.70591
  214.09   68.58       -0.95814       -1.11111
   45.91   24.40       -3.88240       -7.14212
  155.70  -38.24       -0.28573        0.42069
   19.52   40.83       -1.15710        4.30197
   62.30   -4.48       -3.19471       -4.15701
  352.53   18.12       20.17275      -11.03585
  237.18  -38.08       -0.36226       -0.21573
  263.74  -21.13        0.02798        0.23451
   23.19  -63.06        3.13614       -0.05103
   32.75  -39.62        4.55539        1.54976
  315.15   10.76        0.48471       -2.42378
  296.82  -60.78        0.18337       -2.77298
  226.37  -39.80       -0.66919       -0.04793
   89.50  -53.73        0.67223        1.50254
  230.54   10.22        0.03252       -0.12980
   87.57  -32.86        0.02622        0.12663
  312.22    3.43        0.26491       -1.23259
  118.33    5.06        0.00735       -0.74929
   11.72   60.36       59.57990        5.72418
  238.93   30.41       -0.73618       -0.10003
   88.25   26.18       -0.79226       -4.70327
    8.80   -7.30      -12.56698        0.41433
   12.47  -19.68       -6.42208        0.25402
  161.53   19.94        0.88105        0.03401
  189.95   43.39       -2.44664        1.44736
  111.11   41.95        0.00363       -0.18115
  197.64  -78.65        0.48793        0.53445
  188.73   12.70        0.57816       -0.28204
    5.52  -40.09        4.36837       -0.81815
   16.51   48.87        7.24599       -2.29293
  216.42  -37.00       -0.98052        0.03886
  177.88  -34.28       -1.60340        0.49302
  310.92   58.91       22.07817       51.30096
  225.92   16.30       -0.63811        0.18281
   18.46   50.91       12.73475       -4.55779
  292.07  -62.64        0.06440       -2.67296
  346.49   38.36        1.55015      -15.53273
  263.94  -60.84       -0.49276       -1.03548
  161.50   11.35        0.14748       -0.17257
   13.44  -19.57       -6.57324        0.11922
  182.14  -22.29       -0.98002        0.37525
  244.04   -0.66        0.23362       -0.17790
  125.32    5.22        0.15580       -0.35749
  299.23  -39.01        0.39389       -2.15223
  349.30   -5.20       -3.72537        1.31257
  313.12   26.62        0.02435        2.88136
  302.75  -44.85        0.64966       -2.59415
   36.36   80.79       44.27837       -0.49845
  250.99   26.43        0.74639       -0.31018
  247.77  -49.37       -0.50799       -0.28591
  357.42  -16.51       -3.96617        1.66554
   10.06  -53.95        5.76704       -0.41713
   39.67   19.93       -6.11592       -7.37372
   47.04   64.66       31.68964      -25.80671
  335.19   62.56       54.57293       72.09428
  152.61   61.67       -1.66756        1.55609
   87.17   18.52       -0.90954       -4.68514
   75.79   24.58       -2.10828       -6.51897
  264.95  -50.19       -0.44813       -1.11790
  266.93  -41.80       -0.35315       -0.84698
  356.63  -36.70        2.68435       -1.24846
   57.04   -1.08       -4.23297       -5.04476
   45.88  -36.36        3.51481        2.08953
  135.14  -37.34        0.00214        0.37817
  168.00   13.75        0.50210       -0.20780
  355.06   -1.70       -7.17797        1.86903
  280.31   57.39       11.49822        4.73289
  136.34   37.03       -0.60405        1.13413
   61.81   25.82       -3.23715       -8.08114
  242.84   17.48       -1.48691        0.28531
  281.19   -0.68        0.74150        1.56732
  319.27  -11.91        0.81302       -1.13153
   40.12   62.35       34.22728      -25.12714
  117.01  -42.69        0.21737        0.00683
   18.14   33.20        7.31857        7.71909
   74.66  -27.96        0.89380        0.92734
  144.46   64.22       -1.75282        0.59937
  358.96   -7.37       -8.49800        1.90828
  227.60   42.15        0.19485       -0.20795
  217.10  -32.37       -0.54289       -0.15100
   38.25  -19.08       -5.00685       -2.57633
  204.83   61.56       -1.24749        0.73900
  130.46  -14.59       -0.18838        0.40037
  309.93   32.52        1.90653       10.28402
  301.40   70.57        6.47175       33.86547
  219.09  -22.18        0.15968       -0.17136
  169.97  -21.30       -0.71649        0.55154
  234.83   -2.59       -0.02057       -0.20530
   66.27   69.75       20.80617      -19.45243
   92.30   59.94        2.93716       -5.41420
  271.37   12.02        1.51994        1.20425
   54.39   38.11       -0.43756       -6.96397
   12.09  -58.78        4.30285       -0.48165
  123.28  -11.67        0.01510        0.15697
   82.89  -19.15        0.14760        0.01928
  268.34   -8.91        0.54216        0.40211
    9.39   23.69       17.99849        1.66912
   19.53    8.00      -15.05049       -4.35136
   37.19  -24.19       -3.10880       -1.50044
  319.54  -28.94        1.15218       -2.38848
  118.68   24.17        0.07520       -0.75602
  122.75   27.17       -0.00511       -0.29468
  118.28   -7.38        0.16695       -0.21223
  100.57  -15.50        0.05428       -0.55212
  324.20   11.98        2.72505       -6.59873
  240.37   87.80      -16.04883       -3.68969
   92.81   72.88        9.62093       -9.90879
  335.71    1.09        1.98521       -2.87656
   82.95   29.40       -1.15698       -5.59751
  179.54    9.91       -0.23165       -0.25520
   94.87   37.90       -0.17168       -3.19516
   10.01   68.96       81.96520       17.51126
   79.74   55.89        3.64925       -8.41290
  133.60    5.34        0.18251       -0.07790
   67.93  -19.86        0.02833        0.27686
  287.30  -42.57       -0.24706       -1.37987
   69.46   -9.03       -1.88920       -2.35591
  216.74  -25.45        0.15842       -0.28110
  102.45   55.08        0.48775       -2.08001
   18.38  -29.81       -2.15104       -0.47488
  247.93   54.50        1.71326       -0.07304
   92.87    8.66       -0.79224       -3.20911
   34.96   -0.13      -12.03736       -6.48661
  163.04  -48.46        0.48372        0.30588
   68.14   -9.14       -2.01771       -2.47881
   94.74   -6.11       -0.51764       -1.31771
  117.30   20.56        0.01190       -1.01273
  262.06  -42.75       -0.34705       -0.82565
   46.63   53.59        8.27429      -18.14609
   75.13  -17.08       -0.16045       -0.03324
  216.35   38.16       -2.22140        0.81179
  145.51  -64.56       -0.47545        0.16888
   60.13   -2.48       -3.62666       -4.65577
   46.88   15.14       -7.95769       -8.97545
  104.54  -13.84        0.08388       -0.52473
  106.41  -61.00        0.11721       -0.43061
  320.42   16.31        1.52131       -5.64402
    2.45  -68.76        3.23089       -1.29926
   85.50   25.07       -1.06701       -5.13454
   27.19  -59.47        3.30502        0.31232
   99.13   41.05       -0.05850       -2.25194
  184.62  -10.81        1.27845       -0.11772
    6.08  -50.31        6.60608       -0.76797
  147.38   44.45       -0.87144        2.03320
   49.96   23.02       -4.69382       -8.26035
   40.37  -71.50        3.17617        1.26085
  304.54  -13.33       -0.07488        0.11892
   36.84   42.44       -1.22591       -1.60593
  124.10    0.94        0.17401       -0.28111
  143.56    6.65        0.06194       -0.01429
   47.95  -33.94        2.89731        1.88691
  256.73  -62.15       -0.48647       -0.53656
  354.16   38.79        1.82590      -14.07606
  328.15   17.89        5.20336      -11.79821
  328.33    3.09        2.22142       -4.12079
  146.47  -29.34       -0.34593        0.73629
  292.81  -27.15        0.05981       -0.87980
   57.36   11.86       -5.34825       -7.14663
   75.94   25.10       -2.06133       -6.52735
  185.15  -63.92       -1.40164        0.03429
  308.31  -81.54        1.07239       -1.90090
  317.95  -14.36        0.64208       -0.96267
  191.17   13.35        0.79870       -0.29829
  318.11   23.45        0.25448       -3.14095
  286.53   31.82        4.96980        6.33908
  212.75   28.26       -2.49634        0.91731
  300.80   17.34        0.71829        3.13991
   93.82   27.50       -0.32015       -3.75172
  180.77  -24.58       -1.64313        0.51575
    7.92   51.15       18.58869        3.25838
  312.11    5.49        0.24485       -1.27787
    5.97    6.19       -9.46307        0.66308
  144.74  -38.04       -0.20930        0.63349
  271.80  -20.53        0.13991        0.29410
  174.18   52.57       -0.60550        2.10191
  269.83  -30.11       -0.23552       -0.05335
  358.17    4.69       -5.16503        1.30840
  211.93  -52.97       -0.36076       -0.37751
  174.68   62.75       -1.60389        1.42407
   56.17  -69.57        2.51536        1.97254
  245.48   15.32       -1.20793        0.22083
  307.86   -6.15        0.01908        0.03191
  231.26   85.79      -10.92974       -7.48697
  135.99  -27.54       -0.14230        0.58959
  244.67  -44.56       -0.44661       -0.27233
  321.51   50.80       18.90428       48.70715
  190.39  -27.91       -2.03914        0.54698
  100.52    0.32       -0.53713       -1.67591
  126.09   54.32       -0.90847        1.31356
  204.78   59.34       -0.81741        0.82941
    5.82  -61.94        3.71684       -1.04307
  161.95  -62.38       -1.36894        1.01558
   55.78  -62.87        2.08894        1.44795
  271.42  -88.20       -0.03945       -0.45145
   42.39  -24.47       -1.94923       -1.09054
   79.47   -5.71       -1.37637       -2.15122
  302.41  -71.26        0.82667       -2.89917
  173.95   31.96       -1.38010        0.59810
  217.24  -37.73       -0.97139        0.04093
  315.69  -11.71        0.50956       -0.85035
  191.90   72.03       -1.12589       -1.56073
  139.26   27.28       -0.53288        0.27547
  252.88   65.83        3.64583       -3.99196
  245.43   22.10       -0.99315        0.08465
   92.34  -43.83        0.18576        0.92378
   50.03  -16.46       -3.41457       -2.61894
   92.15  -38.20       -0.03349        0.49763
   97.89  -66.77        0.15405        0.22288
  300.58  -10.10       -0.11261        0.69909
  244.40  -47.26       -0.50424       -0.20436
  134.87  -44.09       -0.06088        0.19701
  344.35  -43.31        5.23690       -3.03692
  314.16  -29.77        0.98239       -2.47838
  186.93    5.43       -0.89094       -0.08926
   86.22   17.96       -1.00444       -4.78811
  344.34  -22.05        0.01726        0.34133
  239.52    0.94        0.23496       -0.23583
  209.23   -1.01       -1.18888        0.32011
  311.66    6.92        0.20668       -1.17227
   56.46   11.20       -5.54389       -7.14273
  310.49   -5.09        0.16673       -0.42450
  303.98    0.99       -0.02344        0.67843
  170.41   26.90        0.14305        0.24295
   27.95  -40.95        5.00320        1.26599
  261.18   58.43        5.83209       -1.45636
  319.90   16.09        1.36824       -5.26643
  344.11  -26.42        0.34233       -0.28318
  284.70   -7.45        0.43730        1.17814
  251.67   72.92        0.59214       -6.15172
  132.24   -3.25       -0.00242        0.08638
  340.74  -31.02        1.47763       -1.47839
  261.24  -10.40        0.41542        0.21848
  319.96   35.65        0.54663        8.04213
   66.06   -9.26       -2.24371       -2.69282
   12.71   82.52       40.97470       19.06595
  296.60  -13.73       -0.02187        0.49496
  168.94   11.74        0.13882       -0.24279
  301.74   52.48       16.32339       30.15051
  257.37   35.71        2.60416        0.12434
  178.59   21.05        1.35776       -0.13352
  130.65    8.84        0.20045       -0.21212
  188.48   75.16       -0.05687       -3.22856
  310.78  -23.61        0.37236       -1.44800
  314.66   46.81       12.21400       35.87240
  329.56  -73.16        2.30870       -2.71608
  283.06  -11.39        0.40916        0.75696
  269.69   -5.63        0.60335        0.52231
  348.96  -43.57        5.53449       -2.61927
  127.26  -47.11        0.07131       -0.32780
  292.49  -23.89        0.07138       -0.57293
  318.61  -29.17        1.13696       -2.43301
   16.13    0.81      -17.69494       -2.92576
  343.18  -40.85        4.54585       -2.95190
  245.81    4.73       -0.13801       -0.05456
   76.03   10.10       -2.06572       -5.26166
   60.41  -38.27        2.23343        1.84346
  322.79   51.77       21.17140       51.72432
  166.35   -6.97        0.33769        0.09754
  340.60   51.66       26.56502       39.71854
   45.02   18.43       -7.04953       -8.78668
  130.02   14.45        0.09171       -0.29327
  105.25   16.38       -0.08607       -2.21493
   49.89   52.97        6.47572      -17.11088
  236.89  -67.56       -0.32818        0.10285
  239.20   32.75       -0.15552       -0.30196
  242.32   33.38        0.52711       -0.49565
  263.70    3.04        0.42138        0.41440
   61.61  -34.00        2.17780        1.92136
   38.75  -33.21        2.09379        0.96682
  163.22   -4.45       -0.09012        0.02656
   45.90   37.65       -0.58979       -3.70099
  166.11  -49.24        0.70965        0.17815
  268.95   21.37        2.45722        1.06672
   68.53  -39.80        1.06936        1.03536
  129.21  -34.36        0.04061        0.29609
  147.13  -25.54       -0.32110        0.77640
  316.42  -38.23        2.00681       -3.50882
  351.69  -58.06        4.40909       -2.05838
  114.54  -51.02        0.21357       -0.43160
   52.06   47.26        1.36271      -11.03150
   92.04   -4.12       -0.75914       -1.64768
  315.26  -56.17        1.39128       -3.13720
   51.57    1.36       -5.75242       -5.76729
    9.00   44.62        0.66290       -0.71979
  352.23   18.77       20.81719      -12.09492
  266.74   -0.36        0.55989        0.50768
  212.58   -3.96       -1.21382        0.37823
  160.59  -17.74       -0.00632        0.64304
  119.82  -12.29        0.06530        0.06512
   55.57  -28.36        1.51654        1.35661
   90.61  -57.22        0.70212        1.49067
  145.79   61.07       -1.62535        1.46200
    7.21  -15.12       -7.35495        1.06716
   49.15   19.13       -6.29456       -8.77656
  291.69   11.35        1.05376        2.74847
  291.49   49.58       13.97121       14.73235
  148.23   68.66       -1.36191       -0.67892
  172.17   -1.89       -0.23971       -0.12897
  304.09   65.23       14.35806       40.27837
  160.77  -27.15       -1.04088        0.60249
   87.42   25.37       -0.87587       -4.83447
  312.29   59.14       23.22398       53.78169
   45.47   19.45       -6.51180       -8.61743
  359.17  -53.76        5.87283       -1.49706
  147.31  -59.06       -0.89861        0.71194
  330.44    2.67        2.36032       -3.98648
  130.06  -69.42        0.42559       -1.45797
   90.82   -0.33       -0.97509       -2.24836
   10.94  -31.87       -0.85823       -0.30933
  241.22   -2.71        0.19230       -0.20707
  302.39    4.45        0.05866        1.05843
  132.93    2.51        0.12714       -0.04223
  231.51   35.63       -0.79211       -0.01384
  337.49  -35.24        2.73093       -2.60194
  243.62  -29.54       -0.34240       -0.29516
  320.90   -8.51        1.02780       -1.54065
  335.68  -63.67        2.45760       -2.74338
  174.08   27.60       -0.00257        0.26822
  337.79  -10.26        0.79859       -0.50161
   92.90   49.69        0.82337       -3.52775
   59.85  -69.89        2.32558        2.10734
  142.21   60.03       -1.51959        1.52384
    9.53  -52.83        6.07581       -0.43297
  135.19    0.99        0.03270        0.02124
  291.81   73.42       -1.74045       19.15598
  315.49  -20.61        0.45193       -1.18091
   54.99   29.19       -2.44086       -7.70133
  278.31  -36.93       -0.34351       -0.60910
  303.44   -9.43       -0.11122        0.50742
  230.24   26.85       -2.50713        0.67239
   16.36  -63.60        3.30588       -0.43816
  305.13   27.06        1.43102        6.81696
   23.03  -20.94       -6.34589       -1.23113
   66.67  -73.92        1.65665        2.05486
  227.10  -68.64       -0.38661        0.05624
  293.39   27.59        3.43076        6.74083
  263.21  -16.34        0.23692        0.27410
  357.84  -10.33       -6.56420        1.90046
   69.29   40.99        0.44935       -7.77263
   58.52  -25.80        0.94353        1.00910
   95.46   21.49       -0.21414       -3.54619
  222.43   26.45       -2.66503        0.87553
  154.20   51.64       -0.63108        2.50161
  322.81   65.24       36.69682       69.07165
   99.71   34.52       -0.02981       -2.44232
  351.27   55.08       42.22646       35.26972
   49.30   55.49       10.47728      -20.02105
  253.69  -25.28       -0.28012       -0.10061
  219.45  -26.65        0.06057       -0.25997
   97.53  -59.56        0.39957        0.75053
  233.84   47.04        0.95206       -0.36107
   85.60   18.35       -1.06496       -4.89180
  193.37  -10.06        1.03315       -0.13931
  306.28  -67.74        0.86300       -3.06386
   35.79   49.79        4.53330      -11.16449
   47.90   60.20       20.78965      -24.44008
  184.75  -80.49        0.93177        0.31797
  318.62   -2.42        0.85753       -2.03266
  325.84   44.77        7.88691       27.95346
  322.98  -29.11        1.30668       -2.35149
  119.96  -10.92        0.09546        0.01436
  328.18  -23.87        1.02949       -1.32013
  248.86   49.18        1.67932        0.18891
   15.74  -48.20        6.52412        0.31297
  344.55   -5.85       -1.43183        0.43409
   90.05  -32.65       -0.03469        0.11407
  336.97   50.43       21.72014       39.29883
  238.99    9.43       -0.46398        0.00661
  275.93  -19.95        0.18590        0.26982
  301.55  -46.45        0.51173       -2.51696
  201.01   58.12       -0.56753        0.98643
  173.46  -10.40        0.94049        0.10315
  299.95   15.33        0.65431        2.75934
   39.85  -21.39       -3.84529       -2.06581
  208.43   28.51       -2.21017        0.84870
   66.05    7.67       -3.29933       -5.72286
    9.10  -27.57       -3.09800        0.04101
  240.61  -61.86       -0.44409        0.02377
  137.31   29.52       -0.62470        0.38903
  320.03  -78.25        1.84414       -2.41693
  220.94   28.08       -2.83718        0.94000
  109.77    5.46       -0.27081       -1.37976
  126.63    5.47        0.17055       -0.30432
  329.99  -15.09        1.31444       -0.96030
   46.45  -50.86        2.71342        1.35416
   46.19  -21.63       -2.44860       -1.55962
  209.05   48.14       -0.24990        0.64315
   96.73  -70.40        0.08209        0.14049
  194.18  -57.05        0.06751       -0.61898
  160.61   -6.27        0.00985        0.13888
  124.13  -27.80       -0.12707        0.41925
   99.09  -28.16       -0.09226        0.04723
  309.51   28.56        0.85480        6.53064
  325.85   26.34        1.90676      -10.92881
   77.45  -26.04        0.67182        0.67425
  151.41    7.56       -0.08407       -0.08232
   30.44   25.15        1.77648        1.28095
   47.46  -69.98        2.88685        1.57636
  215.39  -19.71        0.30866       -0.15147
  264.71  -10.76        0.45930        0.29645
  240.43  -76.43       -0.10052        0.26875
  203.46    9.12        0.25830       -0.18690
  336.60    0.63        1.76137       -2.56382
  297.70   40.64        9.49726       15.75477
  332.07   24.22        6.72524      -18.35473
  359.65  -21.04       -3.47852        1.25483
  116.27   28.40        0.25318       -0.65664
   86.85   58.29        3.35166       -6.63307
  352.78    3.46       -2.63172        0.78318
    7.75    2.56      -14.24697        0.15288
  104.36   18.68        0.01696       -2.33156
  355.65   82.64       33.14846       30.35832
  359.23   37.30        3.73280      -11.99140
  233.83  -64.29       -0.41376        0.01111
  250.22  -34.86       -0.28599       -0.45008
  153.21   80.91        3.90617       -7.55861
   98.38  -54.99        0.45161        0.89287
  178.81  -43.58        1.08367       -0.01622
   73.16    7.86       -2.35574       -5.23679
   14.01   17.91        6.14590        1.79428
  109.44  -24.00       -0.08956        0.17670
  301.48   46.77       13.31102       24.39550
  146.71   13.09        0.40418        0.01695
  350.57    2.11       -2.41508        0.64317
  319.22  -48.53        2.48737       -3.60801
   54.36  -32.77        2.56349        2.00519
   80.73  -13.77       -0.41621       -0.52154
  320.42  -50.06        2.53596       -3.56509
  187.83   25.21        0.57289        0.09336
  328.30   62.40       44.35061       72.70937
   75.53  -33.34        0.73081        0.74086
  310.02   16.02        0.05153        0.21293
  144.06   81.92        5.23669       -8.71498
   81.27  -29.68        0.41608        0.35563
  333.70  -40.90        4.00952       -3.62500
  236.11    2.08        0.25625       -0.26701
  270.97   67.02        4.63019       -1.63919
  287.56    4.03        0.75803        2.23104
  168.79   30.54       -0.93025        0.48977
  205.41  -25.07       -0.12483       -0.23623
  328.98   31.83        0.77140      -10.65427
  336.67    6.37        4.48981       -5.20796
  127.26   -6.59        0.04857        0.08847
  141.13   -5.61       -0.28046        0.21707
  137.05  -44.57       -0.13249        0.31432
  235.34   10.77       -0.43586        0.00983
  271.36   16.63        2.05308        1.28435
  110.59  -58.69        0.11241       -0.70438
   15.44   -7.63      -13.24540       -1.18661
  202.01  -32.63       -1.74373        0.42416
  296.14  -44.75        0.13623       -2.06545
   27.10   38.79       -0.29269        5.84131
   75.11  -60.09        1.34536        1.93716
  293.48  -34.95        0.04883       -1.43153
  231.52  -53.95       -0.61694       -0.01810
   31.24  -28.26       -1.87600       -0.76687
  261.71    7.58        0.32713        0.38062
  265.25   32.48        3.16511        1.06165
   73.83   30.75       -1.57806       -7.00116
  328.64   -5.00        1.51897       -2.22522
  308.16    5.64        0.06857       -0.20366
  257.51  -40.55       -0.31547       -0.67392
  116.77   33.12        0.28743       -0.19298
  304.27  -12.12       -0.08925        0.24319
  322.10   60.57       34.27574       67.82080
  327.03   -6.88        1.45425       -1.96642
   87.32   19.94       -0.89040       -4.72351
  171.86  -46.04        1.27550       -0.14614
    6.04  -70.83        3.38093       -1.02020
  125.45   34.05       -0.02136        0.49186
  346.16  -12.98       -1.01760        0.93525
   62.97   68.35       21.78749      -20.97668
  198.18  -61.16       -0.76391       -0.63787
   59.87  -23.51        0.37789        0.56668
  185.85   48.03       -1.31363        1.63585
  297.60  -35.70        0.27008       -1.85889
  138.92   64.87       -1.51085        0.08773
  167.57  -25.38       -1.34448        0.57319
   88.25    7.21       -1.07738       -3.57265
  219.11   24.43       -2.04799        0.73294
  172.21   -6.14        0.47365       -0.01565
  314.04  -19.78        0.36225       -1.05111
  104.33  -14.29        0.08392       -0.50860
   69.15   19.20       -3.16713       -6.87038
  188.51  -56.56        0.26074       -0.48235
  331.32   40.96        2.03216        8.42976
  177.95   11.18        0.02573       -0.27138
   54.07   30.64       -1.96771       -7.31866
  188.88   62.24       -1.40414        1.18181
  319.87    6.67        1.17288       -3.63477
  193.39  -63.00       -1.11775       -0.40190
  209.60   31.89       -3.02681        1.09463
  349.13   23.66       21.00305      -20.79921
  133.31   33.98       -0.47517        0.73781
  261.89   54.75        5.55175       -0.25386
   28.06   54.54       20.13942      -14.28159
  210.94  -15.23        0.32311       -0.02828
  215.31  -30.05       -0.36349       -0.20909
  290.55  -65.55        0.10623       -2.63638
  338.38   52.17       27.92299       44.51230
  259.23    6.74        0.10787        0.26745
   26.94   29.16        5.38489        6.29761
  273.82  -10.54        0.54108        0.53312
   45.96  -30.42        1.51566        0.99116
  173.94  -47.61        1.43789       -0.17658
  114.06   -3.47        0.09674       -0.62289
  312.81   27.84        0.16070        4.04700
  351.14  -24.21       -1.02856        0.62978
  209.67   33.78       -3.18049        1.15157
  331.39  -26.17        1.13619       -1.40933
    1.51  -77.43        3.48836       -0.89454
  258.28  -10.29        0.36584        0.15256
  153.46   66.61       -1.87263        0.25108
  287.25  -23.46        0.06110       -0.25732
  157.23    9.44       -0.03519       -0.14309
  320.53  -25.28        0.86777       -1.79206
  159.93   43.24       -1.70879        1.74367
  339.08  -21.50        0.67408       -0.16761
   43.65   11.53       -9.65380       -8.96827
   11.34   39.65        0.22746        0.84417
  280.88   73.22       -2.79435        6.81810
  130.88    7.65        0.20569       -0.18618
  264.20   52.93        5.99628        0.36692
  240.66  -53.86       -0.56975       -0.00666
   78.17  -31.37        0.58472        0.57044
   64.01   -7.84       -2.67541       -3.27996
  256.30  -19.31       -0.05498        0.11328
  179.33  -55.17        0.49388       -0.17237
   18.56   -3.44      -15.98940       -2.93027
   38.46  -78.27        2.90396        1.32886
  147.87   43.48       -0.98269        1.91972
  132.21   14.08        0.15175       -0.20366
  327.62   19.31        4.80159      -12.14295
  150.37   55.71       -0.88667        2.39065
  157.58   -9.59        0.12578        0.33989
   88.35  -28.27        0.10805       -0.01195
   85.87  -15.85       -0.09134       -0.35433
   86.43    9.44       -1.13156       -4.05973
  337.99  -28.77        1.19619       -1.28486
   94.32   42.60        0.06293       -3.14831
   83.99  -18.72        0.11075       -0.06326
  304.23  -35.65        0.73192       -2.49027
  284.51  -82.78        0.15889       -1.18949
  231.40  -57.23       -0.55411       -0.05778
  225.64  -15.38       -0.78746        0.17984
  267.10  -17.67        0.23282        0.31912
  103.11   25.37        0.20094       -2.35017
  322.05  -54.02        2.33112       -3.36073
  349.73  -39.49        4.18038       -2.20131
  335.09   -8.44        1.14371       -1.09028
  104.42    4.51       -0.44803       -1.73651
   21.41   44.88       -0.63917        0.33266
   73.21    3.30       -2.27432       -4.58324
  186.28   12.88        0.55594       -0.28484
  209.98   16.20        1.01010       -0.24289
  347.68   42.98        2.66203       -2.62202
  124.40    9.06        0.08120       -0.50153
  117.53   15.23       -0.09502       -1.05750
   50.45   21.66       -5.22792       -8.51666
  120.39  -54.37        0.07147       -0.92644
  280.36  -10.64        0.48434        0.73763
   43.80  -26.20       -0.82289       -0.44075
  173.80  -24.93       -1.59778        0.55785
  216.62   43.04       -0.81862        0.44041
  180.91  -69.50       -1.24292        0.51229
   18.85  -32.80       -0.14387       -0.29160
  248.02   12.67       -0.90298        0.16887
  191.87  -20.64        0.06454       -0.04739
  226.21   20.83       -1.78054        0.56457
  144.64    1.53       -0.24907        0.01854
  323.00  -39.74        2.84015       -3.77831
   83.88    2.99       -1.40772       -3.43028
   60.58  -12.72       -2.41907       -2.43621
  115.73  -63.61        0.05292       -1.38461
  337.17  -39.50        3.91941       -3.27691
  160.19  -72.76        0.15294        0.22790
  122.26  -62.83        0.06325       -1.47014
   51.90  -26.11        0.41845        0.45872
  307.14   46.68       12.83158       30.17066
  319.14   -7.42        0.88300       -1.50171
  272.74   57.04        9.45498        0.77218
  245.20    8.41       -0.54446        0.05177
    7.61   -6.24      -12.89845        0.60615
  336.51    6.08        4.29590       -5.05379
   47.46   24.77       -3.82451       -7.39460
   32.92    3.47      -14.20651       -7.64385
  208.98  -13.77        0.32453        0.00493
  117.63   50.56       -0.52402        0.70469
   12.75   -3.07      -16.00810       -1.18671
  275.34  -42.58       -0.38447       -0.99681
   70.69   44.89        1.26092       -8.08832
  183.95   26.97        0.12847        0.21856
  242.61   34.50        0.78808       -0.56095
    4.95   -8.51      -10.55702        1.25317
   94.63  -62.02        0.44611        0.93644
  348.88  -25.55       -0.44829        0.26460
    4.01  -43.35        5.82279       -1.02027
  263.12   43.01        3.71203        1.38321
   91.78    4.66       -0.95034       -2.85933
  172.53   13.86        0.54865       -0.24649
  279.56   31.92        4.46247        4.25528
