  360.00   71.63        2.50043       -0.00000
  233.09  -19.50      -13.43256       -0.00000
   13.30  -42.58       13.28455       -0.00000
  239.27  -56.17       -3.98774       -0.00000
   73.49  -41.71        3.98693        0.00000
  235.78  -47.93       -6.35435        0.00000
  327.63  -50.95        8.43994        0.00000
  107.65  -27.98       -5.95244        0.00000
  251.94   64.23       -1.47516       -0.00000
   33.05   53.58        7.43765       -0.00000
  345.49   56.09        7.58386        0.00000
  158.82  -58.53       -6.39813        0.00000
  332.77  -55.44        7.20144        0.00000
  326.94  -15.99       19.49777        0.00000
   53.17   49.27        6.42291        0.00000
    1.95  -33.81       17.36797        0.00000
  352.92   41.32       14.09111        0.00000
    1.89  -30.49       18.68332        0.00000
  281.53  -18.58        4.52096       -0.00000
  165.95    2.29      -24.38282       -0.00000
   57.88   71.65        1.32646       -0.00000
    3.82   -9.88       24.37925        0.00000
   83.86    6.34        2.66172        0.00000
  104.58  -36.09       -4.13780       -0.00000
  202.07   35.63      -15.41426        0.00000
   96.80  -19.36       -2.65313        0.00000
  100.05   35.24       -2.93119        0.00000
  249.03   28.30       -6.98517        0.00000
   89.17   -5.72        0.35953        0.00000
  130.78  -15.19      -15.31375        0.00000
  181.88    3.36      -25.07444       -0.00000
  315.89   -4.00       17.98870       -0.00000
  290.10  -69.36        1.07519       -0.00000
  147.88   74.74       -1.47645       -0.00000
  246.84   -6.12       -9.78991       -0.00000
  116.54   75.07       -0.74676        0.00000
  264.36    4.49       -2.45724        0.00000
   58.52   32.83        9.28343       -0.00000
  135.53   65.38       -3.11824        0.00000
  171.64  -38.27      -15.35220       -0.00000
  240.56  -51.61       -4.77123        0.00000
  106.99  -29.48       -5.57386        0.00000
  266.73  -20.04       -1.26586       -0.00000
  124.21  -60.56       -3.41878        0.00000
   10.35   -0.11       24.76490       -0.00000
  205.27   21.45      -19.71937        0.00000
  142.67   41.50      -11.23008       -0.00000
   26.48   -4.08       22.42013       -0.00000
  166.40   -7.45      -24.05618        0.00000
  226.90    1.36      -17.19059        0.00000
  290.65  -11.86        8.50428        0.00000
  129.94    2.55      -16.12877       -0.00000
   91.23  -18.76       -0.48261        0.00000
    9.05  -51.13        9.79280        0.00000
   77.80  -72.85        0.46253        0.00000
  128.14   22.65      -13.24336        0.00000
  274.43   25.66        1.57998       -0.00000
   21.82   34.04       16.04767       -0.00000
  116.52   -5.52      -11.13525        0.00000
  267.65   40.97       -0.58906        0.00000
   56.22  -47.19        6.46429        0.00000
  195.84  -12.46      -23.09096        0.00000
  133.19   38.31      -10.60956        0.00000
  327.40  -24.42       17.58295        0.00000
  267.60   24.24       -0.87717       -0.00000
  223.59   43.66       -9.54249        0.00000
   47.38  -67.65        2.46597       -0.00000
  291.94  -20.14        8.29091        0.00000
  287.46  -66.98        1.15484        0.00000
  143.41  -28.25      -15.68571        0.00000
   27.60   17.09       20.38418        0.00000
    7.95  -33.16       17.47464        0.00000
  155.06   39.49      -13.59578        0.00000
  132.24  -38.21      -10.44714       -0.00000
  304.30  -11.41       13.62954        0.00000
  122.87   14.25      -12.83492       -0.00000
   65.70   -5.14       10.27728        0.00000
    6.40  -59.10        6.59914        0.00000
   67.63   63.11        1.95938        0.00000
  287.55  -15.23        7.06890       -0.00000
  322.20   42.26       10.89497       -0.00000
  173.32   35.57      -16.54386        0.00000
  263.75   59.44       -0.70883        0.00000
  352.67  -37.64       15.65683       -0.00000
  165.09  -61.90       -5.39783       -0.00000
  101.04   -4.64       -4.78879        0.00000
   80.96   66.04        0.65258        0.00000
  269.47  -13.28       -0.21977       -0.00000
  231.30   33.80      -10.87007       -0.00000
   32.03   36.36       13.84139        0.00000
   16.11  -47.03       11.23723       -0.00000
  110.37   31.53       -6.36793       -0.00000
  223.67  -54.30       -6.20154       -0.00000
  219.80   -4.95      -19.19767       -0.00000
   98.63  -53.68       -1.32484       -0.00000
  241.02   43.82       -6.34904        0.00000
   61.09  -13.67       11.48970        0.00000
   73.98   63.94        1.34060        0.00000
   93.93  -11.75       -1.65309       -0.00000
   19.37   35.72       15.65379       -0.00000
   39.59    2.46       19.36369       -0.00000
  237.91  -49.60       -5.61845        0.00000
  127.76   -0.43      -15.41440        0.00000
  138.26   -6.87      -18.51552        0.00000
  246.53  -47.83       -4.51869        0.00000
  284.54   47.40        2.89577        0.00000
  266.61  -21.97       -1.27984        0.00000
  273.36  -44.25        0.75616       -0.00000
  116.90   43.08       -6.07492       -0.00000
  234.67  -13.20      -13.79897       -0.00000
  209.93  -36.19      -14.21073        0.00000
  215.49   -5.12      -20.33330       -0.00000
  236.72  -32.40       -9.84949       -0.00000
  286.98  -31.52        5.34202       -0.00000
  167.24    5.25      -24.34652       -0.00000
  288.37  -30.34        5.90964       -0.00000
  254.55   36.53       -4.32972       -0.00000
  131.74   19.90      -14.81617        0.00000
   84.70    8.41        2.27440        0.00000
  333.79  -21.55       19.53989       -0.00000
   10.53  -38.62       15.10874       -0.00000
  302.68   36.82        8.71020       -0.00000
  200.74  -51.64       -9.06608        0.00000
   74.69  -60.15        1.64680        0.00000
  345.09   32.51       17.30043       -0.00000
  193.28   23.46      -20.61948       -0.00000
  211.99   -7.98      -20.93900        0.00000
   43.20  -50.74        7.35010       -0.00000
  107.59   23.94       -6.35668        0.00000
  174.45   -8.03      -24.56788       -0.00000
  192.97  -15.64      -22.74961        0.00000
  147.91  -16.73      -19.56194        0.00000
  233.98   -6.53      -14.61268       -0.00000
   83.73  -19.21        2.45325        0.00000
  358.64    8.37       24.63364       -0.00000
   11.93   59.91        6.19198       -0.00000
   95.24   18.93       -2.05571       -0.00000
  336.01  -41.15       13.03922        0.00000
  210.87   62.94       -4.47119       -0.00000
   34.86   23.19       17.45510       -0.00000
  317.21   11.46       17.74502       -0.00000
   18.61   10.58       23.05351       -0.00000
  144.67  -28.54      -15.84996        0.00000
    7.96   32.77       17.62846       -0.00000
  228.94   22.61      -14.09044       -0.00000
   12.74    3.01       24.48718        0.00000
  212.04   35.39      -14.18184       -0.00000
   37.72   61.35        4.57781       -0.00000
   56.00   20.69       12.31988        0.00000
  234.31   27.40      -11.57767        0.00000
    9.33  -62.59        5.26420        0.00000
   45.46    2.97       17.61037       -0.00000
  217.04  -28.61      -15.48637       -0.00000
  169.15   -7.59      -24.29358        0.00000
  319.63   53.11        6.91055       -0.00000
  195.63  -19.39      -21.57040        0.00000
  133.82   57.58       -5.01060       -0.00000
   48.98  -27.94       12.89620        0.00000
   74.43   29.75        5.09366       -0.00000
   37.70   56.21        6.15996       -0.00000
   82.20   66.02        0.56466        0.00000
  194.68   15.09      -22.70193       -0.00000
   39.95   23.48       16.23610        0.00000
  278.29   65.94        0.60360       -0.00000
   47.36  -32.94       12.01241        0.00000
  145.15  -57.95       -5.81769        0.00000
  336.80  -29.04       17.68576       -0.00000
  306.13   -5.32       14.71625       -0.00000
  305.98   68.73        1.94560        0.00000
  239.78   50.72       -5.07874       -0.00000
  258.22    6.52       -5.07514        0.00000
  318.29   10.65       18.15270       -0.00000
  306.99   60.68        3.63328        0.00000
  284.83  -46.97        2.99955       -0.00000
  335.83    1.49       22.95253        0.00000
    9.95   11.38       23.83084        0.00000
  286.61  -56.87        2.14885       -0.00000
   39.02   -7.06       19.26279       -0.00000
  211.61  -28.85      -16.44859        0.00000
  322.79  -70.40        2.25631       -0.00000
  301.19   10.72       12.58756       -0.00000
  183.87   14.80      -23.47868        0.00000
   63.26   29.65        8.55434       -0.00000
   18.67   -1.36       23.83555        0.00000
   95.72  -16.15       -2.31606        0.00000
  348.49   45.94       11.92757        0.00000
   21.31   36.49       15.15735       -0.00000
   51.46   33.23       10.97510       -0.00000
  146.66  -43.94      -10.90474        0.00000
  159.80  -22.94      -20.03481       -0.00000
  267.71  -16.76       -0.92152       -0.00000
   40.98  -59.79        4.81301        0.00000
  324.01  -40.19       11.88436        0.00000
   51.90    0.64       15.53040       -0.00000
  110.69   -6.66       -8.77448        0.00000
   72.63  -20.10        6.62641        0.00000
  186.88  -38.06      -15.49403        0.00000
   67.39   32.27        6.91964       -0.00000
  323.51  -24.61       16.72957        0.00000
  159.77   17.57      -21.46853       -0.00000
  232.24   34.81      -10.39186       -0.00000
  266.49  -47.00       -0.71686       -0.00000
  280.53   38.83        2.79127       -0.00000
  277.96   16.17        3.21735        0.00000
   95.74   20.55       -2.20736        0.00000
  108.58   11.17       -7.72059        0.00000
  201.24   18.29      -21.15378        0.00000
   61.98  -31.64        8.57288        0.00000
  120.70  -49.22       -5.48145       -0.00000
   55.95  -77.24        0.68796       -0.00000
  124.17  -44.48       -7.19723        0.00000
   34.78  -43.84       10.75523       -0.00000
  285.62  -16.50        6.22955       -0.00000
  310.68   37.92       10.21123        0.00000
   11.99   16.18       22.71226        0.00000
  301.93   75.07        0.88350       -0.00000
  180.87  -70.55       -2.79181        0.00000
  130.97  -50.14       -6.78085       -0.00000
   55.19  -14.63       13.45471       -0.00000
  338.55   20.13       20.65544        0.00000
  251.37   48.80       -3.48964       -0.00000
   33.71   29.60       15.83293       -0.00000
  300.57   26.43       10.26592        0.00000
    4.82   -8.79       24.49940        0.00000
  161.03  -10.52      -23.01315       -0.00000
   84.39  -44.44        1.25364        0.00000
  131.94   -8.65      -16.44504       -0.00000
  309.11  -51.17        6.24315        0.00000
  327.54  -67.80        3.03348        0.00000
  223.22  -68.40       -2.48635       -0.00000
  291.04  -15.27        8.41133       -0.00000
  197.31    4.85      -23.86200        0.00000
   31.47  -11.14       20.66909        0.00000
  343.70   55.06        7.92700        0.00000
  181.67  -12.15      -24.04908        0.00000
  332.53    3.06       22.27307        0.00000
   60.74   49.60        5.16798        0.00000
  342.67  -23.54       20.19733        0.00000
   34.32   21.66       17.95909       -0.00000
  338.82   53.31        8.37822       -0.00000
   13.55   57.13        7.20873       -0.00000
  225.84  -38.46      -10.75481        0.00000
   35.09    5.35       20.42135       -0.00000
   62.19   21.00       10.23715        0.00000
  259.80   17.73       -4.04578        0.00000
  294.04   22.82        8.71153       -0.00000
  302.68  -45.15        6.76033       -0.00000
   47.95   -8.30       16.50910        0.00000
  226.03   46.08       -8.40910        0.00000
    7.23   -1.93       24.94621        0.00000
  168.02   46.14      -11.82416       -0.00000
  190.91   23.71      -20.72219       -0.00000
   40.94  -26.58       15.20958       -0.00000
   83.37   29.04        2.22051       -0.00000
  239.96  -23.38      -10.61853        0.00000
  299.12   19.54       10.87996        0.00000
  122.72   -4.51      -13.52181        0.00000
  206.54  -41.30      -12.71106       -0.00000
   28.52  -69.10        2.81415        0.00000
  165.51  -28.04      -18.98711        0.00000
   13.48   -5.23       24.27729       -0.00000
  284.74  -21.73        5.52759        0.00000
  154.67  -27.88      -17.77835        0.00000
  315.74   17.87       16.33188        0.00000
   76.58    0.60        5.84225       -0.00000
   62.06   54.97        3.88605       -0.00000
   51.41   22.07       13.48487       -0.00000
  220.02   11.93      -18.45514        0.00000
  221.32    4.97      -18.76382        0.00000
   79.52  -30.36        3.41014        0.00000
   18.07   16.12       22.08815       -0.00000
  354.20  -54.04        8.63572       -0.00000
  124.35  -20.22      -12.50845        0.00000
  332.77   42.55       12.14891        0.00000
  146.70   13.15      -19.95184        0.00000
  154.26   -2.30      -22.63917        0.00000
  154.05  -72.78       -1.98467        0.00000
   83.88  -44.58        1.36273        0.00000
  277.62  -67.41        0.49277        0.00000
  248.98   28.20       -7.01158        0.00000
  164.59   32.67      -17.19890       -0.00000
  101.62  -68.49       -0.68117        0.00000
  141.00   -8.40      -19.14547       -0.00000
  128.55  -35.04      -10.51667       -0.00000
  281.60   -7.21        4.98370       -0.00000
  317.69  -61.06        4.35956       -0.00000
   68.97   26.34        7.25700        0.00000
  165.76  -27.10      -19.33726       -0.00000
  153.99    0.34      -22.62392       -0.00000
   39.09  -34.35       13.31735        0.00000
  321.70   -6.66       19.48914       -0.00000
  100.72   52.75       -1.71634        0.00000
  338.72  -14.39       22.00832       -0.00000
  174.64  -14.51      -23.49030       -0.00000
   93.94   34.72       -1.16953        0.00000
  259.85   13.04       -4.20894       -0.00000
  358.13  -44.59       12.76186        0.00000
   57.21   52.45        5.06448        0.00000
   64.56   10.28       10.46962        0.00000
  144.98  -17.20      -18.81384        0.00000
  333.71   19.80       19.98090        0.00000
   15.96   -6.73       23.87108        0.00000
  127.84    8.27      -15.12324        0.00000
   12.97   49.80       10.22130        0.00000
   79.79  -42.99        2.38705        0.00000
  131.56   -1.41      -16.69138        0.00000
  101.47   44.56       -2.54112       -0.00000
  354.75   14.23       23.55431        0.00000
  230.27  -31.94      -11.58736       -0.00000
  304.33    0.33       14.19850        0.00000
    9.72  -33.58       17.22071       -0.00000
  222.15  -49.98       -7.71671        0.00000
   30.88  -76.43        1.18858       -0.00000
  199.03  -29.88      -17.89317       -0.00000
  289.54  -26.27        6.76909        0.00000
  315.85    1.94       18.04261        0.00000
  234.66   -8.94      -14.21045        0.00000
  110.46  -12.45       -8.39258       -0.00000
  169.69  -18.80      -22.19669       -0.00000
  173.28  -11.29      -24.04263       -0.00000
  272.68   -7.32        1.15840        0.00000
    5.43  -20.71       21.92744        0.00000
   73.72  -71.22        0.73153        0.00000
  186.27   -6.10      -24.74138       -0.00000
   54.28   16.72       13.48094       -0.00000
  176.09   -4.37      -24.96986       -0.00000
  247.48  -42.10       -5.30835       -0.00000
  219.18   16.52      -17.93474        0.00000
  238.63  -23.48      -11.02514        0.00000
   59.97  -27.75        9.86743        0.00000
   94.48  -63.89       -0.38041       -0.00000
  343.17   16.98       22.04130       -0.00000
  105.78  -43.74       -3.57361        0.00000
  141.84   32.08      -14.20992       -0.00000
  316.35   36.54       11.75893       -0.00000
  258.18  -51.16       -2.02893        0.00000
   75.68   13.03        5.91102        0.00000
   20.97    5.48       23.29328       -0.00000
    2.36  -10.05       24.38737        0.00000
  118.37   46.18       -5.73402       -0.00000
   18.69   15.37       22.17172       -0.00000
   48.54  -44.51        8.47710        0.00000
  230.08   61.52       -3.67386       -0.00000
  334.38  -57.23        6.65026        0.00000
  277.95   70.62        0.38374        0.00000
  340.46   69.60        2.88329        0.00000
  332.77    5.50       22.17794        0.00000
  175.28   -8.49      -24.54284       -0.00000
  327.91  -14.13       20.05673        0.00000
  164.65  -28.95      -18.58870        0.00000
  343.94   -9.50       23.53390        0.00000
  283.92  -40.47        3.50376        0.00000
  221.18   -7.94      -18.58595        0.00000
  220.72  -27.47      -15.02204       -0.00000
  256.89   75.87       -0.34015       -0.00000
  105.88   46.21       -3.29863       -0.00000
  336.80   72.74        2.03768        0.00000
    2.12  -16.09       23.22479        0.00000
   84.10   65.01        0.46180        0.00000
  327.59  -53.95        7.36204        0.00000
  241.57  -48.59       -5.24322        0.00000
  183.49  -23.37      -21.17447       -0.00000
   59.11   55.80        4.08288       -0.00000
  213.71  -15.44      -19.45713        0.00000
  230.13  -10.03      -15.64825        0.00000
  246.76  -15.82       -9.19516       -0.00000
  105.66  -16.52       -6.24612        0.00000
  345.37   48.32       10.77130        0.00000
  145.39    5.15      -20.55117       -0.00000
   47.17   29.49       12.96671       -0.00000
   76.87  -82.48        0.09796        0.00000
  299.43  -16.81       11.33632       -0.00000
   82.94   21.62        2.67455        0.00000
  142.80   23.77      -16.79474        0.00000
  285.72  -66.42        1.09106        0.00000
  148.29   62.45       -4.58285        0.00000
  201.53  -41.24      -13.24196       -0.00000
  185.67  -55.67       -7.96762        0.00000
   11.99  -25.23       20.15011       -0.00000
  268.77   51.60       -0.20872       -0.00000
  250.38  -13.08       -8.01917       -0.00000
  220.24  -32.02      -13.81288       -0.00000
  322.70   77.83        0.89064       -0.00000
    4.39  -21.39       21.76160        0.00000
  357.88  -67.14        3.79628        0.00000
  244.03   22.45       -9.41788       -0.00000
  183.02   39.40      -15.01048       -0.00000
   12.01   40.62       14.18484        0.00000
  281.34   -4.85        4.91404       -0.00000
  171.99   -4.71      -24.76064        0.00000
  174.82  -11.68      -24.04396       -0.00000
  286.16  -64.86        1.26514        0.00000
  256.02   55.58       -1.94258        0.00000
  275.55  -23.33        2.05389        0.00000
   76.51   37.23        3.72336        0.00000
  257.38  -78.41       -0.22202        0.00000
  122.37    0.12      -13.47688       -0.00000
  175.45  -22.24      -21.49888        0.00000
  142.64   59.20       -5.24556       -0.00000
  214.09   68.58       -2.78104        0.00000
   45.91   24.40       14.52752        0.00000
  155.70  -38.24      -14.15410       -0.00000
   19.52   40.83       13.58555        0.00000
   62.30   -4.48       11.63186        0.00000
  352.53   18.12       22.54590        0.00000
  237.18  -38.08       -8.45469        0.00000
  263.74  -21.13       -2.38902        0.00000
   23.19  -63.06        4.74882       -0.00000
   32.75  -39.62       12.56207       -0.00000
  315.15   10.76       17.22601       -0.00000
  296.82  -60.78        2.70622       -0.00000
  226.37  -39.80      -10.25284        0.00000
   89.50  -53.73        0.07753       -0.00000
  230.54   10.22      -15.49486       -0.00000
   87.57  -32.86        0.75195        0.00000
  312.22    3.43       16.85522        0.00000
  118.33    5.06      -11.85516       -0.00000
   11.72   60.36        6.02914       -0.00000
  238.93   30.41       -9.66225        0.00000
   88.25   26.18        0.61895        0.00000
    8.80   -7.30       24.47648       -0.00000
   12.47  -19.68       21.79280       -0.00000
  161.53   19.94      -21.10020       -0.00000
  189.95   43.39      -13.09343        0.00000
  111.11   41.95       -5.01422       -0.00000
  197.64  -78.65       -0.92981        0.00000
  188.73   12.70      -23.67964        0.00000
    5.52  -40.09       14.66640        0.00000
   16.51   48.87       10.44123        0.00000
  216.42  -37.00      -12.92106        0.00000
  177.88  -34.28      -17.17821        0.00000
  310.92   58.91        4.39741        0.00000
  225.92   16.30      -16.13233        0.00000
   18.46   50.91        9.49503        0.00000
  292.07  -62.64        1.99808        0.00000
  346.49   38.36       15.04902        0.00000
  263.94  -60.84       -0.63139       -0.00000
  161.50   11.35      -22.94808        0.00000
   13.44  -19.57       21.73895       -0.00000
  182.14  -22.29      -21.53730        0.00000
  244.04   -0.66      -11.02013       -0.00000
  125.32    5.22      -14.43402       -0.00000
  299.23  -39.01        7.42377        0.00000
  349.30   -5.20       24.53355       -0.00000
  313.12   26.62       13.75150        0.00000
  302.75  -44.85        6.84365       -0.00000
   36.36   80.79        0.51939        0.00000
  250.99   26.43       -6.57544       -0.00000
  247.77  -49.37       -4.03965        0.00000
  357.42  -16.51       23.11715        0.00000
   10.06  -53.95        8.58334        0.00000
   39.67   19.93       17.12596        0.00000
   47.04   64.66        3.14289        0.00000
  335.19   62.56        4.85278       -0.00000
  152.61   61.67       -5.03425        0.00000
   87.17   18.52        1.11761       -0.00000
   75.79   24.58        5.10953        0.00000
  264.95  -50.19       -0.90794        0.00000
  266.93  -41.80       -0.74931       -0.00000
  356.63  -36.70       16.15538       -0.00000
   57.04   -1.08       13.69316        0.00000
   45.88  -36.36       11.36474       -0.00000
  135.14  -37.34      -11.27916       -0.00000
  168.00   13.75      -23.23365       -0.00000
  355.06   -1.70       25.05889       -0.00000
  280.31   57.39        1.30852        0.00000
  136.34   37.03      -11.60755        0.00000
   61.81   25.82        9.63534        0.00000
  242.84   17.48      -10.45281        0.00000
  281.19   -0.68        4.88660       -0.00000
  319.27  -11.91       18.26357        0.00000
   40.12   62.35        4.14509        0.00000
  117.01  -42.69       -6.17548        0.00000
   18.14   33.20       16.75259       -0.00000
   74.66  -27.96        5.19486        0.00000
  144.46   64.22       -3.87497        0.00000
  358.96   -7.37       24.75662        0.00000
  227.60   42.15       -9.33102        0.00000
  217.10  -32.37      -14.32368       -0.00000
   38.25  -19.08       17.65731        0.00000
  204.83   61.56       -5.18120       -0.00000
  130.46  -14.59      -15.29988       -0.00000
  309.93   32.52       11.48677        0.00000
  301.40   70.57        1.45150        0.00000
  219.09  -22.18      -16.75504       -0.00000
  169.97  -21.30      -21.51853       -0.00000
  234.83   -2.59      -14.46948       -0.00000
   66.27   69.75        1.21327       -0.00000
   92.30   59.94       -0.25350       -0.00000
  271.37   12.02        0.57673       -0.00000
   54.39   38.11        9.07345        0.00000
   12.09  -58.78        6.61176        0.00000
  123.28  -11.67      -13.24829       -0.00000
   82.89  -19.15        2.78102        0.00000
  268.34   -8.91       -0.71280        0.00000
    9.39   23.69       20.82884        0.00000
   19.53    8.00       23.26553       -0.00000
   37.19  -24.19       16.68840        0.00000
  319.54  -28.94       14.67098       -0.00000
  118.68   24.17      -10.05452        0.00000
  122.75   27.17      -10.77870        0.00000
  118.28   -7.38      -11.72912       -0.00000
  100.57  -15.50       -4.28945        0.00000
  324.20   11.98       19.53790       -0.00000
  240.37   87.80       -0.01833        0.00000
   92.81   72.88       -0.10681       -0.00000
  335.71    1.09       22.93769        0.00000
   82.95   29.40        2.34665       -0.00000
  179.54    9.91      -24.42800       -0.00000
   94.87   37.90       -1.33011        0.00000
   10.01   68.96        3.19568       -0.00000
   79.74   55.89        1.41023       -0.00000
  133.60    5.34      -17.21095       -0.00000
   67.93  -19.86        8.36633        0.00000
  287.30  -42.57        4.06114       -0.00000
   69.46   -9.03        8.61628       -0.00000
  216.74  -25.45      -16.44912        0.00000
  102.45   55.08       -1.77890       -0.00000
   18.38  -29.81       17.98504        0.00000
  247.93   54.50       -3.18930        0.00000
   92.87    8.66       -1.23258        0.00000
   34.96   -0.13       20.63193        0.00000
  163.04  -48.46      -10.59030       -0.00000
   68.14   -9.14        9.13854       -0.00000
   94.74   -6.11       -2.05687        0.00000
  117.30   20.56      -10.12261        0.00000
  262.06  -42.75       -1.87568       -0.00000
   46.63   53.59        6.09146        0.00000
   75.13  -17.08        5.90435        0.00000
  216.35   38.16      -12.53581       -0.00000
  145.51  -64.56       -3.82813       -0.00000
   60.13   -2.48       12.51473        0.00000
   46.88   15.14       16.03395       -0.00000
  104.54  -13.84       -5.95810        0.00000
  106.41  -61.00       -1.67227        0.00000
  320.42   16.31       17.87349        0.00000
    2.45  -68.76        3.30190        0.00000
   85.50   25.07        1.61937        0.00000
   27.19  -59.47        5.77702       -0.00000
   99.13   41.05       -2.27190        0.00000
  184.62  -10.81      -24.21027        0.00000
    6.08  -50.31       10.20843        0.00000
  147.38   44.45      -10.80583       -0.00000
   49.96   23.02       13.71826       -0.00000
   40.37  -71.50        1.93028        0.00000
  304.54  -13.33       13.51295       -0.00000
   36.84   42.44       10.97411        0.00000
  124.10    0.94      -14.11030       -0.00000
  143.56    6.65      -19.98190        0.00000
   47.95  -33.94       11.60515       -0.00000
  256.73  -62.15       -1.26115        0.00000
  354.16   38.79       15.21363        0.00000
  328.15   17.89       19.36583       -0.00000
  328.33    3.09       21.36399        0.00000
  146.47  -29.34      -15.94698        0.00000
  292.81  -27.15        7.72674        0.00000
   57.36   11.86       13.00414        0.00000
   75.94   25.10        5.01604        0.00000
  185.15  -63.92       -4.84680        0.00000
  308.31  -81.54        0.33742        0.00000
  317.95  -14.36       17.54273       -0.00000
  191.17   13.35      -23.38118       -0.00000
  318.11   23.45       15.77177       -0.00000
  286.53   31.82        5.17023        0.00000
  212.75   28.26      -16.42633       -0.00000
  300.80   17.34       11.74632        0.00000
   93.82   27.50       -1.31950       -0.00000
  180.77  -24.58      -20.81601        0.00000
    7.92   51.15        9.81220       -0.00000
  312.11    5.49       16.72481        0.00000
    5.97    6.19       24.74694       -0.00000
  144.74  -38.04      -12.75032       -0.00000
  271.80  -20.53        0.69460        0.00000
  174.18   52.57       -9.25120        0.00000
  269.83  -30.11       -0.05655       -0.00000
  358.17    4.69       24.99340       -0.00000
  211.93  -52.97       -7.75086        0.00000
  174.68   62.75       -5.25496        0.00000
   56.17  -69.57        1.70769        0.00000
  245.48   15.32       -9.71685        0.00000
  307.86   -6.15       15.27490       -0.00000
  231.26   85.79       -0.08482        0.00000
  135.99  -27.54      -14.23503        0.00000
  244.67  -44.56       -5.46832       -0.00000
  321.51   50.80        7.87095       -0.00000
  190.39  -27.91      -19.33540        0.00000
  100.52    0.32       -4.59558       -0.00000
  126.09   54.32       -5.04489        0.00000
  204.78   59.34       -5.94426        0.00000
    5.82  -61.94        5.54193        0.00000
  161.95  -62.38       -5.14328       -0.00000
   55.78  -62.87        2.94447       -0.00000
  271.42  -88.20        0.00061       -0.00000
   42.39  -24.47       15.40417       -0.00000
   79.47   -5.71        4.55491        0.00000
  302.41  -71.26        1.39200       -0.00000
  173.95   31.96      -18.01988       -0.00000
  217.24  -37.73      -12.53716        0.00000
  315.69  -11.71       17.27164        0.00000
  191.90   72.03       -2.34481        0.00000
  139.26   27.28      -15.06672       -0.00000
  252.88   65.83       -1.24241       -0.00000
  245.43   22.10       -8.98647       -0.00000
   92.34  -43.83       -0.53508        0.00000
   50.03  -16.46       14.87514        0.00000
   92.15  -38.20       -0.58373       -0.00000
   97.89  -66.77       -0.53804       -0.00000
  300.58  -10.10       12.41275        0.00000
  244.40  -47.26       -5.00971       -0.00000
  134.87  -44.09       -9.16151        0.00000
  344.35  -43.31       12.83431       -0.00000
  314.16  -29.77       13.21461       -0.00000
  186.93    5.43      -24.76692        0.00000
   86.22   17.96        1.50283       -0.00000
  344.34  -22.05       20.82350        0.00000
  239.52    0.94      -12.76598        0.00000
  209.23   -1.01      -21.96157       -0.00000
  311.66    6.92       16.49252        0.00000
   56.46   11.20       13.38397        0.00000
  310.49   -5.09       16.21885       -0.00000
  303.98    0.99       14.06743        0.00000
  170.41   26.90      -19.74186        0.00000
   27.95  -40.95       12.68691        0.00000
  261.18   58.43       -1.05761        0.00000
  319.90   16.09       17.77694        0.00000
  344.11  -26.42       19.41992        0.00000
  284.70   -7.45        6.27914        0.00000
  251.67   72.92       -0.68267        0.00000
  132.24   -3.25      -16.86837        0.00000
  340.74  -31.02       17.45540        0.00000
  261.24  -10.40       -3.70740        0.00000
  319.96   35.65       12.72568       -0.00000
   66.06   -9.26        9.95083       -0.00000
   12.71   82.52        0.41668       -0.00000
  296.60  -13.73       10.63821        0.00000
  168.94   11.74      -23.68449        0.00000
  301.74   52.48        4.91194       -0.00000
  257.37   35.71       -3.62991       -0.00000
  178.59   21.05      -21.91867       -0.00000
  130.65    8.84      -16.01186        0.00000
  188.48   75.16       -1.63396       -0.00000
  310.78  -23.61       13.80527        0.00000
  314.66   46.81        8.28945       -0.00000
  329.56  -73.16        1.82106       -0.00000
  283.06  -11.39        5.46765        0.00000
  269.69   -5.63       -0.13506        0.00000
  348.96  -43.57       12.97092       -0.00000
  127.26  -47.11       -7.06130        0.00000
  292.49  -23.89        8.05028        0.00000
  318.61  -29.17       14.39823       -0.00000
   16.13    0.81       24.17812       -0.00000
  343.18  -40.85       13.78910        0.00000
  245.81    4.73      -10.24579        0.00000
   76.03   10.10        5.89103        0.00000
   60.41  -38.27        7.66335       -0.00000
  322.79   51.77        7.67750       -0.00000
  166.35   -6.97      -24.10322        0.00000
  340.60   51.66        9.13763       -0.00000
   45.02   18.43       16.01441       -0.00000
  130.02   14.45      -15.18057        0.00000
  105.25   16.38       -6.09640       -0.00000
   49.89   52.97        5.88157        0.00000
  236.89  -67.56       -2.00417        0.00000
  239.20   32.75       -9.11634        0.00000
  242.32   33.38       -8.15372        0.00000
  263.70    3.04       -2.75643        0.00000
   61.61  -34.00        8.22476        0.00000
   38.75  -33.21       13.74211        0.00000
  163.22   -4.45      -23.95758        0.00000
   45.90   37.65       10.98307        0.00000
  166.11  -49.24      -10.41890       -0.00000
  268.95   21.37       -0.40059       -0.00000
   68.53  -39.80        5.43834       -0.00000
  129.21  -34.36      -10.84403        0.00000
  147.13  -25.54      -17.21352       -0.00000
  316.42  -38.23       11.25285        0.00000
  351.69  -58.06        6.96988       -0.00000
  114.54  -51.02       -4.13674       -0.00000
   52.06   47.26        7.12899       -0.00000
   92.04   -4.12       -0.89097        0.00000
  315.26  -56.17        5.54127       -0.00000
   51.57    1.36       15.63756       -0.00000
    9.00   44.62       12.59862       -0.00000
  352.23   18.77       22.36118        0.00000
  266.74   -0.36       -1.43164       -0.00000
  212.58   -3.96      -21.11181       -0.00000
  160.59  -17.74      -21.53791        0.00000
  119.82  -12.29      -11.95085       -0.00000
   55.57  -28.36       11.02308        0.00000
   90.61  -57.22       -0.07827        0.00000
  145.79   61.07       -4.87032       -0.00000
    7.21  -15.12       23.27629        0.00000
   49.15   19.13       14.69732       -0.00000
  291.69   11.35        8.94465       -0.00000
  291.49   49.58        3.87714       -0.00000
  148.23   68.66       -2.83469       -0.00000
  172.17   -1.89      -24.91254        0.00000
  304.09   65.23        2.47765       -0.00000
  160.77  -27.15      -18.81908        0.00000
   87.42   25.37        0.92657        0.00000
  312.29   59.14        4.45732        0.00000
   45.47   19.45       15.69750       -0.00000
  359.17  -53.76        8.79529        0.00000
  147.31  -59.06       -5.60067        0.00000
  330.44    2.67       21.84956        0.00000
  130.06  -69.42       -2.00152        0.00000
   90.82   -0.33       -0.36048        0.00000
   10.94  -31.87       17.82518       -0.00000
  241.22   -2.71      -12.09329       -0.00000
  302.39    4.45       13.40345        0.00000
  132.93    2.51      -17.11306       -0.00000
  231.51   35.63      -10.35240       -0.00000
  337.49  -35.24       15.51496        0.00000
  243.62  -29.54       -8.46683       -0.00000
  320.90   -8.51       19.10894        0.00000
  335.68  -63.67        4.51347        0.00000
  174.08   27.60      -19.66543       -0.00000
  337.79  -10.26       22.56769       -0.00000
   92.90   49.69       -0.53239        0.00000
   59.85  -69.89        1.49544        0.00000
  142.21   60.03       -4.96471       -0.00000
    9.53  -52.83        9.06357        0.00000
  135.19    0.99      -17.85528       -0.00000
  291.81   73.42        0.76145        0.00000
  315.49  -20.61       15.72922        0.00000
   54.99   29.19       11.00614       -0.00000
  278.31  -36.93        2.32626        0.00000
  303.44   -9.43       13.50083        0.00000
  230.24   26.85      -12.81551       -0.00000
   16.36  -63.60        4.77656        0.00000
  305.13   27.06       11.48689       -0.00000
   23.03  -20.94       20.20838        0.00000
   66.67  -73.92        0.76514        0.00000
  227.10  -68.64       -2.27284       -0.00000
  293.39   27.59        7.85040        0.00000
  263.21  -16.34       -2.73952       -0.00000
  357.84  -10.33       24.34779        0.00000
   69.29   40.99        5.07169       -0.00000
   58.52  -25.80       10.65596       -0.00000
   95.46   21.49       -2.07349        0.00000
  222.43   26.45      -14.89473        0.00000
  154.20   51.64       -8.72790        0.00000
  322.81   65.24        3.51727       -0.00000
   99.71   34.52       -2.88217        0.00000
  351.27   55.08        8.15175        0.00000
   49.30   55.49        5.26790       -0.00000
  253.69  -25.28       -5.77913        0.00000
  219.45  -26.65      -15.52716       -0.00000
   97.53  -59.56       -0.84661        0.00000
  233.84   47.04       -6.89790        0.00000
   85.60   18.35        1.73817       -0.00000
  193.37  -10.06      -23.74470        0.00000
  306.28  -67.74        2.13733        0.00000
   35.79   49.79        8.51018        0.00000
   47.90   60.20        4.16995       -0.00000
  184.75  -80.49       -0.68469        0.00000
  318.62   -2.42       18.85609       -0.00000
  325.84   44.77       10.50015        0.00000
  322.98  -29.11       15.34203        0.00000
  119.96  -10.92      -12.11943       -0.00000
  328.18  -23.87       17.88927        0.00000
  248.86   49.18       -3.88025       -0.00000
   15.74  -48.20       10.76634       -0.00000
  344.55   -5.85       24.01249        0.00000
   90.05  -32.65       -0.01638        0.00000
  336.97   50.43        9.40280       -0.00000
  238.99    9.43      -12.62121       -0.00000
  275.93  -19.95        2.29749        0.00000
  301.55  -46.45        6.25128       -0.00000
  201.01   58.12       -6.55357        0.00000
  173.46  -10.40      -24.19621       -0.00000
  299.95   15.33       11.68972        0.00000
   39.85  -21.39       16.75692       -0.00000
  208.43   28.51      -17.09546        0.00000
   66.05    7.67       10.03596        0.00000
    9.10  -27.57       19.53309       -0.00000
  240.61  -61.86       -2.74802        0.00000
  137.31   29.52      -14.01156       -0.00000
  320.03  -78.25        0.80039        0.00000
  220.94   28.08      -14.80102        0.00000
  109.77    5.46       -8.43988       -0.00000
  126.63    5.47      -14.88535       -0.00000
  329.99  -15.09       20.32331        0.00000
   46.45  -50.86        6.91190       -0.00000
   46.19  -21.63       15.06027       -0.00000
  209.05   48.14       -9.80065       -0.00000
   96.73  -70.40       -0.33207        0.00000
  194.18  -57.05       -7.22215       -0.00000
  160.61   -6.27      -23.46351       -0.00000
  124.13  -27.80      -11.05099        0.00000
   99.09  -28.16       -3.09184        0.00000
  309.51   28.56       12.35587        0.00000
  325.85   26.34       16.73389       -0.00000
   77.45  -26.04        4.41678       -0.00000
  151.41    7.56      -21.72231       -0.00000
   30.44   25.15       17.78385        0.00000
   47.46  -69.98        1.99458        0.00000
  215.39  -19.71      -18.18954       -0.00000
  264.71  -10.76       -2.23965        0.00000
  240.43  -76.43       -0.68378        0.00000
  203.46    9.12      -22.51343        0.00000
  336.60    0.63       23.10087        0.00000
  297.70   40.64        6.73723       -0.00000
  332.07   24.22       18.49749        0.00000
  359.65  -21.04       21.93047        0.00000
  116.27   28.40       -8.62006       -0.00000
   86.85   58.29        0.38160       -0.00000
  352.78    3.46       24.88401        0.00000
    7.75    2.56       24.89470        0.00000
  104.36   18.68       -5.60455       -0.00000
  355.65   82.64        0.41174        0.00000
  359.23   37.30       15.92722       -0.00000
  233.83  -64.29       -2.79676        0.00000
  250.22  -34.86       -5.73732        0.00000
  153.21   80.91       -0.56044        0.00000
   98.38  -54.99       -1.20710        0.00000
  178.81  -43.58      -13.20733        0.00000
   73.16    7.86        7.15680        0.00000
   14.01   17.91       22.11424        0.00000
  109.44  -24.00       -6.99285       -0.00000
  301.48   46.77        6.16703        0.00000
  146.71   13.09      -19.96306        0.00000
  350.57    2.11       24.80051        0.00000
  319.22  -48.53        8.35896        0.00000
   54.36  -32.77       10.37125        0.00000
   80.73  -13.77        3.82592        0.00000
  320.42  -50.06        7.99724        0.00000
  187.83   25.21      -20.41513        0.00000
  328.30   62.40        4.59820       -0.00000
   75.53  -33.34        4.38948        0.00000
  310.02   16.02       14.95418        0.00000
  144.06   81.92       -0.40268       -0.00000
   81.27  -29.68        2.88395        0.00000
  333.70  -40.90       12.89304       -0.00000
  236.11    2.08      -14.01835        0.00000
  270.97   67.02        0.06482       -0.00000
  287.56    4.03        7.55861        0.00000
  168.79   30.54      -18.31698        0.00000
  205.41  -25.07      -18.65648       -0.00000
  328.98   31.83       15.57328        0.00000
  336.67    6.37       22.83112        0.00000
  127.26   -6.59      -15.03964        0.00000
  141.13   -5.61      -19.41209        0.00000
  137.05  -44.57       -9.34981        0.00000
  235.34   10.77      -13.81612       -0.00000
  271.36   16.63        0.54989        0.00000
  110.59  -58.69       -2.39106        0.00000
   15.44   -7.63       23.83761        0.00000
  202.01  -32.63      -16.55533       -0.00000
  296.14  -44.75        5.59429       -0.00000
   27.10   38.79       13.61512       -0.00000
   75.11  -60.09        1.60835        0.00000
  293.48  -34.95        6.73844        0.00000
  231.52  -53.95       -5.42638        0.00000
   31.24  -28.26       16.69878       -0.00000
  261.71    7.58       -3.56443        0.00000
  265.25   32.48       -1.48364        0.00000
   73.83   30.75        5.17741       -0.00000
  328.64   -5.00       21.33399       -0.00000
  308.16    5.64       15.40295        0.00000
  257.51  -40.55       -3.14379        0.00000
  116.77   33.12       -7.95224        0.00000
  304.27  -12.12       13.54880        0.00000
  322.10   60.57        4.79444        0.00000
  327.03   -6.88       20.81633        0.00000
   87.32   19.94        1.03944       -0.00000
  171.86  -46.04      -12.00678       -0.00000
    6.04  -70.83        2.70076        0.00000
  125.45   34.05      -10.02359       -0.00000
  346.16  -12.98       23.21005        0.00000
   62.97   68.35        1.55741       -0.00000
  198.18  -61.16       -5.56515       -0.00000
   59.87  -23.51       10.62785       -0.00000
  185.85   48.03      -11.20185       -0.00000
  297.60  -35.70        7.69209        0.00000
  138.92   64.87       -3.42148        0.00000
  167.57  -25.38      -20.06625       -0.00000
   88.25    7.21        0.75501        0.00000
  219.11   24.43      -16.19189        0.00000
  172.21   -6.14      -24.65645       -0.00000
  314.04  -19.78       15.49746        0.00000
  104.33  -14.29       -5.85145        0.00000
   69.15   19.20        7.98990       -0.00000
  188.51  -56.56       -7.56239        0.00000
  331.32   40.96       12.59381        0.00000
  177.95   11.18      -24.21277        0.00000
   54.07   30.64       10.93421       -0.00000
  188.88   62.24       -5.39640       -0.00000
  319.87    6.67       18.98732       -0.00000
  193.39  -63.00       -5.04671        0.00000
  209.60   31.89      -15.78067        0.00000
  349.13   23.66       20.74078        0.00000
  133.31   33.98      -11.87519        0.00000
  261.89   54.75       -1.18368        0.00000
   28.06   54.54        7.47713        0.00000
  210.94  -15.23      -20.10238        0.00000
  215.31  -30.05      -15.39340       -0.00000
  290.55  -65.55        1.51341        0.00000
  338.38   52.17        8.80257       -0.00000
  259.23    6.74       -4.63809        0.00000
   26.94   29.16       17.11532        0.00000
  273.82  -10.54        1.62255        0.00000
   45.96  -30.42       13.01578        0.00000
  173.94  -47.61      -11.37880       -0.00000
  114.06   -3.47      -10.22470        0.00000
  312.81   27.84       13.37583        0.00000
  351.14  -24.21       20.68982       -0.00000
  209.67   33.78      -15.11021       -0.00000
  331.39  -26.17       17.80250       -0.00000
    1.51  -77.43        1.19102       -0.00000
  258.28  -10.29       -4.94976        0.00000
  153.46   66.61       -3.55019        0.00000
  287.25  -23.46        6.28233        0.00000
  157.23    9.44      -22.58770        0.00000
  320.53  -25.28       15.89074        0.00000
  159.93   43.24      -12.54767       -0.00000
  339.08  -21.50       20.35590        0.00000
   43.65   11.53       17.48633        0.00000
   11.34   39.65       14.63195        0.00000
  280.88   73.22        0.39587        0.00000
  130.88    7.65      -16.18313        0.00000
  264.20   52.93       -0.92379       -0.00000
  240.66  -53.86       -4.29024        0.00000
   78.17  -31.37        3.76282        0.00000
   64.01   -7.84       10.82664       -0.00000
  256.30  -19.31       -5.30891       -0.00000
  179.33  -55.17       -8.21328        0.00000
   18.56   -3.44       23.77945        0.00000
   38.46  -78.27        0.81533       -0.00000
  147.87   43.48      -11.22378       -0.00000
  132.21   14.08      -15.91283        0.00000
  327.62   19.31       18.93559       -0.00000
  150.37   55.71       -6.94359       -0.00000
  157.58   -9.59      -22.62523       -0.00000
   88.35  -28.27        0.56374        0.00000
   85.87  -15.85        1.67982        0.00000
   86.43    9.44        1.52456        0.00000
  337.99  -28.77       17.93279        0.00000
   94.32   42.60       -1.02732       -0.00000
   83.99  -18.72        2.36515        0.00000
  304.23  -35.65        9.35031        0.00000
  284.51  -82.78        0.09948       -0.00000
  231.40  -57.23       -4.60050       -0.00000
  225.64  -15.38      -16.36141        0.00000
  267.10  -17.67       -1.15513       -0.00000
  103.11   25.37       -4.66253        0.00000
  322.05  -54.02        6.85244       -0.00000
  349.73  -39.49       14.75216       -0.00000
  335.09   -8.44       22.34118       -0.00000
  104.42    4.51       -6.23073       -0.00000
   21.41   44.88       11.76945       -0.00000
   73.21    3.30        7.24610       -0.00000
  186.28   12.88      -23.77961        0.00000
  209.98   16.20      -20.10916       -0.00000
  347.68   42.98       13.16257        0.00000
  124.40    9.06      -13.87192        0.00000
  117.53   15.23      -10.83371       -0.00000
   50.45   21.66       13.84654       -0.00000
  120.39  -54.37       -4.32286       -0.00000
  280.36  -10.64        4.37187        0.00000
   43.80  -26.20       14.62805       -0.00000
  173.80  -24.93      -20.57950       -0.00000
  216.62   43.04      -10.79469        0.00000
  180.91  -69.50       -3.08622        0.00000
   18.85  -32.80       16.83500        0.00000
  248.02   12.67       -8.96851        0.00000
  191.87  -20.64      -21.57572        0.00000
  226.21   20.83      -15.21772       -0.00000
  144.64    1.53      -20.51595       -0.00000
  323.00  -39.74       11.88832        0.00000
   83.88    2.99        2.67508       -0.00000
   60.58  -12.72       11.76647        0.00000
  115.73  -63.61       -2.15873       -0.00000
  337.17  -39.50       13.81655        0.00000
  160.19  -72.76       -2.08027        0.00000
  122.26  -62.83       -2.80255       -0.00000
   51.90  -26.11       12.52352        0.00000
  307.14   46.68        7.15336        0.00000
  319.14   -7.42       18.72152        0.00000
  272.74   57.04        0.35625        0.00000
  245.20    8.41      -10.33364       -0.00000
    7.61   -6.24       24.65768       -0.00000
  336.51    6.08       22.82944        0.00000
   47.46   24.77       14.03188        0.00000
   32.92    3.47       21.05376       -0.00000
  208.98  -13.77      -20.77537        0.00000
  117.63   50.56       -4.71170        0.00000
   12.75   -3.07       24.48289       -0.00000
  275.34  -42.58        1.27128       -0.00000
   70.69   44.89        4.17866       -0.00000
  183.95   26.97      -19.94887        0.00000
  242.61   34.50       -7.86524       -0.00000
    4.95   -8.51       24.53116        0.00000
   94.63  -62.02       -0.44752       -0.00000
  348.88  -25.55       20.10638       -0.00000
    4.01  -43.35       13.27921        0.00000
  263.12   43.01       -1.61218        0.00000
   91.78    4.66       -0.77572       -0.00000
  172.53   13.86      -23.52831        0.00000
  279.56   31.92        3.01126        0.00000
