  7.817613193941218E-019
  0.000000000000000E+000
 -2.805636909033069E-038
  1.077364573068699E-035
 -4.348682947896599E-004
 -9.591693688448149E-020
  8.978038108905822E-037
  7.341416578636532E-037
 -2.187769352042642E-019
 -1.078226375514303E-020
  9.352123030110233E-037
  2.684043783634453E-018
 -3.080591115824146E-019
  8.379502234978769E-036
 -2.931890569939558E-036
 -4.788286991416439E-035
  2.342608534761151E-016
 -3.650647632038223E-020
 -1.316778922639521E-035
  2.076171312684472E-036
  3.557713194221564E-018
 -6.573951667533989E-019
 -7.834741068474848E-036
 -1.571741176747901E-036
 -6.527559385856357E-020
  2.426009344907182E-020
 -2.487664726009322E-036
  1.465738675704906E-018
 -1.867913095119349E-019
 -3.486471465625095E-035
  1.068947662341600E-035
  4.941220679935480E-018
 -4.546491804550993E-019
 -1.608711288101305E-035
  4.699213499314227E-037
 -9.576573982832878E-036
  4.757188680087882E-016
 -2.685770956740924E-020
  3.591215243562329E-036
 -1.558531302967870E-035
  2.370156015672229E-018
 -4.508190172351068E-019
  4.021412902947400E-036
 -1.802855517129500E-035
  6.362689670849315E-018
 -1.105093126702603E-018
  7.819616932012091E-036
  1.439172092916294E-035
  7.820781947657782E-020
 -2.426009344907182E-020
 -4.863103975657321E-036
  9.234079171238699E-019
 -1.051577396472135E-019
  1.062401176220522E-035
 -9.127672077387586E-036
  3.814387095122159E-018
 -3.420257711708253E-019
  9.142518572697887E-035
 -2.156416912090488E-035
  8.601038286879599E-018
 -2.630087561905923E-018
 -3.074939922306445E-035
  5.656306025713323E-036
  4.788286991416439E-035
  2.256889537907764E-016
 -8.906899761659628E-021
  1.472398249860555E-034
  2.255732074862588E-035
  1.796455714559103E-018
 -3.540662810271253E-019
  5.671127405458845E-035
  9.071559339206925E-036
  5.109663629202362E-018
 -9.388204624404060E-019
  2.887088055548436E-035
 -1.550046808539186E-035
  7.523431833557027E-018
 -2.177908737522404E-018
  7.285028568157820E-036
 -1.966312707169550E-035
 -2.369791681696138E-019
 -9.164924191871579E-020
 -1.376632510032226E-035
  7.393358355152809E-019
 -6.139449753259301E-020
  3.920409974222209E-034
 -1.185849200217977E-035
  2.941322413927045E-018
 -2.731824813259069E-019
  1.012554360470035E-034
 -3.447908570818124E-035
  7.480088532058166E-018
 -2.286941793960285E-018
 -1.511439162362248E-034
  4.572447252562949E-035
  9.606156277886861E-018
 -4.023007276876785E-018
 -5.403940107384089E-035
  1.021143115530249E-035
 -7.661259186266302E-035
 -5.387304173938441E-016
 -1.307947034257635E-020
 -1.173130312897028E-034
 -2.543777464189983E-036
  1.514600167368331E-018
 -2.911915865413115E-019
 -4.189751117489385E-036
 -4.609661441541334E-035
  4.389690386453974E-018
 -8.505521129841867E-019
 -2.376678405949489E-034
 -1.046995014797639E-034
  6.787203996357603E-018
 -1.983501064151019E-018
  1.571032552503852E-034
 -2.519444249254694E-035
  1.061289580564051E-017
 -3.592552312477059E-018
 -5.043373349280894E-035
  1.778336368194255E-035
  1.345337654611984E-019
  2.264275388580037E-019
 -5.985358739270549E-036
  6.246174315543386E-019
 -3.073801457685228E-020
  1.077364573068699E-035
 -2.760746718488541E-035
  2.491817757469942E-018
 -2.225384426691793E-019
  2.654506600866488E-034
  1.900059145873708E-035
  6.422335956941048E-018
 -1.925048227347385E-018
 -1.928730709307113E-034
 -1.028919845138116E-034
  9.059325156899987E-018
 -3.801861937727308E-018
  9.941706746376268E-035
 -5.029306225576584E-037
  1.457926071385891E-017
 -4.812712471782432E-018
 -1.881062424154869E-034
  2.865296171209492E-035
 -4.213692552446467E-034
 -1.227719766913423E-015
 -7.572379937410359E-021
 -2.382172778229678E-034
  1.226998541550462E-035
  1.318365895715904E-018
 -2.192063656015268E-019
  4.010190355311268E-035
 -5.368118619283274E-035
  3.676756639646187E-018
 -6.530074480049681E-019
 -9.666588166997688E-035
  6.884024699002970E-035
  6.026964204315160E-018
 -1.675432849091639E-018
  5.433894365521335E-034
  1.496758521108810E-034
  1.019980609113516E-017
 -3.432599409323099E-018
 -4.368228464126987E-034
 -1.350212232155588E-034
  1.199267629441665E-017
 -4.945390748008988E-018
 -1.456068873380974E-034
  3.464808255054326E-035
 -1.201605275355567E-019
 -7.412806331660836E-021
  5.985358739270549E-036
  7.229341018421091E-019
 -6.877588460125435E-020
  6.943016137553837E-035
  2.689670583459703E-035
  2.221720428281305E-018
 -1.646002673261224E-019
  1.271888732094992E-034
  5.500217357083580E-036
  5.522570419350254E-018
 -1.622365520677552E-018
  3.806986257097654E-035
 -1.170277732714191E-034
  8.003686616651632E-018
 -3.326825593705011E-018
 -5.315287811865330E-034
  1.364041164115686E-036
  1.421571956695833E-017
 -4.731265554480904E-018
 -4.589452673036481E-035
 -4.455569945275527E-035
  1.003852176765845E-017
 -5.680121142693573E-018
  4.558759807139216E-035
  9.766345511679888E-036
  7.661259186266302E-035
 -1.080140732749455E-015
 -1.141590770292462E-020
  2.890928271067675E-034
  4.189751117489385E-036
  9.317235891882755E-019
 -2.075224379843158E-019
 -3.651068830955035E-034
  1.436486097424932E-035
  3.033292274222083E-018
 -5.188529999221919E-019
  1.187719624824000E-035
 -1.982124025462926E-035
  5.216605035592698E-018
 -1.451489821641150E-018
  7.668773763247919E-035
  4.464221315730885E-035
  9.329050767199049E-018
 -3.080128349324333E-018
  1.141121576730770E-033
  5.817614036918727E-035
  1.206805618943405E-017
 -4.977325622558605E-018
 -2.368506251877902E-034
 -5.796532990902232E-035
  9.873738121815041E-018
 -8.068056590927967E-018
  3.871344571099232E-035
 -9.513494050753030E-035
 -4.211398651551161E-019
 -3.975959759708994E-019
  4.189751117489384E-035
  6.751481620548459E-019
 -5.433627346707767E-020
  3.878512463047316E-034
 -4.636782598328653E-035
  1.944350397467424E-018
 -2.147463552459387E-019
 -4.153838965053761E-034
 -1.201280203217659E-035
  4.963598397618797E-018
 -1.371775246495936E-018
  2.782373502995670E-035
 -5.466516835617656E-036
  7.029949988511324E-018
 -3.082172513197726E-018
  2.874200985272799E-034
  2.644905057445800E-035
  1.313859759736644E-017
 -4.436608193838552E-018
 -2.608007871132557E-034
  2.639729019062712E-034
  1.010451346961923E-017
 -5.728442998712647E-018
 -7.343784074742551E-035
 -7.799103460497129E-035
  1.467050593024724E-017
 -1.013353668269401E-017
 -1.278797752120864E-034
  7.653238295188947E-036
 -1.340720357596603E-034
  9.024485206460840E-017
 -3.239386498909902E-020
  4.261575422360631E-034
 -5.326969277950789E-035
  8.695478252947564E-019
 -1.962202320152362E-019
 -4.593762832390146E-034
 -6.658711597438486E-035
  2.937594828856997E-018
 -4.707375238464961E-019
  6.097210130710666E-034
 -3.761289445941778E-034
  4.576013612864217E-018
 -1.396204682675604E-018
 -5.268357769398020E-035
  1.610413666746630E-034
  8.273388962942814E-018
 -2.890460774297731E-018
 -2.586654465266975E-034
  2.093456746241878E-034
  1.144926919019577E-017
 -4.703875730276725E-018
 -1.004618546547035E-034
  7.378532797402233E-035
  1.015255952761243E-017
 -8.251423378871225E-018
  3.167821219313754E-034
 -2.864560797552298E-034
  1.521686035465441E-017
 -1.185885396249527E-017
 -1.770014147593790E-034
  8.269453519109043E-035
 -2.791159994215504E-019
 -2.587743301234328E-019
  1.436486097424932E-035
  9.983049965232205E-019
 -7.016829334372986E-020
  6.763455375375720E-034
  3.748330910468181E-035
  1.616868968818176E-018
 -1.594208462139127E-019
 -1.322764281378791E-034
 -1.020223101354725E-034
  4.287606761648246E-018
 -1.341299854507544E-018
  3.208526369170219E-034
  7.619236736572803E-035
  6.466959382047468E-018
 -2.704925133466601E-018
 -4.332238383516537E-034
  1.313182191104640E-034
  1.205284507834501E-017
 -3.980854511991311E-018
 -2.378215518470490E-036
 -4.202441013457264E-035
  9.856397317422524E-018
 -5.378110963771470E-018
 -4.152985256574063E-035
  8.591516266581897E-035
  1.510714319218226E-017
 -1.046980575812727E-017
  1.143383272959130E-035
  9.541054130791061E-035
  1.646114427472997E-017
 -1.248248141168763E-017
  5.273297237070439E-035
 -1.128505522918526E-035
  2.681440715193206E-034
  1.602125789112948E-015
 -5.753729890961257E-020
  1.149188877939945E-034
  4.668579816631028E-035
  1.061568840038283E-018
 -1.612398689433164E-019
  3.196181566770473E-034
 -7.541552011480891E-035
  2.628682212891127E-018
 -4.597035879099597E-019
 -2.514598840336039E-034
 -5.364611573146982E-035
  4.175615654662407E-018
 -1.210192649665811E-018
 -4.752421599595966E-034
  8.384967381874489E-035
  7.455130736717523E-018
 -2.440354967335067E-018
  2.666610385173690E-034
  8.759778142900987E-035
  1.059577128204535E-017
 -4.336267915659203E-018
  1.539566909245518E-034
 -1.418534926858432E-034
  9.838826809662420E-018
 -7.840921737330573E-018
  1.458386046999890E-034
 -8.015135547983634E-034
  1.595015161888390E-017
 -1.238073588991536E-017
 -4.718321686628323E-034
 -3.790085987374293E-036
  1.695906546178209E-017
 -2.015137532035938E-017
  5.484232626671945E-035
 -5.311320702407019E-036
  1.739971183475657E-019
  9.704037379628730E-020
 -1.675900446995754E-035
  7.314216373044218E-019
  3.859341238239388E-020
 -3.333844817773696E-034
 -5.835724770788785E-036
  1.226061251897474E-018
 -1.063556104742239E-019
  6.294352884185391E-034
  3.632364584894815E-035
  3.713423087958728E-018
 -1.234076727961282E-018
 -3.046874922594763E-034
  2.437375145684127E-035
  5.586833530997648E-018
 -2.423958571248804E-018
 -6.017437251898439E-035
 -4.934001105206285E-035
  1.102828454298716E-017
 -3.518616700571903E-018
  8.535781896062482E-035
  4.014968705671965E-035
  9.021337026468917E-018
 -4.974725025864252E-018
  1.450280865984865E-034
  3.323488853959143E-035
  1.439832482640659E-017
 -1.011422740128055E-017
  3.746794541289779E-034
 -1.751969206287109E-034
  1.731103170749088E-017
 -1.313750754724060E-017
 -3.817309859196228E-034
 -3.658818634273371E-034
  1.644804502782115E-017
 -1.662902607575758E-017
 -1.357868691107478E-034
  4.265634905382163E-035
  5.745944389699726E-035
  2.322337878901483E-015
 -5.893862772725547E-020
 -1.053423138111617E-034
 -4.548872641845617E-035
  8.115752608781359E-019
  1.727421584803342E-020
  6.868199153312955E-035
 -4.219677911185737E-035
  2.356226212363025E-018
 -3.393437225028705E-019
  9.756321787471597E-034
 -7.403140590635261E-035
  3.636843980236884E-018
 -1.109511004295792E-018
  1.170418197218295E-034
 -1.759321384424337E-034
  6.717089237681189E-018
 -2.330784149958997E-018
  4.067546998918395E-035
  6.585356110744375E-035
  9.621109940566380E-018
 -3.945334874891491E-018
 -2.840951074855043E-034
  1.800149532466940E-034
  9.089257439525704E-018
 -7.353494795426037E-018
 -7.547763090154410E-034
 -4.716512445863234E-034
  1.551756706309323E-017
 -1.204888645571663E-017
  1.734569450424478E-034
  4.171596226531268E-035
  1.806322831507696E-017
 -2.128713314066682E-017
 -1.299648569000562E-034
 -4.826459330334717E-034
  1.581058767223270E-017
 -2.536469932657827E-017
  3.742980521924682E-036
  2.320918844134948E-034
 -2.983624500752460E-019
 -1.832984838374316E-019
  3.112386544420685E-035
  3.587134010574082E-019
 -8.888927737521528E-020
 -4.381282597146042E-034
 -5.925505151877843E-035
  1.611122559286176E-018
 -1.457757534992649E-019
  5.641200611762492E-035
 -6.411815549443574E-035
  3.577221203919919E-018
 -9.875542197745868E-019
  8.043573975737210E-034
  8.921925370725162E-035
  5.375125825574450E-018
 -2.213754410104165E-018
 -1.163685399271228E-033
 -3.583258632640618E-035
  1.018552168552577E-017
 -3.431186627875682E-018
 -3.958184097593074E-034
  2.147899653265934E-036
  8.561494128387334E-018
 -4.645035347600549E-018
 -1.134794005814561E-033
 -5.398391202175770E-035
  1.374661470666627E-017
 -9.618881877463398E-018
 -3.986989895415469E-034
  1.976617378929698E-035
  1.690730575825746E-017
 -1.286988987974987E-017
 -1.770436544377048E-033
  4.455811067842183E-034
  1.752523134655067E-017
 -1.782628312839288E-017
  2.936966138585819E-034
 -2.045965951542799E-034
  4.647381986118613E-018
 -2.538489024558166E-017
  8.300744137579681E-035
  1.090943138134920E-034
  7.661259186266302E-035
  1.436025015964970E-015
  1.942484037511774E-020
 -9.768105462489535E-034
  1.675900446995754E-035
  6.772175883839277E-019
 -2.367091454661738E-020
  4.907994166201850E-035
 -2.858008798001687E-035
  1.886297769910782E-018
 -4.272832612243015E-019
  3.603560045962074E-034
 -3.628623735682770E-035
  3.598677015784632E-018
 -9.487325689377001E-019
  3.308956480359815E-034
  3.313690992643808E-035
  6.426383637466906E-018
 -2.291391965338994E-018
  2.012155847884714E-034
  1.472672283504616E-034
  8.816298463096370E-018
 -3.576464525213080E-018
 -2.314698981500154E-034
 -2.031088536060575E-034
  8.377207605450900E-018
 -6.972959296075974E-018
 -3.399269089191563E-034
  2.311980514564669E-034
  1.470650451269749E-017
 -1.130975077547265E-017
  2.950587982135660E-035
  1.867971673287426E-034
  1.756752906807863E-017
 -2.097874582266793E-017
 -7.607743543985678E-035
  6.224869624054073E-034
  1.706176442026820E-017
 -2.734494778727733E-017
  2.864848778071406E-035
  5.290454705683576E-034
  2.077594512824764E-017
 -2.012327185668781E-017
  4.413305443961965E-036
  7.649531165512666E-035
  6.859188655669776E-019
 -2.156452751028607E-020
  2.394143495708220E-035
  1.267559549837588E-019
 -8.400703177304383E-020
  7.948556405751289E-034
 -6.703601787983015E-035
  1.371362405215707E-018
 -4.957508503307166E-020
 -7.394910722368763E-034
  1.315282582954703E-034
  3.299510441944079E-018
 -9.027640615522075E-019
  2.743164727191933E-034
 -4.893194431506700E-034
  5.000129166511129E-018
 -2.028474760905897E-018
 -7.994706210366437E-034
 -7.460378506117981E-035
  9.653451046139215E-018
 -3.189826247639000E-018
  1.719627901052713E-034
  1.489681913912261E-034
  7.779250367137153E-018
 -4.488174939536634E-018
 -7.619790517919479E-034
 -7.681775139935052E-034
  1.297508883605130E-017
 -8.859363578926400E-018
 -4.395943195557531E-035
 -3.412639104311218E-034
  1.604933820341500E-017
 -1.244702530714777E-017
 -7.982623634048606E-034
 -8.447837931869999E-034
  1.739502771630446E-017
 -1.758092380626889E-017
  6.884909231026451E-034
  2.341432465776081E-034
  4.961417981825047E-018
 -2.768678024686980E-017
 -1.426801137621146E-034
 -4.049648947000902E-034
  5.730333711950801E-018
 -2.679302362627269E-017
 -5.927117743550303E-035
 -7.886260482526218E-035
  7.661259186266302E-035
 -8.151822689438339E-016
  5.060105008877670E-020
 -1.915314796566576E-034
  7.661259186266302E-035
  1.147775052328784E-018
 -1.923714403856849E-019
  9.792046897446618E-034
 -5.211002952377421E-035
  1.594253465415800E-018
 -1.794920226852440E-019
 -1.994059672480104E-034
 -1.646721823141810E-034
  3.559145816058951E-018
 -8.865642391792207E-019
  4.085989312470311E-034
  2.167857188840915E-034
  5.804101371534676E-018
 -2.087134609911872E-018
  2.305843745659827E-034
  3.930195363577074E-034
  8.278856665710185E-018
 -3.295470852815547E-018
 -7.488479552373203E-034
  2.379959390597466E-034
  7.719545375539219E-018
 -6.641748719074814E-018
  2.743495944722689E-034
 -3.150941658129580E-034
  1.371629474403615E-017
 -1.082289477224946E-017
  2.351949084556598E-034
 -6.708037269137732E-034
  1.694896973892146E-017
 -2.034370300785522E-017
  4.747568674502761E-034
 -4.967860500353103E-035
  1.683349509553351E-017
 -2.701526847439087E-017
 -1.164261812369030E-034
 -1.367241728843761E-034
  2.265958024328247E-017
 -2.170500069881023E-017
 -5.809311753245889E-035
 -1.993592808747319E-034
  1.232986527549965E-017
 -2.175332496182299E-017
 -1.313135408003748E-034
  9.848686591386660E-035
 -7.714542582655882E-019
  4.312905502057214E-020
  2.394143495708219E-036
  3.584188903102902E-019
 -1.308265614928731E-019
 -1.005540268197452E-034
  2.394143495708219E-036
  1.017298319768704E-018
  1.455178304773870E-020
 -6.337746735045102E-034
  4.219677911185737E-035
  2.924685914390788E-018
 -1.024139479463094E-018
  7.034947506939820E-034
  1.248321382059114E-034
  4.656339317292878E-018
 -1.834323294163523E-018
 -9.286634788591886E-034
  3.201773844088634E-034
  8.882049742302892E-018
 -2.918054692948465E-018
  1.355619458598947E-035
  7.432897146467079E-034
  7.247217467315614E-018
 -4.158533192342184E-018
  1.300158351951824E-034
  3.315702000196655E-035
  1.231506442612320E-017
 -8.294804290895361E-018
  8.402546358350116E-035
 -2.946758510766082E-034
  1.530777244622473E-017
 -1.151795956735809E-017
 -1.045642520734857E-033
 -1.303756566430743E-033
  1.678039125831180E-017
 -1.687619086457993E-017
 -3.446214523266970E-034
 -1.560395497229215E-033
  5.014597377084058E-018
 -2.738295447215843E-017
  2.620937482690878E-034
  4.637548239458969E-034
  6.238329376087803E-018
 -2.931949383672555E-017
  1.325931947512243E-034
 -4.295943710233138E-036
  2.615304505588396E-017
 -2.721339408822717E-017
  6.142866258700019E-035
  8.034712229923768E-035
