 -1.309297224215433E-037
 -1.976398298097598E-022
  4.184522117646252E-004
 -2.514694116637330E-020
  1.589860915118740E-037
  4.043348908178637E-021
 -1.285004974976180E-020
 -4.436128967210440E-019
  4.301976593850707E-037
 -4.167679081351418E-020
 -1.063697275104248E-016
 -2.618594448430865E-037
 -1.197071747854110E-036
 -5.346734585822945E-020
 -4.008172842445586E-019
 -9.516159695500162E-021
  0.000000000000000E+000
  5.391131877571517E-021
 -8.269649315973644E-020
 -7.225408526043884E-019
 -1.482311500272472E-036
  4.114934133248502E-036
 -5.795228354489349E-020
 -3.727990485066750E-019
 -3.740849212044093E-037
 -2.814300685648373E-020
  2.461051702111398E-018
 -8.042825805894799E-037
  3.591215243562329E-035
 -1.322529285417210E-019
 -7.278028124611762E-019
  4.582540284754014E-037
 -1.062868782372028E-035
 -1.362963007006847E-020
 -3.527980396733454E-019
 -7.279789310547019E-021
  2.992679369635274E-037
  0.000000000000000E+000
 -6.257298960633563E-020
 -5.613386600775560E-019
  0.000000000000000E+000
  5.985358739270549E-037
 -7.476458828419606E-020
 -7.655286365310983E-019
 -1.331216262567253E-037
 -1.392297316107661E-036
 -4.616441149156419E-020
 -3.216523951109554E-019
  4.863103975657321E-037
 -1.997290770796001E-020
  1.510972531326969E-016
  1.833016113901606E-036
  2.154729146137397E-035
 -1.156545014963012E-019
 -6.087577092997917E-019
  1.776903375720944E-037
 -2.020058574503810E-036
 -1.277770258007235E-019
 -7.945787298097674E-019
  9.046717762408195E-037
 -1.977827893945969E-037
 -2.307310171151993E-020
 -2.721265737006930E-019
 -3.941418873135890E-021
  1.197071747854110E-036
  0.000000000000000E+000
 -5.886859146612723E-020
 -3.938824118837148E-019
 -2.992679369635275E-036
 -6.583894613197604E-036
 -6.533866909671695E-020
 -7.162930136854163E-019
 -4.953702667511514E-037
  4.774258806871274E-036
 -2.531268387763858E-019
 -8.884037545139639E-019
 -1.855674919797800E-037
 -2.541466832230396E-036
 -1.140752235077153E-019
 -3.118209597146797E-019
 -1.122254763613228E-036
 -1.701895056261267E-020
  2.048414468202074E-016
 -1.645973653299401E-036
 -1.436486097424932E-035
 -8.800772285343787E-020
 -4.903053746670143E-019
 -1.402818454516535E-037
  3.232093719206096E-035
 -1.264410353460258E-019
 -7.841949889246713E-019
  1.517162771251867E-036
 -9.001418416481099E-038
 -1.701290317252224E-019
 -6.590956029496341E-019
 -3.261108247092713E-036
 -1.381949703419072E-036
 -1.278073475069694E-019
 -2.763822075730211E-019
  1.642514535330408E-021
 -4.489019054452911E-037
  5.391131877571517E-021
 -4.038492690858078E-020
 -3.614640232271049E-019
 -3.067496353876156E-036
 -9.576573982832878E-036
 -5.910477941663811E-020
 -6.027779909112750E-019
 -1.690396237692425E-036
  5.854429016849006E-036
 -2.703206000879128E-019
 -9.131512093054818E-019
  1.615666016311685E-036
 -3.240240295126856E-035
 -3.048427564602724E-019
 -7.410175119560525E-019
  2.100264131708254E-037
  8.308745267405514E-036
 -1.048697801049713E-019
 -2.857512024050313E-019
 -2.992679369635274E-037
 -1.374853714256579E-020
  1.015204043865492E-016
  1.421522700576755E-036
 -1.915314796566576E-035
 -7.662381524433944E-020
 -4.107452328281587E-019
  1.589860915118739E-036
 -6.883162550161131E-036
 -1.172836969815041E-019
 -6.971202578491474E-019
 -1.135990694313702E-036
  5.473330003372013E-036
 -1.939068428072366E-019
 -7.009961321823035E-019
  4.017746030489794E-036
 -2.339261876848319E-035
 -2.498274985575508E-019
 -7.037470833157254E-019
  3.323376974307877E-037
 -1.920241863892236E-036
 -1.587304610903396E-019
 -2.106930129992679E-019
 -4.175951792511936E-021
 -4.489019054452911E-037
  1.617339563271455E-020
 -3.101736065107679E-020
 -2.969025295400251E-019
  1.795607621781164E-036
 -9.576573982832878E-036
 -5.600815786006148E-020
 -5.279714333332792E-019
 -2.260875742529149E-036
  1.623528558027136E-035
 -2.509147304576951E-019
 -8.478800489781801E-019
 -1.135515781816080E-036
  1.619378553432525E-036
 -3.378279063266288E-019
 -8.013911656354977E-019
  2.247938943435251E-036
 -2.811501964217053E-036
 -2.783185543891095E-019
 -8.305334316129308E-019
 -2.707341058023721E-036
  4.216202581031025E-036
 -9.485378631393959E-020
 -2.047251119774972E-019
  2.992679369635274E-037
 -1.461757856340683E-020
 -9.653899853167315E-017
 -5.985358739270549E-037
 -9.576573982832878E-036
 -6.864749832156024E-020
 -3.550913610135007E-019
 -1.720790637540283E-036
  5.386822865343493E-036
 -1.083226888679487E-019
 -6.172111868694272E-019
 -5.284534019701663E-036
  7.883839714382925E-036
 -1.872809285923644E-019
 -6.650837470592002E-019
  6.127850754422678E-036
 -1.247346715487069E-035
 -2.734934353476678E-019
 -7.906704795091035E-019
  3.419265096860690E-037
 -5.763848091402852E-036
 -2.871676912756964E-019
 -6.187555701760123E-019
  1.366903166538718E-036
 -3.962264304151283E-037
 -1.478828889985740E-019
 -1.188238288889922E-019
 -2.256825101296426E-021
 -5.985358739270549E-037
 -5.391131877571517E-021
 -3.394848835692190E-020
 -1.928209948204171E-019
  2.394143495708219E-036
 -9.576573982832878E-036
 -4.108564385933976E-020
 -4.843915436962726E-019
  2.193072850560850E-036
 -3.291947306598802E-036
 -2.410151133645477E-019
 -7.788280660175273E-019
  3.484761780633653E-036
  1.884452790567212E-036
 -3.283217807805229E-019
 -7.931232367583008E-019
  4.736034058895544E-036
  4.859583230122060E-036
 -3.189782768229779E-019
 -9.668859883926114E-019
  1.559388385886131E-036
 -1.166243176950357E-036
 -2.670186556642935E-019
 -4.911014869427255E-019
 -5.099027884709460E-036
  3.203625203253903E-036
 -1.880477483804028E-019
 -1.640462262987515E-019
  8.978038108905822E-037
 -8.066986719242139E-021
 -2.465256784975903E-016
 -1.496339684817637E-037
  0.000000000000000E+000
 -5.498066620062392E-020
 -3.364342997350288E-019
  2.618594448430865E-036
  1.496339684817637E-035
 -9.083847574223942E-020
 -5.674644757103890E-019
  5.371625665419565E-036
  3.376116413869794E-035
 -1.759828300013879E-019
 -6.282731421707223E-019
  3.868600673904622E-036
 -4.218465057730269E-036
 -2.690272693964859E-019
 -7.854858354206658E-019
 -4.001862148192498E-036
  1.916616410711202E-035
 -3.264458644798032E-019
 -7.253481672404627E-019
  2.447303898580296E-036
 -2.293941507338376E-036
 -3.541684389312854E-019
 -3.958994130860643E-019
 -4.018110641520451E-036
  5.235320966078618E-036
 -1.004343657760189E-019
 -1.762960943772312E-019
 -6.196902224579954E-021
  4.189751117489385E-036
 -5.391131877571517E-021
 -2.716145972437999E-020
 -2.332623116377459E-019
 -2.094875558744692E-036
 -1.436486097424932E-035
 -3.071349886078056E-020
 -4.101983730003364E-019
 -2.281918019346897E-036
  7.481698424088186E-036
 -2.131412579359250E-019
 -6.967899072272411E-019
 -2.166916131461010E-036
  8.217009097330603E-036
 -3.006645676999935E-019
 -7.396444353281754E-019
 -1.856400987943205E-036
 -1.196651632952366E-035
 -3.326267722921744E-019
 -9.802206280632780E-019
 -1.893751400320096E-037
 -4.680335513480613E-036
 -3.118776121669992E-019
 -5.740923113966735E-019
 -1.027176704175311E-035
 -1.032324489493453E-035
 -4.109939040309635E-019
 -5.427242932487885E-019
 -1.938530872968376E-036
  1.387193406209430E-036
 -8.782323842202380E-020
 -2.354102020525197E-019
 -8.978038108905822E-037
 -5.223065077518796E-021
 -2.353768177747725E-016
  3.591215243562329E-036
  0.000000000000000E+000
 -5.234266051446773E-020
 -2.709973373466281E-019
  2.843045401153511E-036
 -3.591215243562329E-035
 -9.248481415844597E-020
 -5.184121413345015E-019
  2.468960479949101E-036
  4.114934133248502E-036
 -1.554724649803924E-019
 -5.775281566782133E-019
  5.103482762915623E-036
 -1.708866680676892E-035
 -2.478362971800724E-019
 -7.570274816673684E-019
  4.018155870842309E-036
 -3.056167179251375E-035
 -3.296253541462831E-019
 -7.547316257196627E-019
  1.840651852746881E-035
 -7.977788711984415E-037
 -4.196656969677649E-019
 -4.930185535167201E-019
 -2.205882930599251E-035
  7.362453976809754E-036
 -3.866406195804872E-019
 -5.238972385398007E-019
 -3.623105451231123E-037
 -4.546780357140501E-036
 -2.069419605532338E-019
 -2.359013034729703E-019
 -1.140422393572583E-023
  2.693411432671747E-036
 -2.156452751028607E-020
 -2.617968069243552E-020
 -2.007163317610929E-019
  1.795607621781164E-036
 -1.915314796566576E-035
 -3.161264673659457E-020
 -3.552476851611859E-019
  4.816343360506769E-036
 -2.708374829519923E-035
 -1.977485418554295E-019
 -6.366997439033631E-019
  5.240111435308639E-037
 -1.357928263972006E-035
 -2.952599694876824E-019
 -6.906026388226724E-019
  4.231780873529001E-036
  6.912935910589021E-036
 -3.172723606844553E-019
 -9.475617558814887E-019
 -2.155060585971225E-036
  1.371036876361317E-035
 -3.255154625521491E-019
 -5.997071295989468E-019
 -2.171185793053459E-035
  3.756306981493155E-036
 -4.993285213691470E-019
 -6.836849485832644E-019
 -1.205232772998751E-035
  2.291800836446548E-036
 -3.721001365566363E-019
 -5.535468686636064E-019
 -4.912268998239186E-036
  1.571084924309514E-037
 -1.847504192746287E-019
 -1.176856048164970E-019
 -8.978038108905822E-037
 -9.522801855999749E-021
 -6.197106093268459E-017
 -2.094875558744692E-036
 -9.576573982832878E-036
 -4.327266177509171E-020
 -2.501575092808764E-019
 -1.945241590262928E-036
  3.351800893991508E-035
 -7.414618195469566E-020
 -4.607058765816328E-019
 -5.344738311707998E-036
  2.656002940551306E-035
 -1.403129626738594E-019
 -5.260479124333242E-019
  5.868749455238861E-036
  3.374713595415277E-035
 -2.340058120893430E-019
 -7.101223059827643E-019
 -4.086788718064867E-036
  6.457298467316869E-036
 -3.172922958564963E-019
 -7.346399687933784E-019
  2.586789634810676E-037
  1.322728243397376E-035
 -4.353833914453876E-019
 -5.170693775426788E-019
  1.006796220552397E-035
  1.882400579393512E-035
 -4.971937547280498E-019
 -6.580390529138560E-019
 -8.087934890017783E-036
 -4.947477513958547E-036
 -5.969622005257699E-019
 -5.329190580742131E-019
 -8.415184707330059E-037
  1.942894625055902E-036
 -1.795080558649366E-019
 -1.223477391017353E-019
  4.076602390480419E-021
  2.992679369635274E-037
  5.391131877571517E-021
 -1.065145608532614E-020
 -2.566981351035637E-019
 -4.189751117489385E-036
  1.915314796566576E-035
 -3.505761947539522E-020
 -3.343801238391809E-019
  2.244509527226456E-037
 -7.511625217784539E-035
 -1.821035322628503E-019
 -6.013238855612324E-019
 -3.062235784671719E-036
 -3.772646430346467E-035
 -2.727370465897142E-019
 -6.316317206261708E-019
  4.265737117109030E-036
 -4.247471251815846E-035
 -3.097245423639888E-019
 -9.117761615154010E-019
  1.011011020430585E-035
 -1.393414387931997E-036
 -3.393513746743281E-019
 -5.902916273978988E-019
  1.892514371126782E-035
 -7.692684068327589E-036
 -5.235018210060617E-019
 -7.255845732485872E-019
  5.084951052488606E-036
 -1.176502783621127E-035
 -4.865441413580981E-019
 -6.826693953832837E-019
 -9.580303367589358E-036
 -2.200543384756545E-035
 -4.722269680001537E-019
 -4.262513436324017E-019
 -5.514569928467587E-036
  1.404888819993023E-036
 -1.487634376479143E-019
 -1.016442555764831E-019
  5.985358739270549E-037
 -9.281966845203876E-021
  1.644295222659313E-016
  1.197071747854110E-036
 -9.576573982832878E-036
 -4.594043588900688E-020
 -2.259557709048751E-019
 -8.978038108905822E-037
 -2.154729146137397E-035
 -7.634336497849310E-020
 -4.229941400781956E-019
 -3.086200599936377E-035
  8.229868266497004E-036
 -1.344849970208080E-019
 -4.760402238448975E-019
 -2.862918662592495E-036
  1.061465963917511E-036
 -2.334970319745758E-019
 -6.905635315970077E-019
 -1.856369022678942E-036
 -8.831874654829765E-036
 -3.071597092264975E-019
 -7.165497013040387E-019
  7.833739870733464E-036
  1.500467970156798E-035
 -4.345619989646290E-019
 -5.241578393377957E-019
  1.091124788512451E-035
 -2.272564837896629E-035
 -5.477833561784028E-019
 -7.065395994736848E-019
 -2.120998773652509E-035
 -9.194111144652942E-036
 -7.541887613276350E-019
 -6.604261947414628E-019
 -1.749778310194108E-035
 -3.178349341292469E-036
 -6.227420895345782E-019
 -3.901925255530270E-019
  3.454792557573997E-036
  1.986231188071536E-036
 -2.054753072295676E-019
 -1.843101662269881E-019
  4.307715147062831E-021
 -1.197071747854110E-036
  1.886896157150031E-020
 -2.335037084660687E-020
 -2.238214467686455E-019
  2.394143495708219E-036
 -9.576573982832878E-036
 -2.565279487830090E-020
 -3.260921034157312E-019
 -6.546486121077162E-037
  2.513850670493630E-035
 -1.618761555389826E-019
 -5.595216192654774E-019
  8.744235033153068E-037
  1.193330898642066E-035
 -2.487584063945845E-019
 -6.102736226034185E-019
 -6.949358045983630E-036
  7.610757721903706E-035
 -2.857253833280749E-019
 -8.547795867644430E-019
 -1.010988245179797E-036
  1.215634433458308E-035
 -3.244685186367629E-019
 -5.824879700027893E-019
  7.578634247420292E-037
  1.150919591152051E-035
 -5.196207058076139E-019
 -7.519598587556101E-019
  8.228519857384908E-036
  2.206548566045648E-035
 -5.380029282645602E-019
 -7.312621281335534E-019
 -5.662018623324264E-035
  3.091116368290164E-035
 -5.924945999202141E-019
 -5.609353095293898E-019
 -6.303728812018119E-036
 -2.023806655539073E-036
 -5.758848100472474E-019
 -1.427495254089361E-019
  4.886488349638141E-036
 -6.960673515525390E-037
 -2.433003745152275E-019
  1.929318108172113E-020
  1.197071747854110E-036
 -5.235175918817782E-021
  2.923017792700501E-016
 -5.985358739270549E-037
  0.000000000000000E+000
 -2.572804767243139E-020
 -2.288589080416499E-019
  0.000000000000000E+000
 -3.351800893991508E-035
 -7.029124998871248E-020
 -3.751380057303914E-019
  6.415556398655620E-036
 -3.291947306598802E-036
 -1.413667242419401E-019
 -4.761384148616892E-019
 -1.108694185219568E-035
 -1.338756411760280E-035
 -2.157893433414560E-019
 -6.271988376414247E-019
 -5.660262868782459E-036
 -7.108892113454299E-036
 -2.890911123750696E-019
 -6.843132034166199E-019
 -2.119960585279283E-036
 -5.524875989825234E-036
 -4.317801988220781E-019
 -5.124352760358391E-019
  4.320193515677568E-036
 -7.002606536169460E-036
 -5.663437219115888E-019
 -7.180872342716901E-019
 -1.142463451402657E-035
  3.294748003243780E-036
 -8.298672351112591E-019
 -7.172007560374950E-019
  1.221643534072446E-035
  2.271265040974011E-035
 -8.323581399532848E-019
 -5.174597992185849E-019
  4.839407048368736E-037
 -8.644960900293824E-036
 -4.831821119215905E-019
 -4.874851523350626E-019
  5.893110480297900E-036
  4.984643336074544E-037
 -8.242551984312102E-020
 -9.878403218699866E-020
  2.420154065808042E-021
  0.000000000000000E+000
 -1.347782969392879E-020
 -1.307563844874805E-020
 -1.232035268423043E-019
  8.379502234978769E-036
  0.000000000000000E+000
 -4.012776230903641E-020
 -2.598587725452511E-019
  2.543777464189983E-036
 -7.182430487124658E-036
 -1.600680531062780E-019
 -5.309274483861350E-019
  4.687751668842754E-036
 -1.851720359961826E-035
 -2.341133708775554E-019
 -5.614831186748677E-019
  7.060852887733226E-036
 -8.428016373197465E-036
 -2.821415004879385E-019
 -8.170894210409961E-019
 -1.791528397414564E-035
 -5.079097832749223E-037
 -3.052633275034191E-019
 -5.531572155412891E-019
 -3.103149182397362E-036
 -2.149036382300772E-036
 -5.085976569730801E-019
 -7.334350498094723E-019
  3.126615389025361E-036
  6.308625880468511E-036
 -5.579902136210938E-019
 -7.478194802191625E-019
 -3.156408949219979E-035
 -6.160496523179784E-035
 -6.576967424996979E-019
 -6.134269131219043E-019
 -4.919424611327497E-035
  1.427099118276592E-035
 -7.713373115060206E-019
 -1.608196529194652E-019
  1.298147716523847E-035
  1.250741404209769E-035
 -5.917231862506988E-019
 -8.878227136029016E-020
  4.012446060541092E-036
  6.912167376724558E-036
 -1.333096981190818E-019
 -1.310538045675840E-019
 -5.985358739270549E-037
 -7.791061801038045E-021
  2.256175212933986E-016
  5.985358739270549E-037
  0.000000000000000E+000
 -4.301897148750131E-020
 -1.668644130770086E-019
  0.000000000000000E+000
 -1.915314796566576E-035
 -7.324257097302538E-020
 -3.573849473041704E-019
  1.571156669058519E-036
 -2.693411432671747E-035
 -1.204406366894817E-019
 -4.202879696055466E-019
  1.215308387762825E-035
 -1.341094442517807E-035
 -1.968906409747398E-019
 -5.769425565269343E-019
 -1.103071951882326E-035
 -3.477645399515428E-035
 -2.685765631017098E-019
 -6.518215022902457E-019
 -1.756273764756750E-035
 -7.573496384160534E-036
 -4.168313155857461E-019
 -4.951169103410381E-019
  2.209858100243030E-035
 -1.429888808920064E-035
 -5.536188982927068E-019
 -7.312820186237440E-019
 -1.678667266868096E-036
  9.940513174123884E-036
 -8.654994492538199E-019
 -7.415816184712973E-019
 -1.551692649269262E-035
  1.901388431542818E-035
 -9.197554017899006E-019
 -5.748989350741707E-019
  1.679527780787092E-035
 -1.190611014132649E-035
 -6.108989935275931E-019
 -6.275675572154740E-019
 -3.831529232055250E-036
  2.103461873927199E-036
 -3.932821736972168E-019
 -2.548068202083462E-019
  8.485254340988815E-037
  1.141638304405974E-036
 -1.281202619614750E-019
  3.526919751687253E-020
