 -174.00  -84.19       -8.31904       -1.05855
 -162.00  -84.19       -7.95208       -2.70599
 -150.00  -84.19       -7.26932       -4.25979
 -138.00  -84.19       -6.28836       -5.66278
 -126.00  -84.19       -5.03646       -6.85881
 -114.00  -84.19       -3.55168       -7.79417
 -102.00  -84.19       -1.88399       -8.41999
  -90.00  -84.19       -0.09555       -8.69535
  -78.00  -84.19        1.73988       -8.59118
  -66.00  -84.19        3.53908       -8.09429
  -54.00  -84.19        5.21320       -7.21117
  -42.00  -84.19        6.67314       -5.97064
  -30.00  -84.19        7.83624       -4.42459
  -18.00  -84.19        8.63333       -2.64653
   -6.00  -84.19        9.01534       -0.72740
    6.00  -84.19        8.95827        1.23081
   18.00  -84.19        8.46573        3.12298
   30.00  -84.19        7.56854        4.84924
   42.00  -84.19        6.32152        6.32264
   54.00  -84.19        4.79798        7.47495
   66.00  -84.19        3.08294        8.26018
   78.00  -84.19        1.26603        8.65546
   90.00  -84.19       -0.56491        8.65969
  102.00  -84.19       -2.32880        8.29052
  114.00  -84.19       -3.95474        7.58048
  126.00  -84.19       -5.38368        6.57290
  138.00  -84.19       -6.56883        5.31817
  150.00  -84.19       -7.47500        3.87080
  162.00  -84.19       -8.07756        2.28733
  174.00  -84.19       -8.36120        0.62505
 -174.00  -78.39       -8.05874       -0.97983
 -162.00  -78.39       -7.74381       -2.51351
 -150.00  -78.39       -7.15148       -3.98242
 -138.00  -78.39       -6.28593       -5.34295
 -126.00  -78.39       -5.15650       -6.54686
 -114.00  -78.39       -3.78108       -7.54118
 -102.00  -78.39       -2.18987       -8.26965
  -90.00  -78.39       -0.42913       -8.67611
  -78.00  -78.39        1.43625       -8.70997
  -66.00  -78.39        3.32215       -8.33343
  -54.00  -78.39        5.12793       -7.52971
  -42.00  -78.39        6.74285       -6.31056
  -30.00  -78.39        8.05622       -4.72150
  -18.00  -78.39        8.97004       -2.84258
   -6.00  -78.39        9.41196       -0.78371
    6.00  -78.39        9.34578        1.32549
   18.00  -78.39        8.77697        3.34975
   30.00  -78.39        7.75183        5.16330
   42.00  -78.39        6.35048        6.66317
   54.00  -78.39        4.67547        7.77802
   66.00  -78.39        2.83866        8.47132
   78.00  -78.39        0.94900        8.73931
   90.00  -78.39       -0.89666        8.60498
  102.00  -78.39       -2.61907        8.11021
  114.00  -78.39       -4.15830        7.30765
  126.00  -78.39       -5.47254        6.25392
  138.00  -78.39       -6.53515        5.00468
  150.00  -78.39       -7.33080        3.61175
  162.00  -78.39       -7.85177        2.12210
  174.00  -78.39       -8.09477        0.57834
 -174.00  -72.58       -7.83332       -0.90532
 -162.00  -72.58       -7.56470       -2.33019
 -150.00  -72.58       -7.05373       -3.71507
 -138.00  -72.58       -6.29387       -5.02893
 -126.00  -72.58       -5.27944       -6.23222
 -114.00  -72.58       -4.01012       -7.27510
 -102.00  -72.58       -2.49683       -8.09734
  -90.00  -72.58       -0.76822       -8.63086
  -78.00  -72.58        1.12294       -8.80547
  -66.00  -72.58        3.09550       -8.55831
  -54.00  -72.58        5.03976       -7.84629
  -42.00  -72.58        6.82342       -6.65957
  -30.00  -72.58        8.30472       -5.03292
  -18.00  -72.58        9.35139       -3.05096
   -6.00  -72.58        9.86224       -0.84394
    6.00  -72.58        9.78554        1.42664
   18.00  -72.58        9.12917        3.59012
   30.00  -72.58        7.95898        5.49116
   42.00  -72.58        6.38620        7.01032
   54.00  -72.58        4.54759        8.07588
   66.00  -72.58        2.58409        8.66538
   78.00  -72.58        0.62314        8.79850
   90.00  -72.58       -1.23265        8.52471
  102.00  -72.58       -2.90965        7.90988
  114.00  -72.58       -4.36187        7.02440
  126.00  -72.58       -5.56587        5.93475
  138.00  -72.58       -6.51425        4.69856
  150.00  -72.58       -7.20920        3.36297
  162.00  -72.58       -7.65703        1.96507
  174.00  -72.58       -7.86392        0.53415
 -174.00  -66.77       -7.63998       -0.83448
 -162.00  -66.77       -7.41279       -2.15489
 -150.00  -66.77       -6.97540       -3.45647
 -138.00  -66.77       -6.31282       -4.71974
 -126.00  -66.77       -5.40680       -5.91430
 -114.00  -66.77       -4.24083       -6.99542
 -102.00  -66.77       -2.80709       -7.90210
  -90.00  -66.77       -1.11531       -8.55774
  -78.00  -66.77        0.79710       -8.87497
  -66.00  -66.77        2.85603       -8.76601
  -54.00  -66.77        4.94607       -8.15874
  -42.00  -66.77        6.91398       -7.01685
  -30.00  -66.77        8.58366       -5.35932
  -18.00  -66.77        9.78226       -3.27255
   -6.00  -66.77       10.37281       -0.90840
    6.00  -66.77       10.28391        1.53481
   18.00  -66.77        9.52649        3.84497
   30.00  -66.77        8.19113        5.83303
   42.00  -66.77        6.42723        7.36291
   54.00  -66.77        4.41147        8.36608
   66.00  -66.77        2.31614        8.83942
   78.00  -66.77        0.28566        8.83048
   90.00  -66.77       -1.57528        8.41726
  102.00  -66.77       -3.20274        7.68874
  114.00  -66.77       -4.56741        6.73027
  126.00  -66.77       -5.66503        5.61469
  138.00  -66.77       -6.50643        4.39873
  150.00  -66.77       -7.10919        3.12317
  162.00  -66.77       -7.49110        1.81522
  174.00  -66.77       -7.66574        0.49217
 -174.00  -60.97       -7.47635       -0.76685
 -162.00  -60.97       -7.28645       -1.98651
 -150.00  -60.97       -6.91595       -3.20528
 -138.00  -60.97       -6.34332       -4.41418
 -126.00  -60.97       -5.53999       -5.59213
 -114.00  -60.97       -4.47510       -6.70115
 -102.00  -60.97       -3.12281       -7.68235
  -90.00  -60.97       -1.47289       -8.45411
  -78.00  -60.97        0.45565       -8.91478
  -66.00  -60.97        2.60027       -8.95246
  -54.00  -60.97        4.84382       -8.46374
  -42.00  -60.97        7.01334       -7.38073
  -30.00  -60.97        8.89509       -5.70066
  -18.00  -60.97       10.26823       -3.50805
   -6.00  -60.97       10.95145       -0.97742
    6.00  -60.97       10.84833        1.65050
   18.00  -60.97        9.97368        4.11493
   30.00  -60.97        8.44942        6.18852
   42.00  -60.97        6.47176        7.71879
   54.00  -60.97        4.26385        8.64500
   66.00  -60.97        2.03141        8.98937
   78.00  -60.97       -0.06633        8.83182
   90.00  -60.97       -1.92694        8.28029
  102.00  -60.97       -3.50042        7.44543
  114.00  -60.97       -4.77667        6.42431
  126.00  -60.97       -5.77122        5.29276
  138.00  -60.97       -6.51201        4.10394
  150.00  -60.97       -7.02995        2.89105
  162.00  -60.97       -7.35211        1.67156
  174.00  -60.97       -7.49776        0.45212
 -174.00  -55.16       -7.34050       -0.70194
 -162.00  -55.16       -7.18432       -1.82398
 -150.00  -55.16       -6.87498       -2.96014
 -138.00  -55.16       -6.38595       -4.11090
 -126.00  -55.16       -5.68030       -5.26445
 -114.00  -55.16       -4.71466       -6.39084
 -102.00  -55.16       -3.44605       -7.43589
  -90.00  -55.16       -1.84350       -8.31650
  -78.00  -55.16        0.09540       -8.92010
  -66.00  -55.16        2.32440       -9.11223
  -54.00  -55.16        4.72942       -8.75658
  -42.00  -55.16        7.11987       -7.74837
  -30.00  -55.16        9.24118       -6.05618
  -18.00  -55.16       10.81574       -3.75784
   -6.00  -55.16       11.60725       -1.05122
    6.00  -55.16       11.48745        1.77406
   18.00  -55.16       10.47614        4.40021
   30.00  -55.16        8.73490        6.55636
   42.00  -55.16        6.51745        8.07458
   54.00  -55.16        4.10095        8.90761
   66.00  -55.16        1.72618        9.10985
   78.00  -55.16       -0.43585        8.79803
   90.00  -55.16       -2.29002        8.11068
  102.00  -55.16       -3.80465        7.17798
  114.00  -55.16       -4.99133        6.10518
  126.00  -55.16       -5.88558        4.96767
  138.00  -55.16       -6.53130        3.81280
  150.00  -55.16       -6.97079        2.66527
  162.00  -55.16       -7.23850        1.53318
  174.00  -55.16       -7.35802        0.41370
 -174.00  -49.35       -7.23086       -0.63925
 -162.00  -49.35       -7.10535       -1.66623
 -150.00  -49.35       -6.85219       -2.71966
 -138.00  -49.35       -6.44123       -3.80842
 -126.00  -49.35       -5.82894       -4.92973
 -114.00  -49.35       -4.96113       -6.06261
 -102.00  -49.35       -3.77876       -7.15988
  -90.00  -49.35       -2.22963       -8.14052
  -78.00  -49.35       -0.28701       -8.88480
  -66.00  -49.35        2.02413       -9.23826
  -54.00  -49.35        4.59864       -9.03069
  -42.00  -49.35        7.23146       -8.11524
  -30.00  -49.35        9.62412       -6.42394
  -18.00  -49.35       11.43209       -4.02172
   -6.00  -49.35       12.35081       -1.12993
    6.00  -49.35       12.21133        1.90565
   18.00  -49.35       11.03992        4.70031
   30.00  -49.35        9.04848        6.93398
   42.00  -49.35        6.56142        8.42510
   54.00  -49.35        3.91835        9.14707
   66.00  -49.35        1.39638        9.19392
   78.00  -49.35       -0.82601        8.72339
   90.00  -49.35       -2.66685        7.90449
  102.00  -49.35       -4.11730        6.88386
  114.00  -49.35       -5.21292        5.77112
  126.00  -49.35       -6.00916        4.63791
  138.00  -49.35       -6.56464        3.52384
  150.00  -49.35       -6.93121        2.44452
  162.00  -49.35       -7.14907        1.39910
  174.00  -49.35       -7.24484        0.37662
 -174.00  -43.55       -7.14621       -0.57840
 -162.00  -43.55       -7.04874       -1.51224
 -150.00  -43.55       -6.84743       -2.48241
 -138.00  -43.55       -6.50971       -3.50511
 -126.00  -43.55       -5.98701       -4.58616
 -114.00  -43.55       -5.21600       -5.71409
 -102.00  -43.55       -4.12281       -6.85082
  -90.00  -43.55       -2.63369       -7.92075
  -78.00  -43.55       -0.69508       -8.80132
  -66.00  -43.55        1.69481       -9.32142
  -54.00  -43.55        4.44656       -9.27710
  -42.00  -43.55        7.34523       -8.47459
  -30.00  -43.55       10.04597       -6.80042
  -18.00  -43.55       12.12555       -4.29867
   -6.00  -43.55       13.19444       -1.21345
    6.00  -43.55       13.03165        2.04506
   18.00  -43.55       11.67173        5.01371
   30.00  -43.55        9.39074        7.31704
   42.00  -43.55        6.59998        8.76287
   54.00  -43.55        3.71105        9.35413
   66.00  -43.55        1.03759        9.23274
   78.00  -43.55       -1.23997        8.60085
   90.00  -43.55       -3.05964        7.65686
  102.00  -43.55       -4.44014        6.55995
  114.00  -43.55       -5.44283        5.41996
  126.00  -43.55       -6.14295        4.30173
  138.00  -43.55       -6.61239        3.23549
  150.00  -43.55       -6.91088        2.22742
  162.00  -43.55       -7.08289        1.26848
  174.00  -43.55       -7.15695        0.34065
 -174.00  -37.74       -7.08562       -0.51896
 -162.00  -37.74       -7.01389       -1.36095
 -150.00  -37.74       -6.86069       -2.24694
 -138.00  -37.74       -6.59195       -3.19923
 -126.00  -37.74       -6.15555       -4.23165
 -114.00  -37.74       -5.48064       -5.34252
 -102.00  -37.74       -4.47985       -6.50448
  -90.00  -37.74       -3.05798       -7.65064
  -78.00  -37.74       -1.13232       -8.66030
  -66.00  -37.74        1.33139       -9.35005
  -54.00  -37.74        4.26744       -9.48381
  -42.00  -37.74        7.45744       -8.81661
  -30.00  -37.74       10.50859       -7.17966
  -18.00  -37.74       12.90533       -4.58628
   -6.00  -37.74       14.15238       -1.30133
    6.00  -37.74       13.96181        2.19147
   18.00  -37.74       12.37894        5.33721
   30.00  -37.74        9.76177        7.69851
   42.00  -37.74        6.62852        9.07730
   54.00  -37.74        3.47329        9.51666
   66.00  -37.74        0.64518        9.21509
   78.00  -37.74       -1.68091        8.42181
   90.00  -37.74       -3.47049        7.36190
  102.00  -37.74       -4.77473        6.20249
  114.00  -37.74       -5.68234        5.04917
  126.00  -37.74       -6.28788        3.95717
  138.00  -37.74       -6.67497        2.94607
  150.00  -37.74       -6.90963        2.01264
  162.00  -37.74       -7.03923        1.14038
  174.00  -37.74       -7.09341        0.30554
 -174.00  -31.94       -7.04848       -0.46047
 -162.00  -31.94       -7.00049       -1.21136
 -150.00  -31.94       -6.89207       -2.01175
 -138.00  -31.94       -6.68854       -2.88891
 -126.00  -31.94       -6.33552       -3.86386
 -114.00  -31.94       -5.75624       -4.94468
 -102.00  -31.94       -4.85131       -6.11589
  -90.00  -31.94       -3.50460       -7.32246
  -78.00  -31.94       -1.60214       -8.45033
  -66.00  -31.94        0.92850       -9.30948
  -54.00  -31.94        4.05469       -9.63485
  -42.00  -31.94        7.56324       -9.12725
  -30.00  -31.94       11.01327       -7.55228
  -18.00  -31.94       13.78156       -4.88012
   -6.00  -31.94       15.24092       -1.39261
    6.00  -31.94       15.01709        2.34317
   18.00  -31.94       13.16940        5.66522
   30.00  -31.94       10.16089        8.06768
   42.00  -31.94        6.64134        9.35351
   54.00  -31.94        3.19860        9.61874
   66.00  -31.94        0.21427        9.12703
   78.00  -31.94       -2.15179        8.17583
   90.00  -31.94       -3.90124        7.01269
  102.00  -31.94       -5.12240        5.80705
  114.00  -31.94       -5.93260        4.65582
  126.00  -31.94       -6.44483        3.60204
  138.00  -31.94       -6.75284        2.65378
  150.00  -31.94       -6.92746        1.79879
  162.00  -31.94       -7.01768        1.01394
  174.00  -31.94       -7.05356        0.27100
 -174.00  -26.13       -7.03446       -0.40254
 -162.00  -26.13       -7.00844       -1.06246
 -150.00  -26.13       -6.94182       -1.77528
 -138.00  -26.13       -6.80010       -2.57215
 -126.00  -26.13       -6.52776       -3.48018
 -114.00  -26.13       -6.04377       -4.51686
 -102.00  -26.13       -5.23830       -5.67932
  -90.00  -26.13       -3.97517       -6.92707
  -78.00  -26.13       -2.10764       -8.15771
  -66.00  -26.13        0.48069       -9.18134
  -54.00  -26.13        3.80092       -9.70915
  -42.00  -26.13        7.65641       -9.38686
  -30.00  -26.13       11.56046       -7.90393
  -18.00  -26.13       14.76509       -5.17261
   -6.00  -26.13       16.47845       -1.48543
    6.00  -26.13       16.21463        2.49696
   18.00  -26.13       14.05121        5.98843
   30.00  -26.13       10.58629        8.40856
   42.00  -26.13        6.63145        9.57106
   54.00  -26.13        2.87995        9.63965
   66.00  -26.13       -0.25995        8.95131
   78.00  -26.13       -2.65524        7.85045
   90.00  -26.13       -4.35335        6.60113
  102.00  -26.13       -5.48422        5.36855
  114.00  -26.13       -6.19458        4.23657
  126.00  -26.13       -6.61460        3.23389
  138.00  -26.13       -6.84655        2.35676
  150.00  -26.13       -6.96449        1.58442
  162.00  -26.13       -7.01808        0.88831
  174.00  -26.13       -7.03703        0.23682
 -174.00  -20.32       -7.04353       -0.34476
 -162.00  -20.32       -7.03787       -0.91315
 -150.00  -20.32       -7.01034       -1.53596
 -138.00  -20.32       -6.92725       -2.24678
 -126.00  -20.32       -6.73304       -3.07776
 -114.00  -20.32       -6.34391       -4.05492
 -102.00  -20.32       -5.64148       -5.18827
  -90.00  -20.32       -4.47072       -6.45389
  -78.00  -20.32       -2.65132       -7.76615
  -66.00  -20.32       -0.01722       -8.94285
  -54.00  -20.32        3.49806       -9.67936
  -42.00  -20.32        7.72922       -9.56811
  -30.00  -20.32       12.14924       -8.21312
  -18.00  -20.32       15.86699       -5.45147
   -6.00  -20.32       17.88528       -1.57663
    6.00  -20.32       17.57317        2.64743
   18.00  -20.32       15.03223        6.29211
   30.00  -20.32       11.03463        8.69768
   42.00  -20.32        6.59050        9.70205
   54.00  -20.32        2.50985        9.55290
   66.00  -20.32       -0.78185        8.66677
   78.00  -20.32       -3.19325        7.43101
   90.00  -20.32       -4.82765        6.11785
  102.00  -20.32       -5.86083        4.88123
  114.00  -20.32       -6.46897        3.78768
  126.00  -20.32       -6.79791        2.85009
  138.00  -20.32       -6.95668        2.05300
  150.00  -20.32       -7.02107        1.36808
  162.00  -20.32       -7.04049        0.76256
  174.00  -20.32       -7.04379        0.20274
 -174.00  -14.52       -7.07594       -0.28667
 -162.00  -14.52       -7.08916       -0.76242
 -150.00  -14.52       -7.09817       -1.29208
 -138.00  -14.52       -7.07064       -1.91049
 -126.00  -14.52       -6.95195       -2.65344
 -114.00  -14.52       -6.65701       -3.55426
 -102.00  -14.52       -6.06083       -4.63540
  -90.00  -14.52       -4.99136       -5.89093
  -78.00  -14.52       -3.23450       -7.25650
  -66.00  -14.52       -0.56965       -8.56621
  -54.00  -14.52        3.13788       -9.51013
  -42.00  -14.52        7.77235       -9.63359
  -30.00  -14.52       12.77669       -8.44846
  -18.00  -14.52       17.09784       -5.69745
   -6.00  -14.52       19.48295       -1.66101
    6.00  -14.52       19.11237        2.78575
   18.00  -14.52       16.11926        6.55352
   30.00  -14.52       11.50046        8.90134
   42.00  -14.52        6.50890        9.70885
   54.00  -14.52        2.08098        9.32474
   66.00  -14.52       -1.35489        8.24786
   78.00  -14.52       -3.76667        6.90041
   90.00  -14.52       -5.32413        5.55227
  102.00  -14.52       -6.25232        4.33862
  114.00  -14.52       -6.75619        3.30501
  126.00  -14.52       -6.99543        2.44776
  138.00  -14.52       -7.08382        1.74034
  150.00  -14.52       -7.09771        1.14827
  162.00  -14.52       -7.08527        0.63579
  174.00  -14.52       -7.07407        0.16851
 -174.00   -8.71       -7.13228       -0.22788
 -162.00   -8.71       -7.16295       -0.60910
 -150.00   -8.71       -7.20600       -1.04185
 -138.00   -8.71       -7.23093       -1.56084
 -126.00   -8.71       -7.18485       -2.20381
 -114.00   -8.71       -6.98291       -3.00987
 -102.00   -8.71       -6.49547       -4.01266
  -90.00   -8.71       -5.53574       -5.22472
  -78.00   -8.71       -3.85669       -6.60670
  -66.00   -8.71       -1.17920       -8.01794
  -54.00   -8.71        2.71275       -9.15662
  -42.00   -8.71        7.77502       -9.53280
  -30.00   -8.71       13.43710       -8.56450
  -18.00   -8.71       18.46624       -5.88099
   -6.00   -8.71       21.29270       -1.73031
    6.00   -8.71       20.85129        2.89793
   18.00   -8.71       17.31674        6.73822
   30.00   -8.71       11.97574        8.97164
   42.00   -8.71        6.37615        9.54156
   54.00   -8.71        1.58707        8.91296
   66.00   -8.71       -1.98066        7.66425
   78.00   -8.71       -4.37459        6.23911
   90.00   -8.71       -5.84152        4.89264
  102.00   -8.71       -6.65794        3.73364
  114.00   -8.71       -7.05626        2.78408
  126.00   -8.71       -7.20759        2.02375
  138.00   -8.71       -7.22870        1.41654
  150.00   -8.71       -7.19507        0.92332
  162.00   -8.71       -7.15302        0.50707
  174.00   -8.71       -7.12844        0.13387
 -174.00   -2.90       -7.21346       -0.16788
 -162.00   -2.90       -7.26016       -0.45201
 -150.00   -2.90       -7.33471       -0.78342
 -138.00   -2.90       -7.40874       -1.19514
 -126.00   -2.90       -7.43189       -1.72521
 -114.00   -2.90       -7.32077       -2.41633
 -102.00   -2.90       -6.94329       -3.31142
  -90.00   -2.90       -6.10055       -4.44059
  -78.00   -2.90       -4.51459       -5.79200
  -66.00   -2.90       -1.84530       -7.25865
  -54.00   -2.90        2.21717       -8.56309
  -42.00   -2.90        7.72588       -9.19866
  -30.00   -2.90       14.12111       -8.49700
  -18.00   -2.90       19.97645       -5.95781
   -6.00   -2.90       23.33256       -1.77169
    6.00   -2.90       22.80547        2.96243
   18.00   -2.90       18.62466        6.79534
   30.00   -2.90       12.44941        8.84190
   42.00   -2.90        6.18200        9.13500
   54.00   -2.90        1.02439        8.26592
   66.00   -2.90       -2.65751        6.88065
   78.00   -2.90       -5.01352        5.42543
   90.00   -2.90       -6.37673        4.12618
  102.00   -2.90       -7.07597        3.05870
  114.00   -2.90       -7.36864        2.22003
  126.00   -2.90       -7.43471        1.57471
  138.00   -2.90       -7.39201        1.07914
  150.00   -2.90       -7.31406        0.69157
  162.00   -2.90       -7.24468        0.37536
  174.00   -2.90       -7.20782        0.09854
 -174.00    2.90       -7.32079       -0.10620
 -162.00    2.90       -7.38202       -0.28991
 -150.00    2.90       -7.48532       -0.51471
 -138.00    2.90       -7.60468       -0.81056
 -126.00    2.90       -7.69281       -1.21375
 -114.00    2.90       -7.66890       -1.76800
 -102.00    2.90       -7.40051       -2.52270
  -90.00    2.90       -6.67969       -3.52316
  -78.00    2.90       -5.20066       -4.78552
  -66.00    2.90       -2.56215       -6.24366
  -54.00    2.90        1.65035       -7.66218
  -42.00    2.90        7.61463       -8.54472
  -30.00    2.90       14.81496       -8.15713
  -18.00    2.90       21.62468       -5.86293
   -6.00    2.90       25.61184       -1.76569
    6.00    2.90       24.98177        2.94672
   18.00    2.90       20.03556        6.65121
   30.00    2.90       12.90742        8.42160
   42.00    2.90        5.91847        8.40659
   54.00    2.90        0.39432        7.32223
   66.00    2.90       -3.37878        5.85759
   78.00    2.90       -5.67609        4.43607
   90.00    2.90       -6.92425        3.23955
  102.00    2.90       -7.50321        2.30592
  114.00    2.90       -7.69205        1.60775
  126.00    2.90       -7.67681        1.09708
  138.00    2.90       -7.57449        0.72549
  150.00    2.90       -7.45577        0.45117
  162.00    2.90       -7.36150        0.23964
  174.00    2.90       -7.31352        0.06224
 -174.00    8.71       -7.45602       -0.04230
 -162.00    8.71       -7.53014       -0.12138
 -150.00    8.71       -7.65907       -0.23355
 -138.00    8.71       -7.81928       -0.40407
 -126.00    8.71       -7.96683       -0.66530
 -114.00    8.71       -8.02447       -1.05918
 -102.00    8.71       -7.86116       -1.63759
  -90.00    8.71       -7.26326       -2.45720
  -78.00    8.71       -5.90143       -3.55986
  -66.00    8.71       -3.31572       -4.92477
  -54.00    8.71        1.02006       -6.37643
  -42.00    8.71        7.43548       -7.46380
  -30.00    8.71       15.50046       -7.42649
  -18.00    8.71       23.39339       -5.50447
   -6.00    8.71       28.12172       -1.68389
    6.00    8.71       27.36953        2.80352
   18.00    8.71       21.53029        6.20307
   30.00    8.71       13.33390        7.59217
   42.00    8.71        5.58369        7.25600
   54.00    8.71       -0.29293        6.01255
   66.00    8.71       -4.13008        4.55318
   78.00    8.71       -6.34959        3.24744
   90.00    8.71       -7.47524        2.21960
  102.00    8.71       -7.93459        1.46741
  114.00    8.71       -8.02429        0.94206
  126.00    8.71       -7.93350        0.58702
  138.00    8.71       -7.77691        0.35281
  150.00    8.71       -7.62156        0.20012
  162.00    8.71       -7.50514        0.09870
  174.00    8.71       -7.44732        0.02464
 -174.00   14.52       -7.62145        0.02443
 -162.00   14.52       -7.70653        0.05507
 -150.00   14.52       -7.85742        0.06249
 -138.00   14.52       -8.05293        0.02766
 -126.00   14.52       -8.25257       -0.07569
 -114.00   14.52       -8.38309       -0.28427
 -102.00   14.52       -8.31644       -0.64798
  -90.00   14.52       -7.83634       -1.22899
  -78.00   14.52       -6.59521       -2.08973
  -66.00   14.52       -4.07997       -3.25466
  -54.00   14.52        0.34832       -4.62358
  -42.00   14.52        7.19309       -5.83198
  -30.00   14.52       16.15618       -6.15670
  -18.00   14.52       25.24344       -4.75915
   -6.00   14.52       30.81995       -1.48671
    6.00   14.52       29.92652        2.46739
   18.00   14.52       23.07268        5.31510
   30.00   14.52       13.71408        6.20802
   42.00   14.52        5.18811        5.56965
   54.00   14.52       -1.01317        4.26481
   66.00   14.52       -4.88596        2.92697
   78.00   14.52       -7.01403        1.83808
   90.00   14.52       -8.01648        1.05449
  102.00   14.52       -8.36261        0.53593
  114.00   14.52       -8.36190        0.21781
  126.00   14.52       -8.20396        0.04061
  138.00   14.52       -7.99999       -0.04200
  150.00   14.52       -7.81308       -0.06376
  162.00   14.52       -7.67772       -0.04874
  174.00   14.52       -7.61151       -0.01461
 -174.00   20.32       -7.82000        0.09466
 -162.00   20.32       -7.91375        0.24123
 -150.00   20.32       -8.08207        0.37615
 -138.00   20.32       -8.30585        0.48813
 -126.00   20.32       -8.54775        0.55935
 -114.00   20.32       -8.73851        0.56171
 -102.00   20.32       -8.75389        0.45249
  -90.00   20.32       -8.37765        0.17131
  -78.00   20.32       -7.24960       -0.35636
  -66.00   20.32       -4.81240       -1.19497
  -54.00   20.32       -0.32120       -2.32873
  -42.00   20.32        6.91124       -3.52329
  -30.00   20.32       16.76151       -4.18053
  -18.00   20.32       27.10401       -3.47678
   -6.00   20.32       33.60792       -1.12390
    6.00   20.32       32.55828        1.85578
   18.00   20.32       24.60365        3.82466
   30.00   20.32       14.04056        4.10908
   42.00   20.32        4.76316        3.23538
   54.00   20.32       -1.72147        2.01529
   66.00   20.32       -5.60609        0.94708
   78.00   20.32       -7.64000        0.19233
   90.00   20.32       -8.52922       -0.26439
  102.00   20.32       -8.77668       -0.49441
  114.00   20.32       -8.69980       -0.56978
  126.00   20.32       -8.48668       -0.54620
  138.00   20.32       -8.24442       -0.46226
  150.00   20.32       -8.03229       -0.34297
  162.00   20.32       -7.88192       -0.20415
  174.00   20.32       -7.80910       -0.05591
 -174.00   26.13       -8.05542        0.16922
 -162.00   26.13       -8.15498        0.43911
 -150.00   26.13       -8.33504        0.71049
 -138.00   26.13       -8.57801        0.98121
 -126.00   26.13       -8.84897        1.24398
 -114.00   26.13       -9.08204        1.48261
 -102.00   26.13       -9.15660        1.66701
  -90.00   26.13       -8.85814        1.74651
  -78.00   26.13       -7.81915        1.64556
  -66.00   26.13       -5.44957        1.27059
  -54.00   26.13       -0.91549        0.55240
  -42.00   26.13        6.64409       -0.44304
  -30.00   26.13       17.30370       -1.34935
  -18.00   26.13       28.86229       -1.50763
   -6.00   26.13       36.30143       -0.54240
    6.00   26.13       35.09240        0.88226
   18.00   26.13       26.03644        1.57356
   30.00   26.13       14.32262        1.15838
   42.00   26.13        4.37194        0.17326
   54.00   26.13       -2.34554       -0.77096
   66.00   26.13       -6.23146       -1.39866
   78.00   26.13       -8.18661       -1.69400
   90.00   26.13       -8.98798       -1.73979
  102.00   26.13       -9.16232       -1.62699
  114.00   26.13       -9.03093       -1.42469
  126.00   26.13       -8.77928       -1.17760
  138.00   26.13       -8.51080       -0.91166
  150.00   26.13       -8.28159       -0.64034
  162.00   26.13       -8.12113       -0.36928
  174.00   26.13       -8.04387       -0.09975
 -174.00   31.94       -8.33250        0.24908
 -162.00   31.94       -8.43423        0.65117
 -150.00   31.94       -8.61870        1.06916
 -138.00   31.94       -8.86902        1.51117
 -126.00   31.94       -9.15149        1.98209
 -114.00   31.94       -9.40203        2.48060
 -102.00   31.94       -9.50244        2.99366
  -90.00   31.94       -9.23993        3.48806
  -78.00   31.94       -8.24398        3.89858
  -66.00   31.94       -5.90485        4.11698
  -54.00   31.94       -1.32739        3.99721
  -42.00   31.94        6.48485        3.41143
  -30.00   31.94       17.78674        2.38710
  -18.00   31.94       30.35761        1.22700
   -6.00   31.94       38.60439        0.29026
    6.00   31.94       37.25616       -0.50493
   18.00   31.94       27.25622       -1.51528
   30.00   31.94       14.59600       -2.68135
   42.00   31.94        4.11695       -3.61018
   54.00   31.94       -2.78175       -4.06897
   66.00   31.94       -6.68244       -4.08671
   78.00   31.94       -8.60026       -3.80585
   90.00   31.94       -9.35955       -3.36515
  102.00   31.94       -9.50055       -2.86121
  114.00   31.94       -9.34571       -2.34971
  126.00   31.94       -9.07833       -1.85767
  138.00   31.94       -8.79957       -1.39441
  150.00   31.94       -8.56387       -0.95924
  162.00   31.94       -8.39962       -0.54621
  174.00   31.94       -8.32071       -0.14670
 -174.00   37.74       -8.65738        0.33550
 -162.00   37.74       -8.75654        0.88051
 -150.00   37.74       -8.93589        1.45660
 -138.00   37.74       -9.17807        2.08282
 -126.00   37.74       -9.44877        2.77734
 -114.00   37.74       -9.68341        3.55518
 -102.00   37.74       -9.76352        4.42328
  -90.00   37.74       -9.47635        5.37081
  -78.00   37.74       -8.45086        6.35123
  -66.00   37.74       -6.07172        7.25411
  -54.00   37.74       -1.42063        7.86879
  -42.00   37.74        6.56203        7.86491
  -30.00   37.74       18.23402        6.85418
  -18.00   37.74       31.38802        4.60763
   -6.00   37.74       40.11232        1.34074
    6.00   37.74       38.68098       -2.24934
   18.00   37.74       28.12633       -5.30364
   30.00   37.74       14.92379       -7.23005
   42.00   37.74        4.13535       -7.94719
   54.00   37.74       -2.89983       -7.75408
   66.00   37.74       -6.86141       -7.03808
   78.00   37.74       -8.81539       -6.09965
   90.00   37.74       -9.60274       -5.12032
  102.00   37.74       -9.76730       -4.19068
  114.00   37.74       -9.63161       -3.34580
  126.00   37.74       -9.37904       -2.59057
  138.00   37.74       -9.11104       -1.91531
  150.00   37.74       -8.88265       -1.30383
  162.00   37.74       -8.72282       -0.73759
  174.00   37.74       -8.64588       -0.19751
 -174.00   43.55       -9.03800        0.43013
 -162.00   43.55       -9.12836        1.13111
 -150.00   43.55       -9.29005        1.87844
 -138.00   43.55       -9.50375        2.70203
 -126.00   43.55       -9.73224        3.63304
 -114.00   43.55       -9.90725        4.70254
 -102.00   43.55       -9.90626        5.93706
  -90.00   43.55       -9.51358        7.34764
  -78.00   43.55       -8.35898        8.90713
  -66.00   43.55       -5.83702       10.50542
  -54.00   43.55       -1.05431       11.87354
  -42.00   43.55        7.00756       12.48519
  -30.00   43.55       18.66990       11.52569
  -18.00   43.55       31.73982        8.17997
   -6.00   43.55       40.38946        2.45881
    6.00   43.55       38.97098       -4.10377
   18.00   43.55       28.50308       -9.29623
   30.00   43.55       15.37125      -11.97527
   42.00   43.55        4.56794      -12.44090
   54.00   43.55       -2.56432      -11.56625
   66.00   43.55       -6.66382      -10.10032
   78.00   43.55       -8.75877       -8.49433
   90.00   43.55       -9.66961       -6.96713
  102.00   43.55       -9.93324       -5.60150
  114.00   43.55       -9.87275       -4.41154
  126.00   43.55       -9.67491       -3.38065
  138.00   43.55       -9.44526       -2.48039
  150.00   43.55       -9.24231       -1.67943
  162.00   43.55       -9.09771       -0.94687
  174.00   43.55       -9.02749       -0.25316
 -174.00   49.35       -9.48477        0.53524
 -162.00   49.35       -9.55798        1.40850
 -150.00   49.35       -9.68539        2.34228
 -138.00   49.35       -9.84394        3.37617
 -126.00   49.35       -9.99087        4.55245
 -114.00   49.35      -10.05058        5.91504
 -102.00   49.35       -9.89259        7.50462
  -90.00   49.35       -9.29535        9.34609
  -78.00   49.35       -7.89242       11.41989
  -66.00   49.35       -5.10798       13.60259
  -54.00   49.35       -0.13203       15.55903
  -42.00   49.35        7.88890       16.58739
  -30.00   49.35       19.07392       15.53427
  -18.00   49.35       31.24535       11.16261
   -6.00   49.35       39.14520        3.37867
    6.00   49.35       37.85705       -5.63294
   18.00   49.35       28.25970      -12.65011
   30.00   49.35       15.94730      -16.08141
   42.00   49.35        5.49428      -16.46778
   54.00   49.35       -1.67762      -15.10668
   66.00   49.35       -6.00056      -13.04220
   78.00   49.35       -8.35954      -10.86648
   90.00   49.35       -9.50882       -8.84645
  102.00   49.35       -9.96450       -7.07066
  114.00   49.35      -10.04953       -5.54303
  126.00   49.35       -9.95751       -4.23270
  138.00   49.35       -9.80196       -3.09737
  150.00   49.35       -9.64832       -2.09326
  162.00   49.35       -9.53329       -1.17880
  174.00   49.35       -9.47616       -0.31500
 -174.00   55.16      -10.01138        0.65406
 -162.00   55.16      -10.05621        1.72045
 -150.00   55.16      -10.12715        2.85869
 -138.00   55.16      -10.19565        4.11541
 -126.00   55.16      -10.21079        5.53970
 -114.00   55.16      -10.08674        7.18129
 -102.00   55.16       -9.68252        9.08400
  -90.00   55.16       -8.77124       11.26958
  -78.00   55.16       -6.99963       13.70183
  -66.00   55.16       -3.85054       16.21606
  -54.00   55.16        1.33553       18.39580
  -42.00   55.16        9.13167       19.41129
  -30.00   55.16       19.33872       17.96712
  -18.00   55.16       29.86004       12.76919
   -6.00   55.16       36.43872        3.83961
    6.00   55.16       35.37783       -6.40814
   18.00   55.16       27.32577      -14.50830
   30.00   55.16       16.54577      -18.65731
   42.00   55.16        6.85638      -19.32599
   54.00   55.16       -0.23618      -17.90255
   66.00   55.16       -4.83063      -15.57634
   78.00   55.16       -7.56507      -13.05623
   90.00   55.16       -9.07207      -10.67873
  102.00   55.16       -9.82446       -8.56593
  114.00   55.16      -10.13872       -6.73403
  126.00   55.16      -10.21599       -5.15316
  138.00   55.16      -10.18054       -3.77693
  150.00   55.16      -10.10760       -2.55541
  162.00   55.16      -10.04138       -1.44008
  174.00   55.16      -10.00595       -0.38495
 -174.00   60.97      -10.63619        0.79136
 -162.00   60.97      -10.63723        2.07840
 -150.00   60.97      -10.62182        3.44320
 -138.00   60.97      -10.55458        4.93458
 -126.00   60.97      -10.37496        6.60120
 -114.00   60.97       -9.98615        8.48765
 -102.00   60.97       -9.23855       10.62456
  -90.00   60.97       -7.90833       13.00718
  -78.00   60.97       -5.67596       15.55392
  -66.00   60.97       -2.12417       18.03307
  -54.00   60.97        3.19205       19.95291
  -42.00   60.97       10.50193       20.45447
  -30.00   60.97       19.29850       18.36387
  -18.00   60.97       27.72227       12.70763
   -6.00   60.97       32.72879        3.76402
    6.00   60.97       31.93348       -6.29680
   18.00   60.97       25.74338      -14.52668
   30.00   60.97       16.96111      -19.21834
   42.00   60.97        8.43254      -20.52318
   54.00   60.97        1.63020      -19.55158
   66.00   60.97       -3.19318      -17.42109
   78.00   60.97       -6.36042      -14.89004
   90.00   60.97       -8.32347      -12.37117
  102.00   60.97       -9.47683      -10.04824
  114.00   60.97      -10.11376       -7.97749
  126.00   60.97      -10.43670       -6.15154
  138.00   60.97      -10.57974       -4.53470
  150.00   60.97      -10.62897       -3.08071
  162.00   60.97      -10.63757       -1.74062
  174.00   60.97      -10.63568       -0.46584
 -174.00   66.77      -11.38394        0.95435
 -162.00   66.77      -11.31973        2.49954
 -150.00   66.77      -11.17732        4.11898
 -138.00   66.77      -10.91456        5.85600
 -126.00   66.77      -10.46252        7.74842
 -114.00   66.77       -9.71754        9.82152
 -102.00   66.77       -8.53145       12.07409
  -90.00   66.77       -6.70309       14.45374
  -78.00   66.77       -3.97982       16.81609
  -66.00   66.77       -0.08874       18.86560
  -54.00   66.77        5.16620       20.09083
  -42.00   66.77       11.69925       19.74651
  -30.00   66.77       18.84026       16.99882
  -18.00   66.77       25.13454       11.36041
   -6.00   66.77       28.67131        3.30191
    6.00   66.77       28.11864       -5.53996
   18.00   66.77       23.69688      -13.08846
   30.00   66.77       17.00597      -17.97747
   42.00   66.77        9.91428      -20.03351
   54.00   66.77        3.67607      -19.89130
   66.00   66.77       -1.21887      -18.39059
   78.00   66.77       -4.78400      -16.22100
   90.00   66.77       -7.24990      -13.83314
  102.00   66.77       -8.89011      -11.47706
  114.00   66.77       -9.94529       -9.26843
  126.00   66.77      -10.60241       -7.24325
  138.00   66.77      -10.99722       -5.39405
  150.00   66.77      -11.22350       -3.69132
  162.00   66.77      -11.34261       -2.09531
  174.00   66.77      -11.39079       -0.56196
 -174.00   72.58      -12.28817        1.15401
 -162.00   72.58      -12.12824        3.00995
 -150.00   72.58      -11.80274        4.92091
 -138.00   72.58      -11.26604        6.91341
 -126.00   72.58      -10.44762        9.00121
 -114.00   72.58       -9.24949       11.17547
 -102.00   72.58       -7.54577       13.38940
  -90.00   72.58       -5.18874       15.53616
  -78.00   72.58       -2.02964       17.42049
  -66.00   72.58        2.03410       18.73080
  -54.00   72.58        6.97327       19.03145
  -42.00   72.58       12.50652       17.81302
  -30.00   72.58       17.99272       14.64630
  -18.00   72.58       22.45017        9.44186
   -6.00   72.58       24.82439        2.69306
    6.00   72.58       24.45906       -4.53149
   18.00   72.58       21.45948      -10.96465
   30.00   72.58       16.63104      -15.66413
   42.00   72.58       11.04993      -18.30053
   54.00   72.58        5.62430      -19.07858
   66.00   72.58        0.89660      -18.46972
   78.00   72.58       -2.92920      -16.97424
   90.00   72.58       -5.86839      -14.99739
  102.00   72.58       -8.04198      -12.81867
  114.00   72.58       -9.60170      -10.60762
  126.00   72.58      -10.69083       -8.45306
  138.00   72.58      -11.42828       -6.39014
  150.00   72.58      -11.90475       -4.42066
  162.00   72.58      -12.18407       -2.52679
  174.00   72.58      -12.30591       -0.67985
 -174.00   78.39      -13.39428        1.40710
 -162.00   78.39      -13.09425        3.64891
 -150.00   78.39      -12.50692        5.90040
 -138.00   78.39      -11.59311        8.15546
 -126.00   78.39      -10.29719       10.38953
 -114.00   78.39       -8.55113       12.55000
 -102.00   78.39       -6.28296       14.54520
  -90.00   78.39       -3.43245       16.23343
  -78.00   78.39        0.02308       17.41595
  -66.00   78.39        4.03170       17.84166
  -54.00   78.39        8.42291       17.23438
  -42.00   78.39       12.87213       15.35298
  -30.00   78.39       16.90109       12.08397
  -18.00   78.39       19.94504        7.54073
   -6.00   78.39       21.49330        2.11577
    6.00   78.39       21.25815       -3.56898
   18.00   78.39       19.28453       -8.81867
   30.00   78.39       15.93220      -13.05925
   42.00   78.39       11.74219      -15.97026
   54.00   78.39        7.26777      -17.50489
   66.00   78.39        2.95084      -17.81959
   78.00   78.39       -0.92579      -17.17229
   90.00   78.39       -4.22636      -15.83702
  102.00   78.39       -6.92228      -14.05284
  114.00   78.39       -9.04906      -12.00359
  126.00   78.39      -10.67197       -9.81711
  138.00   78.39      -11.86312       -7.57390
  150.00   78.39      -12.68794       -5.31830
  162.00   78.39      -13.19805       -3.06927
  174.00   78.39      -13.42807       -0.82950
 -174.00   84.19      -14.76261        1.73846
 -162.00   84.19      -14.25627        4.47335
 -150.00   84.19      -13.29470        7.12876
 -138.00   84.19      -11.86790        9.64521
 -126.00   84.19       -9.96715       11.94894
 -114.00   84.19       -7.59221       13.94825
 -102.00   84.19       -4.76115       15.53239
  -90.00   84.19       -1.52225       16.57442
  -78.00   84.19        2.03334       16.94006
  -66.00   84.19        5.76111       16.50388
  -54.00   84.19        9.45918       15.17293
  -42.00   84.19       12.87581       12.91508
  -30.00   84.19       15.73253        9.78576
  -18.00   84.19       17.76233        5.94358
   -6.00   84.19       18.75654        1.64566
    6.00   84.19       18.60712       -2.78153
   18.00   84.19       17.33056       -6.99100
   30.00   84.19       15.06412      -10.67012
   42.00   84.19       12.03604      -13.58540
   54.00   84.19        8.52059      -15.60535
   66.00   84.19        4.79248      -16.69927
   78.00   84.19        1.09210      -16.91776
   90.00   84.19       -2.39328      -16.36478
  102.00   84.19       -5.53368      -15.17001
  114.00   84.19       -8.25017      -13.46708
  126.00   84.19      -10.50349      -11.37932
  138.00   84.19      -12.28137       -9.01266
  150.00   84.19      -13.58707       -6.45393
  162.00   84.19      -14.43023       -3.77277
  174.00   84.19      -14.82033       -1.02575
