OPTIMAL FLOW WITH TARGET RMS   1.30E+01     LMAX_U  25 LMAX_B  1
  1   0     0.00000E+00      0.00000E+00      0.00000E+00      0.00000E+00
  1   1     0.00000E+00      0.00000E+00      9.93370E-05      3.67347E-03
  2   0     0.00000E+00      0.00000E+00      0.00000E+00      0.00000E+00
  2   1     0.00000E+00      0.00000E+00      2.32236E-05      8.58805E-04
  2   2     0.00000E+00      0.00000E+00      7.51397E-05      1.38831E-03
  3   0     0.00000E+00      0.00000E+00      0.00000E+00      0.00000E+00
  3   1     0.00000E+00      0.00000E+00      2.73052E-06      1.00974E-04
  3   2     0.00000E+00      0.00000E+00      3.52176E-05      6.50694E-04
  3   3     0.00000E+00      0.00000E+00      3.79907E-05      4.67384E-04
  4   0     0.00000E+00      0.00000E+00      0.00000E+00      0.00000E+00
  4   1     0.00000E+00      0.00000E+00     -1.68010E-06     -6.21300E-05
  4   2     0.00000E+00      0.00000E+00      1.17385E-05      2.16885E-04
  4   3     0.00000E+00      0.00000E+00      2.55807E-05      3.14708E-04
  4   4     0.00000E+00      0.00000E+00      1.65042E-05      1.52023E-04
  5   0     0.00000E+00      0.00000E+00      0.00000E+00      0.00000E+00
  5   1     0.00000E+00      0.00000E+00     -1.65815E-06     -6.13182E-05
  5   2     0.00000E+00      0.00000E+00      1.92582E-06      3.55822E-05
  5   3     0.00000E+00      0.00000E+00      1.24713E-05      1.53429E-04
  5   4     0.00000E+00      0.00000E+00      1.40960E-05      1.29840E-04
  5   5     0.00000E+00      0.00000E+00      6.63366E-06      4.87751E-05
  6   0     0.00000E+00      0.00000E+00      0.00000E+00      0.00000E+00
  6   1     0.00000E+00      0.00000E+00     -8.91202E-07     -3.29565E-05
  6   2     0.00000E+00      0.00000E+00     -9.48004E-07     -1.75157E-05
  6   3     0.00000E+00      0.00000E+00      4.44862E-06      5.47295E-05
  6   4     0.00000E+00      0.00000E+00      8.69822E-06      8.01206E-05
  6   5     0.00000E+00      0.00000E+00      6.74227E-06      4.95736E-05
  6   6     0.00000E+00      0.00000E+00      2.54470E-06      1.55498E-05
  7   0     0.00000E+00      0.00000E+00      0.00000E+00      0.00000E+00
  7   1     0.00000E+00      0.00000E+00     -3.32466E-07     -1.22946E-05
  7   2     0.00000E+00      0.00000E+00     -1.15638E-06     -2.13657E-05
  7   3     0.00000E+00      0.00000E+00      7.77264E-07      9.56235E-06
  7   4     0.00000E+00      0.00000E+00      4.20975E-06      3.87766E-05
  7   5     0.00000E+00      0.00000E+00      4.93157E-06      3.62601E-05
  7   6     0.00000E+00      0.00000E+00      2.96244E-06      1.81024E-05
  7   7     0.00000E+00      0.00000E+00      9.46415E-07      4.94113E-06
  8   0     0.00000E+00      0.00000E+00      0.00000E+00      0.00000E+00
  8   1     0.00000E+00      0.00000E+00     -6.57741E-08     -2.43232E-06
  8   2     0.00000E+00      0.00000E+00     -7.04058E-07     -1.30085E-05
  8   3     0.00000E+00      0.00000E+00     -4.08807E-07     -5.02938E-06
  8   4     0.00000E+00      0.00000E+00      1.51002E-06      1.39090E-05
  8   5     0.00000E+00      0.00000E+00      2.89351E-06      2.12750E-05
  8   6     0.00000E+00      0.00000E+00      2.47350E-06      1.51147E-05
  8   7     0.00000E+00      0.00000E+00      1.23063E-06      6.42499E-06
  8   8     0.00000E+00      0.00000E+00      3.44350E-07      1.56723E-06
  9   0     0.00000E+00      0.00000E+00      0.00000E+00      0.00000E+00
  9   1     0.00000E+00      0.00000E+00      2.12868E-08      7.87184E-07
  9   2     0.00000E+00      0.00000E+00     -2.98856E-07     -5.52179E-06
  9   3     0.00000E+00      0.00000E+00     -5.26789E-07     -6.48087E-06
  9   4     0.00000E+00      0.00000E+00      2.51179E-07      2.31365E-06
  9   5     0.00000E+00      0.00000E+00      1.37095E-06      1.00801E-05
  9   6     0.00000E+00      0.00000E+00      1.67207E-06      1.02174E-05
  9   7     0.00000E+00      0.00000E+00      1.14463E-06      5.97599E-06
  9   8     0.00000E+00      0.00000E+00      4.91354E-07      2.23629E-06
  9   9     0.00000E+00      0.00000E+00      1.23260E-07      4.96545E-07
 10   0     0.00000E+00      0.00000E+00      0.00000E+00      0.00000E+00
 10   1     0.00000E+00      0.00000E+00      3.10281E-08      1.14741E-06
 10   2     0.00000E+00      0.00000E+00     -7.71682E-08     -1.42579E-06
 10   3     0.00000E+00      0.00000E+00     -3.39783E-07     -4.18021E-06
 10   4     0.00000E+00      0.00000E+00     -1.66598E-07     -1.53456E-06
 10   5     0.00000E+00      0.00000E+00      4.81309E-07      3.53891E-06
 10   6     0.00000E+00      0.00000E+00      9.42223E-07      5.75759E-06
 10   7     0.00000E+00      0.00000E+00      8.65693E-07      4.51969E-06
 10   8     0.00000E+00      0.00000E+00      5.00479E-07      2.27783E-06
 10   9     0.00000E+00      0.00000E+00      1.90501E-07      7.67423E-07
 10  10     0.00000E+00      0.00000E+00      4.35668E-08      1.57203E-07
 11   0     0.00000E+00      0.00000E+00      0.00000E+00      0.00000E+00
 11   1     0.00000E+00      0.00000E+00      1.93557E-08      7.15772E-07
 11   2     0.00000E+00      0.00000E+00      7.66299E-09      1.41585E-07
 11   3     0.00000E+00      0.00000E+00     -1.54582E-07     -1.90176E-06
 11   4     0.00000E+00      0.00000E+00     -2.08660E-07     -1.92200E-06
 11   5     0.00000E+00      0.00000E+00      6.95039E-08      5.11039E-07
 11   6     0.00000E+00      0.00000E+00      4.34199E-07      2.65323E-06
 11   7     0.00000E+00      0.00000E+00      5.53985E-07      2.89230E-06
 11   8     0.00000E+00      0.00000E+00      4.15427E-07      1.89073E-06
 11   9     0.00000E+00      0.00000E+00      2.09834E-07      8.45306E-07
 11  10     0.00000E+00      0.00000E+00      7.22067E-08      2.60546E-07
 11  11     0.00000E+00      0.00000E+00      1.52448E-08      4.97423E-08
 12   0     0.00000E+00      0.00000E+00      0.00000E+00      0.00000E+00
 12   1     0.00000E+00      0.00000E+00      8.00740E-09      2.96113E-07
 12   2     0.00000E+00      0.00000E+00      2.42862E-08      4.48723E-07
 12   3     0.00000E+00      0.00000E+00     -4.54340E-08     -5.58955E-07
 12   4     0.00000E+00      0.00000E+00     -1.37553E-07     -1.26702E-06
 12   5     0.00000E+00      0.00000E+00     -6.60557E-08     -4.85685E-07
 12   6     0.00000E+00      0.00000E+00      1.46623E-07      8.95961E-07
 12   7     0.00000E+00      0.00000E+00      3.01092E-07      1.57197E-06
 12   8     0.00000E+00      0.00000E+00      2.94116E-07      1.33861E-06
 12   9     0.00000E+00      0.00000E+00      1.88574E-07      7.59661E-07
 12  10     0.00000E+00      0.00000E+00      8.51840E-08      3.07372E-07
 12  11     0.00000E+00      0.00000E+00      2.68828E-08      8.77162E-08
 12  12     0.00000E+00      0.00000E+00      5.29081E-09      1.57322E-08
 13   0     0.00000E+00      0.00000E+00      0.00000E+00      0.00000E+00
 13   1     0.00000E+00      0.00000E+00      1.75645E-09      6.49533E-08
 13   2     0.00000E+00      0.00000E+00      1.76818E-08      3.26696E-07
 13   3     0.00000E+00      0.00000E+00      2.04941E-10      2.52130E-09
 13   4     0.00000E+00      0.00000E+00     -6.49345E-08     -5.98121E-07
 13   5     0.00000E+00      0.00000E+00     -7.74472E-08     -5.69443E-07
 13   6     0.00000E+00      0.00000E+00      1.61121E-08      9.84554E-08
 13   7     0.00000E+00      0.00000E+00      1.34361E-07      7.01482E-07
 13   8     0.00000E+00      0.00000E+00      1.80145E-07      8.19894E-07
 13   9     0.00000E+00      0.00000E+00      1.45226E-07      5.85037E-07
 13  10     0.00000E+00      0.00000E+00      8.20433E-08      2.96039E-07
 13  11     0.00000E+00      0.00000E+00      3.37097E-08      1.09992E-07
 13  12     0.00000E+00      0.00000E+00      9.86410E-09      2.93309E-08
 13  13     0.00000E+00      0.00000E+00      1.82372E-09      4.97358E-09
 14   0     0.00000E+00      0.00000E+00      0.00000E+00      0.00000E+00
 14   1     0.00000E+00      0.00000E+00     -5.30146E-10     -1.96047E-08
 14   2     0.00000E+00      0.00000E+00      8.38018E-09      1.54836E-07
 14   3     0.00000E+00      0.00000E+00      1.13236E-08      1.39309E-07
 14   4     0.00000E+00      0.00000E+00     -2.04820E-08     -1.88663E-07
 14   5     0.00000E+00      0.00000E+00     -5.11173E-08     -3.75848E-07
 14   6     0.00000E+00      0.00000E+00     -2.55413E-08     -1.56074E-07
 14   7     0.00000E+00      0.00000E+00      4.29743E-08      2.24364E-07
 14   8     0.00000E+00      0.00000E+00      9.46200E-08      4.30643E-07
 14   9     0.00000E+00      0.00000E+00      9.77620E-08      3.93829E-07
 14  10     0.00000E+00      0.00000E+00      6.79152E-08      2.45060E-07
 14  11     0.00000E+00      0.00000E+00      3.45217E-08      1.12641E-07
 14  12     0.00000E+00      0.00000E+00      1.30668E-08      3.88541E-08
 14  13     0.00000E+00      0.00000E+00      3.57613E-09      9.75272E-09
 14  14     0.00000E+00      0.00000E+00      6.25006E-10      1.57169E-09
 15   0     0.00000E+00      0.00000E+00      0.00000E+00      0.00000E+00
 15   1     0.00000E+00      0.00000E+00     -8.56571E-10     -3.16759E-08
 15   2     0.00000E+00      0.00000E+00      2.44728E-09      4.52170E-08
 15   3     0.00000E+00      0.00000E+00      9.27714E-09      1.14133E-07
 15   4     0.00000E+00      0.00000E+00     -9.19064E-10     -8.46563E-09
 15   5     0.00000E+00      0.00000E+00     -2.45551E-08     -1.80546E-07
 15   6     0.00000E+00      0.00000E+00     -2.76883E-08     -1.69194E-07
 15   7     0.00000E+00      0.00000E+00      2.61829E-09      1.36698E-08
 15   8     0.00000E+00      0.00000E+00      4.07260E-08      1.85356E-07
 15   9     0.00000E+00      0.00000E+00      5.76552E-08      2.32261E-07
 15  10     0.00000E+00      0.00000E+00      4.94525E-08      1.78441E-07
 15  11     0.00000E+00      0.00000E+00      3.04446E-08      9.93378E-08
 15  12     0.00000E+00      0.00000E+00      1.41390E-08      4.20425E-08
 15  13     0.00000E+00      0.00000E+00      4.97922E-09      1.35792E-08
 15  14     0.00000E+00      0.00000E+00      1.28344E-09      3.22743E-09
 15  15     0.00000E+00      0.00000E+00      2.13137E-10      4.96448E-10
 16   0     0.00000E+00      0.00000E+00      0.00000E+00      0.00000E+00
 16   1     0.00000E+00      0.00000E+00     -5.61012E-10     -2.07461E-08
 16   2     0.00000E+00      0.00000E+00     -9.25294E-11     -1.70961E-09
 16   3     0.00000E+00      0.00000E+00      4.81941E-09      5.92912E-08
 16   4     0.00000E+00      0.00000E+00      4.41678E-09      4.06836E-08
 16   5     0.00000E+00      0.00000E+00     -8.04620E-09     -5.91610E-08
 16   6     0.00000E+00      0.00000E+00     -1.80773E-08     -1.10464E-07
 16   7     0.00000E+00      0.00000E+00     -9.63230E-09     -5.02892E-08
 16   8     0.00000E+00      0.00000E+00      1.21274E-08      5.51955E-08
 16   9     0.00000E+00      0.00000E+00      2.92865E-08      1.17979E-07
 16  10     0.00000E+00      0.00000E+00      3.19311E-08      1.15218E-07
 16  11     0.00000E+00      0.00000E+00      2.37141E-08      7.73771E-08
 16  12     0.00000E+00      0.00000E+00      1.31925E-08      3.92280E-08
 16  13     0.00000E+00      0.00000E+00      5.66356E-09      1.54455E-08
 16  14     0.00000E+00      0.00000E+00      1.87034E-09      4.70330E-09
 16  15     0.00000E+00      0.00000E+00      4.56650E-10      1.06365E-09
 16  16     0.00000E+00      0.00000E+00      7.23710E-11      1.56740E-10
 17   0     0.00000E+00      0.00000E+00      0.00000E+00      0.00000E+00
 17   1     0.00000E+00      0.00000E+00     -2.40941E-10     -8.90995E-09
 17   2     0.00000E+00      0.00000E+00     -6.91238E-10     -1.27716E-08
 17   3     0.00000E+00      0.00000E+00      1.64000E-09      2.01763E-08
 17   4     0.00000E+00      0.00000E+00      3.94905E-09      3.63753E-08
 17   5     0.00000E+00      0.00000E+00     -5.72312E-10     -4.20802E-09
 17   6     0.00000E+00      0.00000E+00     -8.72537E-09     -5.33177E-08
 17   7     0.00000E+00      0.00000E+00     -9.65228E-09     -5.03935E-08
 17   8     0.00000E+00      0.00000E+00     -9.02576E-11     -4.10789E-10
 17   9     0.00000E+00      0.00000E+00      1.21054E-08      4.87660E-08
 17  10     0.00000E+00      0.00000E+00      1.81954E-08      6.56549E-08
 17  11     0.00000E+00      0.00000E+00      1.65034E-08      5.38492E-08
 17  12     0.00000E+00      0.00000E+00      1.09027E-08      3.24191E-08
 17  13     0.00000E+00      0.00000E+00      5.56007E-09      1.51633E-08
 17  14     0.00000E+00      0.00000E+00      2.22671E-09      5.59945E-09
 17  15     0.00000E+00      0.00000E+00      6.94017E-10      1.61654E-09
 17  16     0.00000E+00      0.00000E+00      1.61270E-10      3.49277E-10
 17  17     0.00000E+00      0.00000E+00      2.44810E-11      4.94617E-11
 18   0     0.00000E+00      0.00000E+00      0.00000E+00      0.00000E+00
 18   1     0.00000E+00      0.00000E+00     -5.45089E-11     -2.01573E-09
 18   2     0.00000E+00      0.00000E+00     -5.43785E-10     -1.00472E-08
 18   3     0.00000E+00      0.00000E+00      1.30316E-10      1.60322E-09
 18   4     0.00000E+00      0.00000E+00      2.18657E-09      2.01408E-08
 18   5     0.00000E+00      0.00000E+00      1.59823E-09      1.17512E-08
 18   6     0.00000E+00      0.00000E+00     -2.90927E-09     -1.77775E-08
 18   7     0.00000E+00      0.00000E+00     -6.18901E-09     -3.23122E-08
 18   8     0.00000E+00      0.00000E+00     -3.54734E-09     -1.61450E-08
 18   9     0.00000E+00      0.00000E+00      3.28138E-09      1.32189E-08
 18  10     0.00000E+00      0.00000E+00      8.93671E-09      3.22466E-08
 18  11     0.00000E+00      0.00000E+00      1.02765E-08      3.35311E-08
 18  12     0.00000E+00      0.00000E+00      8.09038E-09      2.40568E-08
 18  13     0.00000E+00      0.00000E+00      4.84433E-09      1.32113E-08
 18  14     0.00000E+00      0.00000E+00      2.28962E-09      5.75765E-09
 18  15     0.00000E+00      0.00000E+00      8.61697E-10      2.00710E-09
 18  16     0.00000E+00      0.00000E+00      2.54825E-10      5.51898E-10
 18  17     0.00000E+00      0.00000E+00      5.65847E-11      1.14325E-10
 18  18     0.00000E+00      0.00000E+00      8.25350E-12      1.56000E-11
 19   0     0.00000E+00      0.00000E+00      0.00000E+00      0.00000E+00
 19   1     0.00000E+00      0.00000E+00      1.69069E-11      6.25215E-10
 19   2     0.00000E+00      0.00000E+00     -2.70752E-10     -5.00252E-09
 19   3     0.00000E+00      0.00000E+00     -3.13186E-10     -3.85300E-09
 19   4     0.00000E+00      0.00000E+00      8.18652E-10      7.54073E-09
 19   5     0.00000E+00      0.00000E+00      1.51693E-09      1.11534E-08
 19   6     0.00000E+00      0.00000E+00     -2.41129E-10     -1.47345E-09
 19   7     0.00000E+00      0.00000E+00     -2.97573E-09     -1.55359E-08
 19   8     0.00000E+00      0.00000E+00     -3.30154E-09     -1.50263E-08
 19   9     0.00000E+00      0.00000E+00     -3.45700E-10     -1.39263E-09
 19  10     0.00000E+00      0.00000E+00      3.52857E-09      1.27322E-08
 19  11     0.00000E+00      0.00000E+00      5.66956E-09      1.84993E-08
 19  12     0.00000E+00      0.00000E+00      5.41792E-09      1.61102E-08
 19  13     0.00000E+00      0.00000E+00      3.80292E-09      1.03712E-08
 19  14     0.00000E+00      0.00000E+00      2.09246E-09      5.26187E-09
 19  15     0.00000E+00      0.00000E+00      9.24515E-10      2.15342E-09
 19  16     0.00000E+00      0.00000E+00      3.28944E-10      7.12422E-10
 19  17     0.00000E+00      0.00000E+00      9.27103E-11      1.87313E-10
 19  18     0.00000E+00      0.00000E+00      1.97403E-11      3.73112E-11
 19  19     0.00000E+00      0.00000E+00      2.77426E-12      4.91731E-12
 20   0     0.00000E+00      0.00000E+00      0.00000E+00      0.00000E+00
 20   1     0.00000E+00      0.00000E+00      2.79339E-11      1.03299E-09
 20   2     0.00000E+00      0.00000E+00     -8.33114E-11     -1.53930E-09
 20   3     0.00000E+00      0.00000E+00     -2.94373E-10     -3.62155E-09
 20   4     0.00000E+00      0.00000E+00      1.20475E-10      1.10972E-09
 20   5     0.00000E+00      0.00000E+00      8.77605E-10      6.45273E-09
 20   6     0.00000E+00      0.00000E+00      5.59848E-10      3.42104E-09
 20   7     0.00000E+00      0.00000E+00     -9.94882E-10     -5.19417E-09
 20   8     0.00000E+00      0.00000E+00     -2.07024E-09     -9.42228E-09
 20   9     0.00000E+00      0.00000E+00     -1.27826E-09     -5.14942E-09
 20  10     0.00000E+00      0.00000E+00      8.42143E-10      3.03873E-09
 20  11     0.00000E+00      0.00000E+00      2.68989E-09      8.77686E-09
 20  12     0.00000E+00      0.00000E+00      3.26480E-09      9.70788E-09
 20  13     0.00000E+00      0.00000E+00      2.70963E-09      7.38962E-09
 20  14     0.00000E+00      0.00000E+00      1.72729E-09      4.34357E-09
 20  15     0.00000E+00      0.00000E+00      8.82557E-10      2.05569E-09
 20  16     0.00000E+00      0.00000E+00      3.67063E-10      7.94980E-10
 20  17     0.00000E+00      0.00000E+00      1.24090E-10      2.50713E-10
 20  18     0.00000E+00      0.00000E+00      3.34586E-11      6.32403E-11
 20  19     0.00000E+00      0.00000E+00      6.85164E-12      1.21443E-11
 20  20     0.00000E+00      0.00000E+00      9.30005E-13      1.54902E-12
 21   0     0.00000E+00      0.00000E+00      0.00000E+00      0.00000E+00
 21   1     0.00000E+00      0.00000E+00      1.86513E-11      6.89724E-10
 21   2     0.00000E+00      0.00000E+00      1.33744E-12      2.47111E-11
 21   3     0.00000E+00      0.00000E+00     -1.63906E-10     -2.01646E-09
 21   4     0.00000E+00      0.00000E+00     -1.12602E-10     -1.03719E-09
 21   5     0.00000E+00      0.00000E+00      3.50118E-10      2.57430E-09
 21   6     0.00000E+00      0.00000E+00      5.50178E-10      3.36195E-09
 21   7     0.00000E+00      0.00000E+00     -8.36645E-11     -4.36803E-10
 21   8     0.00000E+00      0.00000E+00     -9.85403E-10     -4.48486E-09
 21   9     0.00000E+00      0.00000E+00     -1.11200E-09     -4.47965E-09
 21  10     0.00000E+00      0.00000E+00     -2.13937E-10     -7.71955E-10
 21  11     0.00000E+00      0.00000E+00      1.00756E-09      3.28758E-09
 21  12     0.00000E+00      0.00000E+00      1.74574E-09      5.19096E-09
 21  13     0.00000E+00      0.00000E+00      1.75404E-09      4.78356E-09
 21  14     0.00000E+00      0.00000E+00      1.29932E-09      3.26738E-09
 21  15     0.00000E+00      0.00000E+00      7.62409E-10      1.77584E-09
 21  16     0.00000E+00      0.00000E+00      3.64748E-10      7.89966E-10
 21  17     0.00000E+00      0.00000E+00      1.43619E-10      2.90170E-10
 21  18     0.00000E+00      0.00000E+00      4.63263E-11      8.75617E-11
 21  19     0.00000E+00      0.00000E+00      1.19889E-11      2.12500E-11
 21  20     0.00000E+00      0.00000E+00      2.36731E-12      3.94299E-12
 21  21     0.00000E+00      0.00000E+00      3.11000E-13      4.87629E-13
 22   0     0.00000E+00      0.00000E+00      0.00000E+00      0.00000E+00
 22   1     0.00000E+00      0.00000E+00      8.13471E-12      3.00820E-10
 22   2     0.00000E+00      0.00000E+00      2.28861E-11      4.22854E-10
 22   3     0.00000E+00      0.00000E+00     -5.98110E-11     -7.35829E-10
 22   4     0.00000E+00      0.00000E+00     -1.26593E-10     -1.16606E-09
 22   5     0.00000E+00      0.00000E+00      6.68312E-11      4.91387E-10
 22   6     0.00000E+00      0.00000E+00      3.27644E-10      2.00212E-09
 22   7     0.00000E+00      0.00000E+00      1.93507E-10      1.01028E-09
 22   8     0.00000E+00      0.00000E+00     -3.26604E-10     -1.48647E-09
 22   9     0.00000E+00      0.00000E+00     -6.80216E-10     -2.74022E-09
 22  10     0.00000E+00      0.00000E+00     -4.51682E-10     -1.62982E-09
 22  11     0.00000E+00      0.00000E+00      2.00282E-10      6.53500E-10
 22  12     0.00000E+00      0.00000E+00      7.98686E-10      2.37489E-09
 22  13     0.00000E+00      0.00000E+00      1.02520E-09      2.79589E-09
 22  14     0.00000E+00      0.00000E+00      8.93691E-10      2.24734E-09
 22  15     0.00000E+00      0.00000E+00      6.01922E-10      1.40202E-09
 22  16     0.00000E+00      0.00000E+00      3.28454E-10      7.11361E-10
 22  17     0.00000E+00      0.00000E+00      1.48117E-10      2.99257E-10
 22  18     0.00000E+00      0.00000E+00      5.54769E-11      1.04857E-10
 22  19     0.00000E+00      0.00000E+00      1.71362E-11      3.03734E-11
 22  20     0.00000E+00      0.00000E+00      4.26850E-12      7.10959E-12
 22  21     0.00000E+00      0.00000E+00      8.14578E-13      1.27721E-12
 22  22     0.00000E+00      0.00000E+00      1.03767E-13      1.53394E-13
 23   0     0.00000E+00      0.00000E+00      0.00000E+00      0.00000E+00
 23   1     0.00000E+00      0.00000E+00      1.84877E-12      6.83672E-11
 23   2     0.00000E+00      0.00000E+00      1.86929E-11      3.45378E-10
 23   3     0.00000E+00      0.00000E+00     -6.88133E-12     -8.46582E-11
 23   4     0.00000E+00      0.00000E+00     -7.70620E-11     -7.09829E-10
 23   5     0.00000E+00      0.00000E+00     -3.58935E-11     -2.63913E-10
 23   6     0.00000E+00      0.00000E+00      1.36452E-10      8.33811E-10
 23   7     0.00000E+00      0.00000E+00      1.92696E-10      1.00605E-09
 23   8     0.00000E+00      0.00000E+00     -2.50286E-11     -1.13912E-10
 23   9     0.00000E+00      0.00000E+00     -3.19019E-10     -1.28515E-09
 23  10     0.00000E+00      0.00000E+00     -3.69634E-10     -1.33376E-09
 23  11     0.00000E+00      0.00000E+00     -1.01017E-10     -3.29610E-10
 23  12     0.00000E+00      0.00000E+00      2.81189E-10      8.36117E-10
 23  13     0.00000E+00      0.00000E+00      5.31476E-10      1.44943E-09
 23  14     0.00000E+00      0.00000E+00      5.60975E-10      1.41067E-09
 23  15     0.00000E+00      0.00000E+00      4.36475E-10      1.01666E-09
 23  16     0.00000E+00      0.00000E+00      2.70899E-10      5.86709E-10
 23  17     0.00000E+00      0.00000E+00      1.38581E-10      2.79990E-10
 23  18     0.00000E+00      0.00000E+00      5.92299E-11      1.11951E-10
 23  19     0.00000E+00      0.00000E+00      2.11881E-11      3.75553E-11
 23  20     0.00000E+00      0.00000E+00      6.28679E-12      1.04713E-11
 23  21     0.00000E+00      0.00000E+00      1.51104E-12      2.36921E-12
 23  22     0.00000E+00      0.00000E+00      2.79249E-13      4.12792E-13
 23  23     0.00000E+00      0.00000E+00      3.45505E-14      4.82145E-14
 24   0     0.00000E+00      0.00000E+00      0.00000E+00      0.00000E+00
 24   1     0.00000E+00      0.00000E+00     -6.10670E-13     -2.25825E-11
 24   2     0.00000E+00      0.00000E+00      9.54085E-12      1.76281E-10
 24   3     0.00000E+00      0.00000E+00      1.00657E-11      1.23834E-10
 24   4     0.00000E+00      0.00000E+00     -3.14797E-11     -2.89964E-10
 24   5     0.00000E+00      0.00000E+00     -4.84129E-11     -3.55964E-10
 24   6     0.00000E+00      0.00000E+00      3.00908E-11      1.83874E-10
 24   7     0.00000E+00      0.00000E+00      1.16759E-10      6.09587E-10
 24   8     0.00000E+00      0.00000E+00      6.65369E-11      3.02829E-10
 24   9     0.00000E+00      0.00000E+00     -1.03812E-10     -4.18203E-10
 24  10     0.00000E+00      0.00000E+00     -2.20255E-10     -7.94754E-10
 24  11     0.00000E+00      0.00000E+00     -1.56837E-10     -5.11744E-10
 24  12     0.00000E+00      0.00000E+00      4.17405E-11      1.24115E-10
 24  13     0.00000E+00      0.00000E+00      2.33860E-10      6.37777E-10
 24  14     0.00000E+00      0.00000E+00      3.18482E-10      8.00878E-10
 24  15     0.00000E+00      0.00000E+00      2.90902E-10      6.77581E-10
 24  16     0.00000E+00      0.00000E+00      2.05887E-10      4.45907E-10
 24  17     0.00000E+00      0.00000E+00      1.18954E-10      2.40336E-10
 24  18     0.00000E+00      0.00000E+00      5.74186E-11      1.08527E-10
 24  19     0.00000E+00      0.00000E+00      2.33665E-11      4.14165E-11
 24  20     0.00000E+00      0.00000E+00      8.01103E-12      1.33431E-11
 24  21     0.00000E+00      0.00000E+00      2.28949E-12      3.58977E-12
 24  22     0.00000E+00      0.00000E+00      5.32132E-13      7.86608E-13
 24  23     0.00000E+00      0.00000E+00      9.54053E-14      1.33130E-13
 24  24     0.00000E+00      0.00000E+00      1.14810E-14      1.51413E-14
 25   0     0.00000E+00      0.00000E+00      0.00000E+00      0.00000E+00
 25   1     0.00000E+00      0.00000E+00     -9.99452E-13     -3.69596E-11
 25   2     0.00000E+00      0.00000E+00      3.00856E-12      5.55874E-11
 25   3     0.00000E+00      0.00000E+00      1.02819E-11      1.26494E-10
 25   4     0.00000E+00      0.00000E+00     -6.06739E-12     -5.58876E-11
 25   5     0.00000E+00      0.00000E+00     -3.16905E-11     -2.33009E-10
 25   6     0.00000E+00      0.00000E+00     -1.06947E-11     -6.53515E-11
 25   7     0.00000E+00      0.00000E+00      5.00383E-11      2.61245E-10
 25   8     0.00000E+00      0.00000E+00      6.59708E-11      3.00252E-10
 25   9     0.00000E+00      0.00000E+00     -6.35150E-12     -2.55867E-11
 25  10     0.00000E+00      0.00000E+00     -1.01399E-10     -3.65880E-10
 25  11     0.00000E+00      0.00000E+00     -1.21444E-10     -3.96262E-10
 25  12     0.00000E+00      0.00000E+00     -4.23009E-11     -1.25782E-10
 25  13     0.00000E+00      0.00000E+00      7.63877E-11      2.08322E-10
 25  14     0.00000E+00      0.00000E+00      1.60019E-10      4.02396E-10
 25  15     0.00000E+00      0.00000E+00      1.77452E-10      4.13329E-10
 25  16     0.00000E+00      0.00000E+00      1.44535E-10      3.13033E-10
 25  17     0.00000E+00      0.00000E+00      9.43215E-11      1.90569E-10
 25  18     0.00000E+00      0.00000E+00      5.11341E-11      9.66490E-11
 25  19     0.00000E+00      0.00000E+00      2.34145E-11      4.15015E-11
 25  20     0.00000E+00      0.00000E+00      9.10795E-12      1.51702E-11
 25  21     0.00000E+00      0.00000E+00      3.00163E-12      4.70635E-12
 25  22     0.00000E+00      0.00000E+00      8.28234E-13      1.22431E-12
 25  23     0.00000E+00      0.00000E+00      1.86513E-13      2.60261E-13
 25  24     0.00000E+00      0.00000E+00      3.24934E-14      4.28471E-14
 25  25     0.00000E+00      0.00000E+00      3.80680E-15      4.75211E-15
