  3.413997750833729E-008
 -2.458947526072862E-007
  1.211176898890253E-007
  1.984246090809238E-007
 -4.713039956255302E-007
 -7.287139196256510E-008
 -1.747895856931428E-007
  8.911000370386508E-008
  5.447611850251920E-007
 -1.019112193647451E-007
 -6.943785971383190E-008
 -3.865381570258783E-007
 -8.072034164269586E-008
  4.979050671590218E-008
  2.622327264004767E-009
  2.753603889582341E-007
  2.158866240541692E-007
 -1.413637432257600E-008
 -1.350570736552597E-007
  7.734283077386754E-009
 -2.884862779832259E-009
 -6.594481454460877E-008
  1.599531881464819E-007
 -6.788594983122301E-008
  2.736119261487966E-007
 -1.193757066697590E-008
 -7.666481495025489E-008
 -2.351097691120158E-007
  5.346100335866871E-008
  5.343563669747719E-008
  1.059398035853379E-007
  2.484076787159858E-007
 -1.577223625800487E-008
  1.521835550847282E-007
 -9.172097304024433E-008
  3.853277849784796E-007
  2.118476608763384E-007
 -7.541597157280257E-008
 -3.675675536168763E-007
 -8.451397040696007E-008
 -2.032665629906970E-007
  8.521579658397901E-008
  1.931815857301836E-007
  1.457714958092096E-007
  2.568426613615598E-007
  2.187371380089743E-008
  1.212385073899693E-007
 -6.134770110387856E-008
  2.032439539539747E-007
  4.907083029881144E-007
  5.611859180439574E-009
 -1.289092554597544E-007
 -1.107447327867147E-007
 -3.664711683300121E-007
 -7.532943184112783E-008
 -5.279435418253450E-008
  1.044808087103345E-007
  1.984934815677799E-007
  1.461273217797597E-007
  1.867292171448462E-007
  3.863365159600780E-008
  8.407195268544468E-008
 -2.544024998755898E-008
 -8.184378377097706E-008
  4.370928417820677E-007
  5.111690110443619E-008
  1.906934113554532E-007
 -1.750021150957340E-008
 -2.472680791579537E-007
 -1.298265079596083E-007
 -2.210183046862005E-007
 -4.435385723040858E-008
  2.920323563241932E-008
  1.119280039151887E-007
  1.452975528551268E-007
  1.234828927527209E-007
  1.160236412767120E-007
  4.093107498271247E-008
  5.110382016965469E-008
 -4.119415372568942E-009
 -2.179142783742024E-007
  1.580614983742218E-007
  3.498692731327723E-008
  3.023044179280583E-007
  6.114680850892421E-008
 -1.528055082298463E-008
 -5.757785098089316E-008
 -2.022061003410995E-007
 -1.174416006397353E-007
 -9.812674160069529E-008
 -6.218622488610353E-009
  4.549559626209181E-008
  1.024992082440204E-007
  8.855205197003417E-008
  9.298454608414342E-008
  6.458664306391946E-008
  3.485231032887399E-008
  2.770261401026691E-008
  4.173184817292501E-009
 -1.715789967788765E-007
 -8.017790029690151E-008
 -1.094707033528001E-009
  2.032307307058067E-007
  6.530180648961379E-008
  1.299099992679392E-007
  3.102032349923838E-008
 -7.975411256356934E-008
 -8.056548918222059E-008
 -1.192932368477005E-007
 -8.175443148179964E-008
 -3.323786522237711E-008
  2.014671960043632E-008
  3.391010273284987E-008
  8.192165614002458E-008
  4.702451317890032E-008
  6.416843970094461E-008
  3.256038653833137E-008
  2.570562293042139E-008
  1.354338537600307E-008
  5.521956518602072E-009
 -5.517221134203501E-008
 -1.531428015145060E-007
 -2.033906143867595E-008
  4.602250297842588E-008
  2.523622427700823E-008
  1.372774212170112E-007
  6.249557593330593E-008
  2.679212738891548E-008
 -6.553956824286722E-009
 -6.932265121708528E-008
 -7.613066271262684E-008
 -5.737589971730889E-008
 -4.388346839881077E-008
 -8.714595218748845E-009
  3.013394323850552E-008
  1.815651743191498E-008
  5.871730947518694E-008
  2.176286287495053E-008
  4.119062145035740E-008
  1.476757295193234E-008
  1.700452759633187E-008
  5.974130997105646E-009
  4.342300245777474E-009
  2.770912159447007E-008
 -1.030964275134740E-007
 -1.761457240048413E-008
 -5.052544925280611E-008
 -1.050872133978506E-008
  6.967561951753250E-008
  4.185988356170557E-008
  6.472539370253192E-008
  3.778165977065137E-008
 -1.044608511030274E-008
 -2.831307538323861E-008
 -4.123067589152083E-008
 -5.587906764450672E-008
 -2.418723730571390E-008
 -1.661154832467417E-008
 -2.857193463301127E-009
  2.862413885754699E-008
  6.786561447352808E-009
  3.852533060420712E-008
  8.363725258878304E-009
  2.479857731538057E-008
  5.855414905010728E-009
  1.029666516069687E-008
  2.339654046356179E-009
  2.783121739145401E-009
  4.814880856076464E-008
 -2.545596328830475E-008
 -5.975107804434027E-009
 -6.520573762987435E-008
 -2.135863891533177E-008
  3.800219066051567E-009
  7.965414675288405E-009
  4.904450603986131E-008
  3.885149913022636E-008
  2.141153512159346E-008
  1.227668283730805E-008
 -1.430761979093826E-008
 -3.202764249703391E-008
 -1.955260126386688E-008
 -3.375804237788469E-008
 -1.006843454245727E-008
 -1.835777581774036E-009
 -2.865716836085878E-009
  2.206730535904025E-008
  6.744617034556688E-010
  2.345245440806502E-008
  2.164082907861288E-009
  1.406787452910167E-008
  1.857605532383436E-009
  5.780646596536935E-009
  7.709012111889705E-010
  1.576055439408947E-009
  3.019083952031456E-008
  2.047894040668272E-008
  2.629840753989308E-009
 -3.618524240613202E-008
 -1.405381053235830E-008
 -2.562717858836829E-008
 -1.188762542761434E-008
  1.750845656082548E-008
  1.812783729864418E-008
  2.448009298570781E-008
  2.536774073262501E-008
  3.892230289189450E-009
 -3.319052256588047E-009
 -8.526678081439443E-009
 -2.556058592278227E-008
 -7.931351748002660E-009
 -1.706725157373743E-008
 -5.140278259590361E-009
  3.907420019507370E-009
 -3.515940641337121E-009
  1.486605296467738E-008
 -1.758708864124530E-009
  1.335205016838678E-008
 -2.248144384783413E-010
  7.536559323563525E-009
  2.999146763751102E-010
  3.032214471412715E-009
  1.739749672424881E-010
  8.146584167398435E-010
  6.446086007878241E-009
  2.762808108729432E-008
  4.789809958683285E-009
 -5.010057191744756E-009
 -3.026498612020261E-009
 -2.385889011279591E-008
 -1.388621811643068E-008
 -4.202345647374829E-009
 -8.028288151385013E-010
  1.358577955852320E-008
  1.796652833236999E-008
  9.328766209754503E-009
  1.188262453421749E-008
 -2.823260510470390E-010
 -8.905157430774785E-009
 -3.232285113213556E-009
 -1.660511047716118E-008
 -3.125468649758061E-009
 -7.045163130201146E-009
 -3.581032820915587E-009
  4.790601096366244E-009
 -3.496713113736586E-009
  9.035248083194563E-009
 -2.218404997743919E-009
  7.134879767929028E-009
 -8.542012945202914E-010
  3.812924673848937E-009
 -1.776528013893339E-010
  1.491541659756026E-009
 -1.336197039923120E-011
  3.900349425029747E-010
 -6.333128951382725E-009
  1.526415291521359E-008
  2.975187267008923E-009
  9.847649470797448E-009
  3.203483049624528E-009
 -1.044619261050035E-008
 -7.068895558428729E-009
 -1.048382564504327E-008
 -8.342863570565205E-009
  2.520053582562531E-009
  5.363037420512858E-009
  6.887694059220577E-009
  1.259768193400348E-008
  2.853891986139072E-009
  3.111528133304910E-009
 -1.304418978008986E-011
 -8.567582012820320E-009
 -5.464306483439804E-010
 -9.223074688486518E-009
 -1.587088339834790E-009
 -2.093391719485617E-009
 -2.879301799270308E-009
  3.772085674489228E-009
 -2.915011591666663E-009
  5.026027292887844E-009
 -1.864755205897413E-009
  3.576748930829199E-009
 -8.062262483074981E-010
  1.816651659820202E-009
 -2.428497758716714E-010
  6.877312345507794E-010
 -4.976336727295340E-011
  1.738054525690940E-010
 -7.706620800153009E-009
  2.174148674067075E-009
  5.847744381863431E-010
  1.014243510181951E-008
  3.907563585190184E-009
  2.618683249676846E-010
 -4.442143117301415E-010
 -7.373242138851544E-009
 -6.910362505500731E-009
 -2.942605992348609E-009
 -2.659438512722353E-009
  2.589433919104759E-009
  6.492654805089902E-009
  2.557762278397454E-009
  6.820144464855302E-009
  1.000594017205141E-009
 -9.212030340180642E-010
  7.481566486450006E-010
 -6.097690899113248E-009
  2.600475873993253E-010
 -4.454510249747933E-009
 -1.190800901805309E-009
 -1.395509971666522E-010
 -2.271076051076904E-009
  2.416354102938897E-009
 -2.138978603434678E-009
  2.567710332563510E-009
 -1.316850683698489E-009
  1.672835371577473E-009
 -5.784865503208325E-010
  8.093163276561459E-010
 -1.866685509524180E-010
  2.955432514039013E-010
 -4.145823426545350E-011
  7.184739347737099E-011
 -3.967602117480732E-009
 -3.912632064552039E-009
 -6.698150156814790E-010
  4.714450241255318E-009
  2.011108931543903E-009
  4.118555576215996E-009
  2.392931596843022E-009
 -2.319259365337988E-009
 -2.615493537626308E-009
 -3.444220023606081E-009
 -4.463253870101282E-009
 -2.559264146248422E-010
  6.872316899529373E-010
  1.188685876748276E-009
  4.997555249200836E-009
  7.412767443552594E-010
  2.789854588442216E-009
  7.723942590794573E-010
 -1.965331965352104E-009
  9.938014382815755E-010
 -3.617679818041641E-009
  2.376141705565869E-010
 -1.866620246569320E-009
 -1.028500876338591E-009
  3.729864755212079E-010
 -1.664726028389604E-009
  1.332227333928791E-009
 -1.425375636019272E-009
  1.195879844813908E-009
 -8.349151715950260E-010
  7.199174185498345E-010
 -3.617038329580483E-010
  3.320223670682607E-010
 -1.176273597957017E-010
  1.166349653483970E-010
 -2.621439724606373E-011
  2.715822960819778E-011
 -4.004460888179296E-010
 -3.994130082089399E-009
 -7.726595058787479E-010
  1.381951999525080E-010
  1.725363470649320E-010
  3.306916672131616E-009
  2.165158986136781E-009
  7.636327610987687E-010
  4.538356457062723E-010
 -1.835685416268535E-009
 -2.801440591427216E-009
 -1.131770259880938E-009
 -1.955623867714284E-009
  1.390721635710985E-010
  1.774701823248727E-009
  2.271979358706216E-010
  2.977049054715793E-009
  2.872776963371460E-010
  6.746550204103177E-010
  7.997652867532105E-010
 -1.686650791120478E-009
  8.255514355267552E-010
 -1.864053499831943E-009
  2.703291621039389E-011
 -6.661436664907154E-010
 -8.443107857859574E-010
  3.436375283471500E-010
 -1.127352016068334E-009
  6.347694349003074E-010
 -8.792394796132950E-010
  4.950350946752878E-010
 -4.890061963953938E-010
  2.761536433770663E-010
 -2.063795878670142E-010
  1.212329362193062E-010
 -6.614395462713702E-011
  4.081857135065230E-011
 -1.445774346266099E-011
  9.041904614953284E-012
  1.115186705292453E-009
 -1.818681707138273E-009
 -3.800986766640141E-010
 -1.596857512308623E-009
 -6.111473348908352E-010
  1.217908603534716E-009
  8.901556711030764E-010
  1.467445505731652E-009
  1.367041418412950E-009
 -2.992417910368316E-010
 -6.792027647233358E-010
 -8.564051360876749E-010
 -1.956123329156321E-009
 -2.696633426350494E-010
 -3.748599596388969E-010
 -6.426790536853707E-011
  1.606039942613659E-009
 -1.013622555842055E-010
  1.430017651773313E-009
  2.872363697312510E-010
 -1.418587149482948E-010
  7.124398207941826E-010
 -1.085308473684379E-009
  5.255886261138693E-010
 -8.479884098623406E-010
 -1.228370094424185E-010
 -1.975855277487655E-010
 -6.298330014334165E-010
  1.917352573576396E-010
 -7.095709930069315E-010
  2.494343865687894E-010
 -5.079507040861044E-010
  1.693138406168869E-010
 -2.683997652476410E-010
  8.661243590558389E-011
 -1.096885666356626E-010
  3.589718322542451E-011
 -3.428197247982042E-011
  1.147684153627034E-011
 -7.278470239200634E-012
  2.370605376803392E-012
  1.040928019800857E-009
 -3.354006051122622E-011
 -2.384893098024258E-011
 -1.340588831919634E-009
 -5.608901874260663E-010
 -1.924112303890893E-010
 -7.040238449534875E-011
  9.300411860838076E-010
  9.636625000958710E-010
  4.005929093870315E-010
  4.759476951016263E-010
 -3.187677297992548E-010
 -9.340312174909081E-010
 -2.587426272027612E-010
 -1.001703992478573E-009
 -1.104062715383940E-010
  2.876372596911840E-010
 -2.119041983558768E-010
  1.050069110387088E-009
 -9.176967473465205E-011
  5.381820132049838E-010
  3.247247984584142E-010
 -3.057763491157858E-010
  5.287457493453158E-010
 -5.814380440015765E-010
  2.668675264936491E-010
 -3.440692756501245E-010
 -1.735874397962475E-010
 -5.363519932263914E-011
 -4.280471043510671E-010
  6.701842158499476E-011
 -4.179391611553291E-010
  6.510801583623199E-011
 -2.767332703215256E-010
  3.502078494186395E-011
 -1.390729976408225E-010
  1.485095310849574E-011
 -5.484239471321337E-011
  5.425195228744864E-012
 -1.661483384149860E-011
  1.530409316755907E-012
 -3.408282042596753E-012
  2.424276095047785E-013
  4.375121567681657E-010
  6.182064684504270E-010
  1.187184076346850E-010
 -5.115252940812633E-010
 -2.314797917886961E-010
 -5.864133885806390E-010
 -3.815975002892295E-010
  2.391135772303152E-010
  2.917642374709222E-010
  4.322435972877297E-010
  6.452891764066416E-010
  3.020700190691899E-011
 -6.504291184022208E-011
 -1.192832741473657E-010
 -7.214263509587694E-010
 -5.140344490986231E-011
 -3.520342170059001E-010
 -1.394756275238335E-010
  4.009847323066139E-010
 -2.104847507840942E-010
  5.534011281588493E-010
  1.461153034971279E-012
  1.333276236016794E-010
  2.977353461560304E-010
 -2.354512367334263E-010
  3.357852265161484E-010
 -2.673280362154500E-010
  1.016229900501017E-010
 -1.282441675153261E-010
 -1.591159143951954E-010
 -2.629689017560141E-011
 -2.676878499750936E-010
 -2.360865277027436E-012
 -2.314710340365298E-010
 -8.202410576754177E-012
 -1.426467538966636E-010
 -1.058924218375487E-011
 -6.822914305644312E-011
 -7.033786665019081E-012
 -2.589341930319320E-011
 -3.161522921643431E-012
 -7.572016134770644E-012
 -1.070677022674948E-012
 -1.494962604736790E-012
 -2.607588119372958E-013
 -1.734372152755077E-011
  5.047079071805762E-010
  1.036912759729671E-010
  6.171767761630821E-011
  1.526421909853865E-011
 -4.036094269759989E-010
 -2.833302187636401E-010
 -1.314975080959330E-010
 -1.098329578465644E-010
  2.126486610708574E-010
  3.595736838737417E-010
  1.319188040433142E-010
  2.858441763598979E-010
 -1.290492420868339E-011
 -2.456573061519433E-010
  3.209101429250741E-012
 -4.111192227384669E-010
 -3.201309642837427E-011
 -3.635189542695338E-011
 -1.547897190078239E-010
  2.997379343879745E-010
 -1.361553611115722E-010
  2.404930829691766E-010
  6.595979237881956E-011
 -2.997878420825339E-012
  2.262461668461613E-010
 -1.301571988117167E-010
  1.856206011467755E-010
 -1.060493851767091E-010
  1.805440815040776E-011
 -4.926309835035880E-011
 -1.188407820463388E-010
 -2.774680588156504E-011
 -1.552633887662470E-010
 -2.933650519053949E-011
 -1.207893131459592E-010
 -2.834103916197183E-011
 -6.957493372836927E-011
 -1.982937548994419E-011
 -3.166675935589683E-011
 -1.031021647134149E-011
 -1.153383707389310E-011
 -4.127754497959891E-012
 -3.242735079577903E-012
 -1.271697475110392E-012
 -6.136423032538165E-013
 -2.712686732421583E-013
 -1.662520177221351E-010
  1.852445140347968E-010
  4.056704039743574E-011
  2.272448185421483E-010
  9.446248078231633E-011
 -1.187314496117432E-010
 -9.208606159308150E-011
 -1.884232042740030E-010
 -1.931190804288182E-010
  2.341566396743754E-011
  6.327495856767773E-011
  9.624784021388632E-011
  2.601867712863861E-010
  2.651376550546815E-011
  5.414266252444258E-011
  2.062864840955696E-011
 -2.236603922650898E-010
  2.946096476054654E-011
 -1.784492877812173E-010
 -5.451898911993766E-011
  6.336389579121295E-011
 -1.278030697302317E-010
  1.701562481246247E-010
 -5.997625678698406E-011
  8.465418126016061E-011
  8.375785334482151E-011
 -2.539779957926594E-011
  1.481939567484199E-010
 -5.529152419896666E-011
  8.934375657131676E-011
 -3.651818115689693E-011
 -1.367583259793200E-011
 -2.491818530832284E-011
 -7.747457238277565E-011
 -2.937215276845325E-011
 -8.384916054540384E-011
 -3.287408316093547E-011
 -5.930895448378557E-011
 -2.717595994468559E-011
 -3.199100719425508E-011
 -1.683096690599175E-011
 -1.383122676676136E-011
 -8.092082103258325E-012
 -4.815988151288822E-012
 -3.071064380838896E-012
 -1.295023635469880E-012
 -9.009094157512059E-013
 -2.334405070945261E-013
 -1.810395308411532E-013
 -1.253639491735013E-010
 -2.807680923995071E-011
 -4.246129191718291E-012
  1.587906024975240E-010
  6.987110299262809E-011
  4.478195710616131E-011
  2.616838188058096E-011
 -1.054197215412980E-010
 -1.168328276617155E-010
 -5.361364177591630E-011
 -7.590990831703272E-011
  3.329266591530469E-011
  1.123038083697389E-010
  2.413805959942918E-011
  1.327598227686875E-010
  1.363270650255049E-011
 -4.182837272805559E-011
  3.827456709628833E-011
 -1.405640453993946E-010
  1.258255574891116E-011
 -5.288250517769245E-011
 -6.319485171957174E-011
  6.521863986818104E-011
 -8.317699910310673E-011
  7.855075508021291E-011
 -1.082997166820396E-011
  2.301209879813694E-011
  7.209045393072153E-011
 -1.465740330653226E-011
  8.571708508203197E-011
 -1.629737421436432E-011
  3.655534921075678E-011
 -1.193735197731106E-011
 -1.942722833555437E-011
 -1.797570992210033E-011
 -4.532554438586653E-011
 -2.626629044022906E-011
 -4.211634189264069E-011
 -2.681217589906409E-011
 -2.723379876282927E-011
 -1.995512347790781E-011
 -1.373748747480345E-011
 -1.142512756097889E-011
 -5.615490618850295E-012
 -5.191909653097241E-012
 -1.856271316593852E-012
 -1.885547788256342E-012
 -4.730897071210486E-013
 -5.305486386672288E-013
 -8.025811089895952E-014
 -1.017453646014330E-013
